x,y,number,ground_area,floor_area,residential_ground_area,residential_floor_area,economic_activity_ground_area,economic_activity_floor_area,cultural_ground_area,cultural_floor_area
0,1,0.51,16,16,1,1,15,15,0,0
0,2,2.27,205,205,205,205,0,0,0,0
0,3,0.7,16,16,0,0,16,16,0,0
0,4,1.3,47,47,40,40,7,7,0,0
0,6,2,109,109,109,109,0,0,0,0
0,8,0.81,28,28,0,0,28,28,0,0
0,9,2,66,66,54,54,13,13,0,0
0,10,2,50,50,0,0,50,50,0,0
0,11,0.04,3,3,3,3,0,0,0,0
0,12,0.96,66,66,66,66,0,0,0,0
0,13,2,36,36,0,0,36,36,0,0
0,14,1,33,33,0,0,33,33,0,0
0,15,1.07,88,88,88,88,0,0,0,0
0,16,1,8,8,0,0,8,8,0,0
0,17,2,51,51,37,37,13,13,0,0
0,20,2.03,51,51,42,42,9,9,0,0
0,21,2.97,402,402,251,251,50,50,0,0
0,22,1.13,86,86,86,86,0,0,0,0
0,25,1,240,240,240,240,0,0,0,0
0,26,1,36,36,36,36,0,0,0,0
0,27,1,107,107,107,107,0,0,0,0
0,29,1,50,50,50,50,0,0,0,0
0,32,2.15,574,574,574,574,0,0,0,0
0,34,0.1,92,92,92,92,0,0,0,0
0,35,2.26,255,255,228,228,27,27,0,0
0,37,2.59,443,443,443,443,0,0,0,0
0,40,0.3,67,67,67,67,0,0,0,0
0,42,3.98,570,570,494,494,25,25,0,0
0,43,1,49,49,49,49,0,0,0,0
0,44,1.4,266,266,266,266,0,0,0,0
0,45,2.91,390,390,390,390,0,0,0,0
0,47,1.2,308,308,308,308,0,0,0,0
0,49,3,284,284,274,274,9,9,0,0
0,50,2,165,165,142,142,23,23,0,0
0,51,2.13,270,270,270,270,0,0,0,0
0,52,4.01,659,659,638,638,21,21,0,0
0,53,2,1476,1476,0,0,1476,1476,0,0
0,56,1,21,21,0,0,21,21,0,0
0,57,0.69,143,143,143,143,0,0,0,0
0,59,0.08,12,12,12,12,0,0,0,0
0,65,0.39,71,71,71,71,0,0,0,0
0,70,1.41,119,119,95,95,25,25,0,0
0,71,4.22,540,540,540,540,0,0,0,0
0,72,0.76,249,249,249,249,0,0,0,0
0,73,1,72,72,72,72,0,0,0,0
0,74,1,16,16,0,0,16,16,0,0
0,76,0.46,47,47,47,47,0,0,0,0
0,77,3.93,1439,1439,610,610,298,298,0,0
0,78,1.01,22,22,3,3,13,13,0,0
0,79,1.18,813,813,0,0,813,813,0,0
0,80,1.11,913,913,0,0,913,913,0,0
0,81,3.18,2224,2224,2117,2117,36,36,0,0
0,82,1.22,781,781,781,781,0,0,0,0
0,83,1.25,298,298,298,298,0,0,0,0
0,84,1.13,60,60,44,44,16,16,0,0
0,86,1,217,217,217,217,0,0,0,0
0,89,3,117,117,88,88,28,28,0,0
0,90,1,45,45,45,45,0,0,0,0
0,91,2,145,145,130,130,15,15,0,0
0,92,1.75,359,359,211,211,49,49,0,0
0,93,3.25,324,324,324,324,0,0,0,0
0,94,2,143,143,120,120,23,23,0,0
0,95,1,24,24,0,0,24,24,0,0
0,97,1.92,930,930,930,930,0,0,0,0
0,100,0.87,93,93,93,93,0,0,0,0
0,101,0.13,14,14,14,14,0,0,0,0
0,102,1,5,5,0,0,5,5,0,0
0,105,2.3,174,174,156,156,18,18,0,0
0,106,6.7,460,460,368,368,92,92,0,0
0,107,2,132,132,118,118,15,15,0,0
0,118,0.83,61,61,61,61,0,0,0,0
0,119,0.17,12,12,12,12,0,0,0,0
0,122,0.01,0,0,0,0,0,0,0,0
0,123,1.99,67,67,57,57,10,10,0,0
1,0,1,25,25,0,0,25,25,0,0
1,1,2.5,67,67,0,0,67,67,0,0
1,2,0.73,46,46,46,46,0,0,0,0
1,4,3,137,137,119,119,18,18,0,0
1,8,1.22,85,85,78,78,7,7,0,0
1,9,1.78,85,85,59,59,25,25,0,0
1,10,2,303,303,303,303,0,0,0,0
1,18,1.57,92,92,92,92,0,0,0,0
1,20,1,85,85,85,85,0,0,0,0
1,21,1,291,291,291,291,0,0,0,0
1,22,3.69,377,377,291,291,87,87,0,0
1,23,3.1,136,136,81,81,54,54,0,0
1,24,4.94,427,427,383,383,43,43,0,0
1,28,0.03,2,2,2,2,0,0,0,0
1,31,2,242,242,242,242,0,0,0,0
1,32,4.13,880,880,880,880,0,0,0,0
1,33,3,481,481,481,481,0,0,0,0
1,34,0.01,1,1,1,1,0,0,0,0
1,37,2.37,384,384,384,384,0,0,0,0
1,38,3.03,226,226,209,209,17,17,0,0
1,40,3.36,537,537,522,522,15,15,0,0
1,41,2.31,197,197,197,197,0,0,0,0
1,42,0.17,21,21,19,19,0,0,0,0
1,44,1.6,131,131,112,112,19,19,0,0
1,45,2,238,238,201,201,12,12,0,0
1,46,3,333,333,301,301,32,32,0,0
1,48,1,83,83,83,83,0,0,0,0
1,49,0.73,87,87,87,87,0,0,0,0
1,50,2.74,298,298,291,291,7,7,0,0
1,51,0.8,159,159,159,159,0,0,0,0
1,52,1.07,144,144,144,144,0,0,0,0
1,53,1,227,227,227,227,0,0,0,0
1,56,1,25,25,0,0,25,25,0,0
1,57,1.91,185,185,185,185,0,0,0,0
1,58,0.4,35,35,35,35,0,0,0,0
1,60,0.34,53,53,53,53,0,0,0,0
1,64,0.91,57,57,57,57,0,0,0,0
1,65,2.61,248,248,240,240,8,8,0,0
1,66,1.89,144,144,132,132,12,12,0,0
1,67,1.58,153,153,153,153,0,0,0,0
1,68,2.47,474,474,474,474,0,0,0,0
1,69,3.89,686,686,686,686,0,0,0,0
1,70,0.63,73,73,73,73,0,0,0,0
1,72,1,7,7,0,0,7,7,0,0
1,73,2,61,61,0,0,61,61,0,0
1,74,2,558,558,262,262,98,98,0,0
1,77,0.19,371,371,321,321,17,17,0,0
1,78,4.74,1637,1637,1637,1637,0,0,0,0
1,79,5.98,2179,2179,1508,1508,670,670,0,0
1,80,1.78,2745,2745,260,260,2485,2485,0,0
1,81,1.46,938,938,938,938,0,0,0,0
1,82,1.56,3255,3255,3255,3255,0,0,0,0
1,83,0.84,2153,2153,2153,2153,0,0,0,0
1,84,1.19,705,705,282,282,423,423,0,0
1,85,2.96,3328,3328,0,0,3328,3328,0,0
1,86,1.03,107,107,0,0,107,107,0,0
1,88,3,779,779,751,751,28,28,0,0
1,93,2.18,572,572,157,157,138,138,0,0
1,97,1.08,80,80,68,68,13,13,0,0
1,98,1.52,184,184,184,184,0,0,0,0
1,99,0.48,36,36,36,36,0,0,0,0
1,100,6,444,444,419,419,25,25,0,0
1,103,3,385,385,354,354,31,31,0,0
1,104,3,167,167,151,151,16,16,0,0
1,105,1,240,240,240,240,0,0,0,0
1,107,1,48,48,48,48,0,0,0,0
1,109,1,54,54,54,54,0,0,0,0
1,115,2,48,48,39,39,9,9,0,0
1,120,1,17,17,0,0,17,17,0,0
1,122,1,12,12,0,0,12,12,0,0
2,0,1.32,127,127,123,123,4,4,0,0
2,1,2.83,122,122,74,74,49,49,0,0
2,4,2.97,335,335,311,311,24,24,0,0
2,5,0.03,5,5,5,5,0,0,0,0
2,8,1,23,23,0,0,23,23,0,0
2,10,0.16,14,14,4,4,4,4,0,0
2,11,0.24,21,21,5,5,5,5,0,0
2,13,1,151,151,151,151,0,0,0,0
2,18,3.29,358,358,358,358,0,0,0,0
2,19,2.01,390,390,390,390,0,0,0,0
2,21,3,184,184,87,87,97,97,0,0
2,22,0.21,23,23,0,0,23,23,0,0
2,24,2.06,247,247,247,247,0,0,0,0
2,25,1,82,82,82,82,0,0,0,0
2,28,0.97,68,68,68,68,0,0,0,0
2,30,5,238,238,193,193,45,45,0,0
2,31,7,563,563,563,563,0,0,0,0
2,32,0.87,167,167,167,167,0,0,0,0
2,33,1.98,162,162,162,162,0,0,0,0
2,34,5.31,583,583,546,546,13,13,0,0
2,35,4.74,592,592,488,488,35,35,0,0
2,36,2.97,432,432,290,290,47,47,0,0
2,37,4,404,404,404,404,0,0,0,0
2,38,3.96,383,383,361,361,21,21,0,0
2,39,2.03,232,232,232,232,0,0,0,0
2,40,4.37,896,896,803,803,31,31,0,0
2,41,2.99,189,189,165,165,25,25,0,0
2,42,1.53,279,279,279,279,0,0,0,0
2,43,2.54,523,523,340,340,64,64,0,0
2,44,0.75,35,35,34,34,1,1,0,0
2,47,1,159,159,159,159,0,0,0,0
2,50,3.55,556,556,539,539,17,17,0,0
2,51,2.84,1975,1975,353,353,1622,1622,0,0
2,53,1,180,180,180,180,0,0,0,0
2,58,2,81,81,55,55,26,26,0,0
2,59,1.77,408,408,408,408,0,0,0,0
2,60,3.89,294,294,271,271,23,23,0,0
2,61,1,287,287,287,287,0,0,0,0
2,63,2,380,380,380,380,0,0,0,0
2,64,2.09,207,207,207,207,0,0,0,0
2,65,4,546,546,530,530,16,16,0,0
2,66,2.94,536,536,536,536,0,0,0,0
2,67,3.6,436,436,423,423,14,14,0,0
2,68,1,475,475,475,475,0,0,0,0
2,72,1.77,343,343,328,328,15,15,0,0
2,73,2,398,398,398,398,0,0,0,0
2,74,1,170,170,170,170,0,0,0,0
2,77,3.56,3405,3405,3405,3405,0,0,0,0
2,78,6.38,3052,3052,3052,3052,0,0,0,0
2,79,6.53,4119,4119,4119,4119,0,0,0,0
2,80,6.11,4735,4735,4735,4735,0,0,0,0
2,81,1.77,1778,1778,1778,1778,0,0,0,0
2,82,1.64,3796,3796,3796,3796,0,0,0,0
2,83,3.38,3289,3289,3289,3289,0,0,0,0
2,84,4.02,2787,2787,654,654,2133,2133,0,0
2,85,3.55,1494,1494,0,0,1494,1494,0,0
2,86,0.47,3111,3111,0,0,3111,3111,0,0
2,87,0.01,84,84,0,0,84,84,0,0
2,88,1,18,18,0,0,18,18,0,0
2,92,1,73,73,73,73,0,0,0,0
2,93,2.4,371,371,371,371,0,0,0,0
2,94,2.4,402,402,332,332,24,24,0,0
2,95,1.6,258,258,258,258,0,0,0,0
2,98,1,368,368,92,92,92,92,0,0
2,103,1.34,95,95,63,63,0,0,32,32
2,104,2.96,163,163,135,135,28,28,0,0
2,105,1,73,73,73,73,0,0,0,0
2,106,1.37,182,182,182,182,0,0,0,0
2,108,0.54,7,7,0,0,7,7,0,0
2,109,0.24,3,3,0,0,3,3,0,0
2,117,3.91,240,240,162,162,78,78,0,0
2,118,3.09,131,131,84,84,47,47,0,0
2,120,3.61,476,476,459,459,17,17,0,0
3,0,2,146,146,146,146,0,0,0,0
3,1,2,52,52,44,44,7,7,0,0
3,2,1,11,11,0,0,11,11,0,0
3,4,2,195,195,195,195,0,0,0,0
3,5,1,21,21,0,0,21,21,0,0
3,8,1.64,140,140,105,105,35,35,0,0
3,9,3,270,270,270,270,0,0,0,0
3,10,1.35,111,111,96,96,5,5,0,0
3,11,0.43,39,39,15,15,8,8,0,0
3,12,1.02,151,151,151,151,0,0,0,0
3,13,1,78,78,78,78,0,0,0,0
3,14,2,317,317,317,317,0,0,0,0
3,15,1,96,96,96,96,0,0,0,0
3,17,1,95,95,95,95,0,0,0,0
3,18,2.13,112,112,112,112,0,0,0,0
3,19,1,19,19,0,0,19,19,0,0
3,21,2.14,165,165,165,165,0,0,0,0
3,22,2.29,144,144,143,143,1,1,0,0
3,23,1,33,33,0,0,33,33,0,0
3,24,3,256,256,256,256,0,0,0,0
3,28,1,656,656,656,656,0,0,0,0
3,29,1,24,24,0,0,24,24,0,0
3,32,1.72,124,124,124,124,0,0,0,0
3,33,1,39,39,39,39,0,0,0,0
3,36,2.03,99,99,99,99,0,0,0,0
3,39,1,91,91,91,91,0,0,0,0
3,40,2.58,459,459,459,459,0,0,0,0
3,41,2.01,243,243,243,243,0,0,0,0
3,42,0.23,40,40,40,40,0,0,0,0
3,43,3.02,222,222,143,143,50,50,0,0
3,44,3.26,179,179,132,132,47,47,0,0
3,46,1,176,176,176,176,0,0,0,0
3,50,2.42,376,376,376,376,0,0,0,0
3,51,5.06,1156,1156,1156,1156,0,0,0,0
3,52,3.33,448,448,423,423,25,25,0,0
3,55,1,19,19,0,0,19,19,0,0
3,56,1,33,33,0,0,33,33,0,0
3,58,1,29,29,0,0,29,29,0,0
3,59,1,16,16,0,0,16,16,0,0
3,60,1.16,57,57,32,32,25,25,0,0
3,61,3,300,300,293,293,7,7,0,0
3,63,2,173,173,173,173,0,0,0,0
3,64,3,149,149,117,117,32,32,0,0
3,65,2,247,247,247,247,0,0,0,0
3,66,1,5,5,0,0,5,5,0,0
3,72,0.23,98,98,98,98,0,0,0,0
3,74,1.72,1082,1082,1082,1082,0,0,0,0
3,75,5.98,2410,2410,2305,2305,38,38,0,0
3,76,0.01,11,11,11,11,0,0,0,0
3,77,0.4,654,654,654,654,0,0,0,0
3,78,4.63,2819,2819,2819,2819,0,0,0,0
3,79,11.28,4187,4187,4187,4187,0,0,0,0
3,80,6.31,3587,3587,3587,3587,0,0,0,0
3,81,4.28,3657,3657,3291,3291,0,0,365,365
3,82,3.92,3416,3416,2164,2164,0,0,1252,1252
3,83,3.16,4133,4133,4133,4133,0,0,0,0
3,84,5.42,3214,3214,2470,2470,745,745,0,0
3,85,1.67,1158,1158,66,66,1092,1092,0,0
3,86,2.23,3210,3210,340,340,2870,2870,0,0
3,90,0.23,10,10,5,5,5,5,0,0
3,91,1.52,389,389,376,376,13,13,0,0
3,92,1,118,118,118,118,0,0,0,0
3,93,1.42,118,118,99,99,19,19,0,0
3,95,2,170,170,170,170,0,0,0,0
3,96,4.19,273,273,219,219,55,55,0,0
3,97,0.81,99,99,99,99,0,0,0,0
3,98,2,191,191,191,191,0,0,0,0
3,100,1,398,398,398,398,0,0,0,0
3,101,1,16,16,0,0,16,16,0,0
3,103,1.69,191,191,119,119,0,0,72,72
3,105,1,23,23,0,0,23,23,0,0
3,106,0.63,109,109,109,109,0,0,0,0
3,108,2.19,312,312,300,300,12,12,0,0
3,109,0.04,1,1,0,0,1,1,0,0
3,112,0.41,37,37,37,37,0,0,0,0
3,116,0.63,9,9,0,0,9,9,0,0
3,120,0.39,22,22,17,17,6,6,0,0
4,0,3,178,178,178,178,0,0,0,0
4,2,1.28,461,461,283,283,177,177,0,0
4,3,2,324,324,324,324,0,0,0,0
4,4,2.12,68,68,42,42,25,25,0,0
4,5,2.72,118,118,92,92,26,26,0,0
4,7,2.75,135,135,106,106,29,29,0,0
4,8,2.59,165,165,151,151,15,15,0,0
4,9,2.81,244,244,220,220,24,24,0,0
4,10,4.09,317,317,310,310,6,6,0,0
4,11,1.54,97,97,97,97,0,0,0,0
4,12,1.38,236,236,236,236,0,0,0,0
4,13,1,62,62,62,62,0,0,0,0
4,16,0.75,102,102,102,102,0,0,0,0
4,17,4.25,371,371,371,371,0,0,0,0
4,18,1,77,77,77,77,0,0,0,0
4,19,1,44,44,44,44,0,0,0,0
4,20,1.59,97,97,77,77,20,20,0,0
4,21,2.54,246,246,233,233,13,13,0,0
4,22,4.44,311,311,217,217,94,94,0,0
4,23,2,162,162,81,81,81,81,0,0
4,24,1,21,21,0,0,21,21,0,0
4,27,1.73,299,299,299,299,0,0,0,0
4,28,2,306,306,306,306,0,0,0,0
4,29,1,190,190,190,190,0,0,0,0
4,31,1.26,136,136,136,136,0,0,0,0
4,32,2.9,364,364,364,364,0,0,0,0
4,33,2,267,267,267,267,0,0,0,0
4,36,3.49,344,344,333,333,11,11,0,0
4,37,4,346,346,269,269,26,26,0,0
4,39,2.28,351,351,351,351,0,0,0,0
4,40,1.72,305,305,305,305,0,0,0,0
4,41,0.35,37,37,37,37,0,0,0,0
4,42,2.24,222,222,222,222,0,0,0,0
4,43,1.41,207,207,207,207,0,0,0,0
4,44,3.54,528,528,528,528,0,0,0,0
4,45,2.51,363,363,363,363,0,0,0,0
4,46,1.14,193,193,193,193,0,0,0,0
4,48,2,343,343,343,343,0,0,0,0
4,51,2.07,509,509,509,509,0,0,0,0
4,52,5.36,834,834,834,834,0,0,0,0
4,53,0.87,75,75,75,75,0,0,0,0
4,56,1.06,24,24,3,3,21,21,0,0
4,57,1.94,344,344,344,344,0,0,0,0
4,60,2.84,393,393,276,276,39,39,0,0
4,61,1,12,12,0,0,12,12,0,0
4,62,0.29,49,49,49,49,0,0,0,0
4,63,3,202,202,165,165,38,38,0,0
4,64,0.07,4,4,4,4,0,0,0,0
4,65,0.19,11,11,11,11,0,0,0,0
4,73,0.12,141,141,141,141,0,0,0,0
4,74,3.26,3169,3169,3169,3169,0,0,0,0
4,75,2.69,1661,1661,1642,1642,18,18,0,0
4,76,1.38,1246,1246,1246,1246,0,0,0,0
4,77,4.16,5285,5285,5285,5285,0,0,0,0
4,78,2.84,5374,5374,5374,5374,0,0,0,0
4,79,6.38,4038,4038,4038,4038,0,0,0,0
4,80,8.71,4087,4087,4087,4087,0,0,0,0
4,81,3.37,1985,1985,1982,1982,3,3,0,0
4,82,1.02,2705,2705,230,230,2475,2475,0,0
4,83,6.61,4020,4020,4020,4020,0,0,0,0
4,84,2.9,2572,2572,2572,2572,0,0,0,0
4,85,4.5,2903,2903,2903,2903,0,0,0,0
4,86,1.48,2089,2089,2089,2089,0,0,0,0
4,88,3,363,363,363,363,0,0,0,0
4,89,0.62,1076,1076,269,269,269,269,0,0
4,90,0.99,222,222,222,222,0,0,0,0
4,91,2.35,453,453,447,447,6,6,0,0
4,93,1,172,172,172,172,0,0,0,0
4,98,2,97,97,64,64,32,32,0,0
4,99,1.07,40,40,7,7,33,33,0,0
4,100,0.96,39,39,39,39,0,0,0,0
4,104,1,11,11,0,0,11,11,0,0
4,108,1.28,38,38,35,35,3,3,0,0
4,109,2.72,188,188,181,181,8,8,0,0
4,111,1,72,72,72,72,0,0,0,0
4,112,0.59,54,54,54,54,0,0,0,0
4,116,0.37,5,5,0,0,5,5,0,0
4,125,1,86,86,0,0,86,86,0,0
5,0,1,20,20,0,0,20,20,0,0
5,1,2,21,21,0,0,21,21,0,0
5,2,0.98,484,484,456,456,28,28,0,0
5,3,0.74,22,22,0,0,22,22,0,0
5,4,1,38,38,38,38,0,0,0,0
5,5,1.16,29,29,9,9,21,21,0,0
5,6,3,133,133,103,103,31,31,0,0
5,8,0.67,120,120,120,120,0,0,0,0
5,9,0.33,60,60,60,60,0,0,0,0
5,10,1,18,18,0,0,18,18,0,0
5,14,0.1,9,9,9,9,0,0,0,0
5,19,1,160,160,160,160,0,0,0,0
5,20,2,135,135,90,90,15,15,0,0
5,21,1.27,54,54,0,0,54,54,0,0
5,22,1.73,56,56,0,0,56,56,0,0
5,23,0.53,25,25,25,25,0,0,0,0
5,24,0.19,32,32,32,32,0,0,0,0
5,25,1.25,223,223,223,223,0,0,0,0
5,26,2.75,374,374,374,374,0,0,0,0
5,27,1.27,180,180,180,180,0,0,0,0
5,28,1,133,133,133,133,0,0,0,0
5,30,2,177,177,151,151,26,26,0,0
5,31,4.04,442,442,354,354,30,30,0,0
5,32,2.74,591,591,507,507,28,28,0,0
5,33,1.4,198,198,198,198,0,0,0,0
5,36,0.48,10,10,0,0,10,10,0,0
5,37,3,182,182,154,154,28,28,0,0
5,38,1,89,89,22,22,22,22,0,0
5,39,0.44,85,85,85,85,0,0,0,0
5,40,5,907,907,907,907,0,0,0,0
5,41,1,105,105,105,105,0,0,0,0
5,44,1,31,31,0,0,31,31,0,0
5,45,1,39,39,39,39,0,0,0,0
5,49,0.72,85,85,85,85,0,0,0,0
5,50,1.58,356,356,237,237,40,40,0,0
5,51,1.42,318,318,185,185,44,44,0,0
5,52,5.28,809,809,809,809,0,0,0,0
5,53,6.76,1188,1188,1188,1188,0,0,0,0
5,54,0.21,40,40,40,40,0,0,0,0
5,57,4.71,707,707,692,692,16,16,0,0
5,58,0.28,25,25,25,25,0,0,0,0
5,59,1,36,36,36,36,0,0,0,0
5,61,0.85,198,198,194,194,1,1,0,0
5,62,1.86,970,970,359,359,204,204,0,0
5,63,1.58,998,998,992,992,6,6,0,0
5,64,0.22,17,17,17,17,0,0,0,0
5,65,0.52,31,31,31,31,0,0,0,0
5,66,4.54,238,238,202,202,37,37,0,0
5,67,0.46,62,62,62,62,0,0,0,0
5,69,1,11,11,0,0,11,11,0,0
5,74,3.22,2481,2481,2481,2481,0,0,0,0
5,75,2.32,1821,1821,643,643,1177,1177,0,0
5,76,2,916,916,916,916,0,0,0,0
5,77,3.94,3761,3761,3761,3761,0,0,0,0
5,78,2.47,6247,6247,6247,6247,0,0,0,0
5,79,2.95,4108,4108,3321,3321,787,787,0,0
5,80,3.3,4474,4474,4474,4474,0,0,0,0
5,81,6.58,3572,3572,3572,3572,0,0,0,0
5,82,4.99,2355,2355,1963,1963,392,392,0,0
5,83,6.45,5107,5107,5107,5107,0,0,0,0
5,84,3.8,5620,5620,5620,5620,0,0,0,0
5,85,4.8,5076,5076,5076,5076,0,0,0,0
5,86,3.83,3209,3209,3209,3209,0,0,0,0
5,87,1.88,892,892,892,892,0,0,0,0
5,88,3.12,751,751,751,751,0,0,0,0
5,89,2.38,2077,2077,240,240,1504,1504,0,0
5,90,2.12,165,165,113,113,52,52,0,0
5,91,1.27,466,466,169,169,297,297,0,0
5,92,1.04,39,39,10,10,29,29,0,0
5,93,3.29,535,535,531,531,5,5,0,0
5,94,1.68,195,195,195,195,0,0,0,0
5,96,1,138,138,138,138,0,0,0,0
5,97,1.26,94,94,94,94,0,0,0,0
5,98,2,93,93,93,93,0,0,0,0
5,99,1.93,337,337,337,337,0,0,0,0
5,100,1.04,138,138,138,138,0,0,0,0
5,102,0.04,20,20,0,0,20,20,0,0
5,106,0.06,18,18,0,0,18,18,0,0
5,107,2.64,305,305,87,87,218,218,0,0
5,108,1.24,1525,1525,0,0,1525,1525,0,0
5,109,1.76,2204,2204,0,0,2204,2204,0,0
5,115,2.38,1414,1414,0,0,1414,1414,0,0
5,116,3.62,1386,1386,0,0,1386,1386,0,0
5,117,1,933,933,0,0,933,933,0,0
5,125,0.99,81,81,0,0,81,81,0,0
5,126,3.87,3657,3657,0,0,3657,3657,0,0
5,127,0.13,547,547,0,0,547,547,0,0
6,1,0.46,11,11,0,0,11,11,0,0
6,2,1.54,53,53,40,40,13,13,0,0
6,4,1.6,175,175,175,175,0,0,0,0
6,5,2.4,208,208,197,197,11,11,0,0
6,6,1,42,42,42,42,0,0,0,0
6,7,2,83,83,57,57,26,26,0,0
6,8,2,64,64,0,0,64,64,0,0
6,9,0.23,16,16,16,16,0,0,0,0
6,13,2,123,123,123,123,0,0,0,0
6,14,0.9,75,75,75,75,0,0,0,0
6,17,1,44,44,44,44,0,0,0,0
6,19,1,13,13,0,0,13,13,0,0
6,20,3.95,125,125,70,70,55,55,0,0
6,21,4.05,113,113,86,86,27,27,0,0
6,22,1,41,41,41,41,0,0,0,0
6,23,1.47,109,109,109,109,0,0,0,0
6,24,2.8,364,364,364,364,0,0,0,0
6,25,3.01,508,508,508,508,0,0,0,0
6,28,0.46,56,56,56,56,0,0,0,0
6,30,1,41,41,41,41,0,0,0,0
6,31,5.02,547,547,516,516,31,31,0,0
6,32,1.32,163,163,123,123,13,13,0,0
6,33,0.6,151,151,151,151,0,0,0,0
6,35,1,161,161,161,161,0,0,0,0
6,36,0.69,81,81,81,81,0,0,0,0
6,37,1,59,59,59,59,0,0,0,0
6,38,1,89,89,89,89,0,0,0,0
6,39,0.56,108,108,108,108,0,0,0,0
6,42,1,57,57,57,57,0,0,0,0
6,44,2.81,624,624,598,598,26,26,0,0
6,45,0.19,30,30,30,30,0,0,0,0
6,46,1,162,162,162,162,0,0,0,0
6,49,0.28,33,33,33,33,0,0,0,0
6,51,2.65,310,310,310,310,0,0,0,0
6,52,3.44,471,471,445,445,26,26,0,0
6,53,2.66,508,508,508,508,0,0,0,0
6,54,2.57,763,763,763,763,0,0,0,0
6,55,1,135,135,34,34,34,34,0,0
6,57,1.01,165,165,165,165,0,0,0,0
6,59,1,21,21,0,0,21,21,0,0
6,62,1.77,1019,1019,804,804,72,72,0,0
6,63,3.72,1924,1924,1924,1924,0,0,0,0
6,65,1,122,122,122,122,0,0,0,0
6,73,3.84,1159,1159,1151,1151,8,8,0,0
6,74,5.31,1987,1987,1908,1908,79,79,0,0
6,75,0.99,1301,1301,0,0,1301,1301,0,0
6,76,2.75,639,639,289,289,117,117,0,0
6,77,5.28,6120,6120,5972,5972,49,49,0,0
6,78,3.31,5951,5951,5951,5951,0,0,0,0
6,79,2.72,4943,4943,4296,4296,647,647,0,0
6,80,8.51,5698,5698,5698,5698,0,0,0,0
6,81,4.93,5878,5878,5878,5878,0,0,0,0
6,82,4.2,5061,5061,5061,5061,0,0,0,0
6,83,5.27,4998,4998,4998,4998,0,0,0,0
6,84,4.2,5559,5559,5559,5559,0,0,0,0
6,85,4.16,2820,2820,2430,2430,390,390,0,0
6,86,2.48,3325,3325,1568,1568,1757,1757,0,0
6,87,2.3,363,363,363,363,0,0,0,0
6,88,4.5,2845,2845,2230,2230,615,615,0,0
6,89,2.62,1718,1718,57,57,1660,1660,0,0
6,90,6.41,3333,3333,2173,2173,1160,1160,0,0
6,91,2.99,3198,3198,1118,1118,2080,2080,0,0
6,92,1.53,468,468,468,468,0,0,0,0
6,93,3.47,767,767,748,748,19,19,0,0
6,94,2,368,368,347,347,21,21,0,0
6,97,0.74,107,107,107,107,0,0,0,0
6,99,1,117,117,117,117,0,0,0,0
6,100,2,583,583,561,561,22,22,0,0
6,102,1.96,634,634,0,0,634,634,0,0
6,103,1,40,40,0,0,40,40,0,0
6,105,2.61,1207,1207,0,0,1207,1207,0,0
6,106,2.58,996,996,0,0,996,996,0,0
6,107,1.98,927,927,0,0,927,927,0,0
6,108,3.16,1017,1017,0,0,1017,1017,0,0
6,109,0.96,48,48,0,0,48,48,0,0
6,111,1.54,4583,4583,0,0,4583,4583,0,0
6,112,0.29,814,814,0,0,814,814,0,0
6,113,3.84,1094,1094,0,0,1094,1094,0,0
6,114,2.66,1173,1173,0,0,1173,1173,0,0
6,115,0.68,394,394,0,0,394,394,0,0
6,116,2.72,1139,1139,0,0,1139,1139,0,0
6,117,1.36,462,462,0,0,462,462,0,0
6,118,0.46,211,211,0,0,211,211,0,0
6,120,1,336,336,0,0,336,336,0,0
6,123,1,290,290,290,290,0,0,0,0
6,125,2.32,752,752,0,0,752,752,0,0
6,126,1,25,25,0,0,25,25,0,0
7,0,4,120,120,98,98,22,22,0,0
7,5,1,15,15,0,0,15,15,0,0
7,6,0.1,3,3,2,2,1,1,0,0
7,7,1.93,68,68,51,51,16,16,0,0
7,8,1.78,53,53,33,33,20,20,0,0
7,9,1.99,77,77,63,63,15,15,0,0
7,10,1,5,5,0,0,5,5,0,0
7,11,1,43,43,43,43,0,0,0,0
7,12,3,134,134,109,109,25,25,0,0
7,15,2,104,104,84,84,20,20,0,0
7,16,0.07,8,8,8,8,0,0,0,0
7,17,0.93,113,113,113,113,0,0,0,0
7,21,2,35,35,0,0,35,35,0,0
7,22,1,46,46,46,46,0,0,0,0
7,25,1,12,12,0,0,12,12,0,0
7,26,1,10,10,0,0,10,10,0,0
7,28,2.54,299,299,265,265,34,34,0,0
7,30,3,543,543,499,499,44,44,0,0
7,32,1.96,216,216,216,216,0,0,0,0
7,33,0.04,4,4,4,4,0,0,0,0
7,34,2.92,226,226,226,226,0,0,0,0
7,35,0.16,8,8,8,8,0,0,0,0
7,36,2.31,265,265,265,265,0,0,0,0
7,38,2,87,87,73,73,14,14,0,0
7,48,0.21,58,58,58,58,0,0,0,0
7,52,0.75,67,67,67,67,0,0,0,0
7,53,0.4,110,110,110,110,0,0,0,0
7,54,1.42,213,213,213,213,0,0,0,0
7,55,3.32,512,512,479,479,33,33,0,0
7,56,2.67,561,561,546,546,14,14,0,0
7,57,2,224,224,224,224,0,0,0,0
7,61,0.25,171,171,171,171,0,0,0,0
7,62,4.1,2646,2646,2646,2646,0,0,0,0
7,63,2.82,965,965,965,965,0,0,0,0
7,64,1.26,78,78,78,78,0,0,0,0
7,70,2,83,83,51,51,32,32,0,0
7,72,0.01,5,5,5,5,0,0,0,0
7,73,6.03,2935,2935,2911,2911,24,24,0,0
7,74,1.56,1341,1341,1341,1341,0,0,0,0
7,75,0.34,92,92,92,92,0,0,0,0
7,76,5.81,4568,4568,4497,4497,24,24,0,0
7,77,2.84,4732,4732,4732,4732,0,0,0,0
7,78,0.28,637,637,637,637,0,0,0,0
7,79,3.51,3294,3294,3294,3294,0,0,0,0
7,80,4.13,5549,5549,5549,5549,0,0,0,0
7,81,2.3,6095,6095,6095,6095,0,0,0,0
7,82,3.81,5817,5817,5817,5817,0,0,0,0
7,83,7.69,4500,4500,4500,4500,0,0,0,0
7,84,7.68,4893,4893,4893,4893,0,0,0,0
7,85,3.33,4394,4394,3903,3903,491,491,0,0
7,86,2.34,5153,5153,4675,4675,478,478,0,0
7,87,3.85,4415,4415,4415,4415,0,0,0,0
7,88,2.81,3258,3258,3258,3258,0,0,0,0
7,89,4.43,2478,2478,374,374,2104,2104,0,0
7,90,4.63,5675,5675,881,881,4793,4793,0,0
7,91,2.38,2593,2593,117,117,2476,2476,0,0
7,92,2,464,464,453,453,12,12,0,0
7,94,1,237,237,237,237,0,0,0,0
7,96,1,281,281,281,281,0,0,0,0
7,101,1,25,25,0,0,25,25,0,0
7,102,2.58,1063,1063,0,0,1063,1063,0,0
7,103,3.23,1337,1337,0,0,1337,1337,0,0
7,104,0.36,391,391,0,0,391,391,0,0
7,105,2.38,490,490,227,227,263,263,0,0
7,106,2.74,345,345,0,0,345,345,0,0
7,107,1.76,817,817,0,0,817,817,0,0
7,108,3.45,865,865,0,0,865,865,0,0
7,109,0.16,17,17,0,0,17,17,0,0
7,111,3.25,2407,2407,0,0,2407,2407,0,0
7,112,0.92,1125,1125,0,0,1125,1125,0,0
7,113,1.32,203,203,0,0,203,203,0,0
7,114,5.29,3543,3543,0,0,3543,3543,0,0
7,115,3.38,1719,1719,0,0,1719,1719,0,0
7,116,0.88,322,322,0,0,322,322,0,0
7,117,1.37,641,641,0,0,641,641,0,0
7,118,2.68,881,881,0,0,881,881,0,0
7,119,2.07,329,329,0,0,329,329,0,0
7,120,1,458,458,0,0,458,458,0,0
7,121,1,961,961,0,0,961,961,0,0
7,123,1.61,2111,2111,0,0,2111,2111,0,0
7,124,1.08,265,265,0,0,265,265,0,0
7,125,1.02,1286,1286,0,0,1286,1286,0,0
7,126,1,148,148,0,0,148,148,0,0
8,1,0.28,46,46,46,46,0,0,0,0
8,2,0.34,56,56,56,56,0,0,0,0
8,4,1,21,21,0,0,21,21,0,0
8,5,0.73,57,57,57,57,0,0,0,0
8,6,0.97,79,79,79,79,0,0,0,0
8,8,1,14,14,0,0,14,14,0,0
8,12,1.03,186,186,185,185,0,0,0,0
8,13,0.97,11,11,0,0,11,11,0,0
8,15,0.16,1,1,0,0,1,1,0,0
8,16,1,23,23,0,0,23,23,0,0
8,17,2,169,169,155,155,13,13,0,0
8,19,1,275,275,275,275,0,0,0,0
8,21,1,62,62,62,62,0,0,0,0
8,22,3,196,196,184,184,12,12,0,0
8,27,3,133,133,79,79,54,54,0,0
8,31,3,112,112,67,67,45,45,0,0
8,32,5,417,417,188,188,121,121,0,0
8,33,2.01,300,300,300,300,0,0,0,0
8,34,1.99,221,221,221,221,0,0,0,0
8,35,0.92,36,36,36,36,0,0,0,0
8,40,1,511,511,128,128,128,128,0,0
8,42,0.29,25,25,25,25,0,0,0,0
8,43,0.71,61,61,61,61,0,0,0,0
8,48,0.79,220,220,220,220,0,0,0,0
8,49,1,157,157,157,157,0,0,0,0
8,54,1.9,247,247,247,247,0,0,0,0
8,57,2,530,530,530,530,0,0,0,0
8,61,2.23,1922,1922,1922,1922,0,0,0,0
8,62,6.59,3614,3614,3614,3614,0,0,0,0
8,63,1.15,1406,1406,571,571,835,835,0,0
8,64,1.86,753,753,753,753,0,0,0,0
8,65,0.16,220,220,220,220,0,0,0,0
8,70,3.44,925,925,870,870,55,55,0,0
8,71,0.56,297,297,297,297,0,0,0,0
8,72,0.1,86,86,86,86,0,0,0,0
8,73,0.83,740,740,657,657,0,0,82,82
8,74,2,560,560,560,560,0,0,0,0
8,76,1.93,2625,2625,2625,2625,0,0,0,0
8,77,4.65,5712,5712,5712,5712,0,0,0,0
8,78,4.63,5238,5238,4948,4948,290,290,0,0
8,79,3.67,4775,4775,4775,4775,0,0,0,0
8,80,2.54,6172,6172,6172,6172,0,0,0,0
8,81,9.71,4936,4936,4936,4936,0,0,0,0
8,82,6.24,5252,5252,5252,5252,0,0,0,0
8,83,4.86,5390,5390,5390,5390,0,0,0,0
8,84,6.17,5123,5123,5023,5023,0,0,100,100
8,85,5.05,4900,4900,4900,4900,0,0,0,0
8,86,8.54,4774,4774,4676,4676,98,98,0,0
8,87,5.32,4527,4527,4527,4527,0,0,0,0
8,88,2.53,3703,3703,3703,3703,0,0,0,0
8,89,3.43,1399,1399,766,766,633,633,0,0
8,90,2.23,1931,1931,1354,1354,577,577,0,0
8,91,3.3,1897,1897,1897,1897,0,0,0,0
8,92,1.37,78,78,78,78,0,0,0,0
8,94,1,39,39,39,39,0,0,0,0
8,96,3.73,628,628,620,620,7,7,0,0
8,97,2.19,425,425,425,425,0,0,0,0
8,98,2.08,353,353,353,353,0,0,0,0
8,101,0.44,319,319,0,0,319,319,0,0
8,102,1.41,1460,1460,0,0,1460,1460,0,0
8,103,2.42,2261,2261,0,0,2261,2261,0,0
8,104,4.47,788,788,0,0,788,788,0,0
8,105,0.52,904,904,0,0,904,904,0,0
8,106,4.78,2807,2807,0,0,2807,2807,0,0
8,107,2.02,982,982,0,0,982,982,0,0
8,108,3.45,1496,1496,0,0,1496,1496,0,0
8,109,2.4,203,203,0,0,203,203,0,0
8,110,0.47,135,135,0,0,135,135,0,0
8,111,0.54,725,725,0,0,725,725,0,0
8,112,2.19,715,715,0,0,715,715,0,0
8,113,2,192,192,0,0,192,192,0,0
8,115,1.62,1706,1706,0,0,1706,1706,0,0
8,116,1.54,3481,3481,0,0,3481,3481,0,0
8,118,2.77,2868,2868,0,0,2868,2868,0,0
8,119,0.35,495,495,0,0,495,495,0,0
8,120,3.9,3024,3024,0,0,3024,3024,0,0
8,121,0.03,30,30,0,0,30,30,0,0
8,123,1.11,543,543,0,0,543,543,0,0
8,124,1.18,1830,1830,0,0,1830,1830,0,0
8,125,0.69,48,48,0,0,48,48,0,0
8,126,1,551,551,0,0,551,551,0,0
9,0,1,40,40,40,40,0,0,0,0
9,1,2.28,100,100,88,88,12,12,0,0
9,2,0.47,40,40,40,40,0,0,0,0
9,3,1,100,100,100,100,0,0,0,0
9,4,3.73,115,115,38,38,78,78,0,0
9,5,0.27,21,21,21,21,0,0,0,0
9,13,2,157,157,157,157,0,0,0,0
9,14,2.12,214,214,214,214,0,0,0,0
9,15,1.71,210,210,205,205,5,5,0,0
9,18,2,221,221,221,221,0,0,0,0
9,22,2.29,952,952,58,58,824,824,0,0
9,23,1.71,126,126,126,126,0,0,0,0
9,24,2,51,51,46,46,5,5,0,0
9,26,2.39,279,279,279,279,0,0,0,0
9,27,4.54,413,413,398,398,15,15,0,0
9,31,2.47,245,245,239,239,7,7,0,0
9,32,2.53,386,386,386,386,0,0,0,0
9,33,3.55,334,334,315,315,19,19,0,0
9,34,0.45,37,37,37,37,0,0,0,0
9,37,1,134,134,134,134,0,0,0,0
9,41,4,317,317,317,317,0,0,0,0
9,44,1,63,63,63,63,0,0,0,0
9,45,1.38,173,173,173,173,0,0,0,0
9,46,0.5,9,9,0,0,9,9,0,0
9,47,1,92,92,92,92,0,0,0,0
9,50,4,371,371,360,360,10,10,0,0
9,51,3.2,377,377,377,377,0,0,0,0
9,52,1.86,158,158,158,158,0,0,0,0
9,54,1,169,169,0,0,0,0,169,169
9,55,4,205,205,180,180,26,26,0,0
9,56,0.61,557,557,557,557,0,0,0,0
9,57,0.32,193,193,193,193,0,0,0,0
9,58,3.64,1169,1169,1169,1169,0,0,0,0
9,60,2.51,1414,1414,833,833,194,194,0,0
9,61,3,1852,1852,1352,1352,167,167,0,0
9,62,1.51,817,817,817,817,0,0,0,0
9,63,4.3,1910,1910,801,801,831,831,278,278
9,64,3.41,2288,2288,2288,2288,0,0,0,0
9,65,1.81,2631,2631,2631,2631,0,0,0,0
9,70,1,57,57,57,57,0,0,0,0
9,72,1,159,159,154,154,0,0,5,5
9,73,1.68,1434,1434,126,126,0,0,1308,1308
9,74,0.46,91,91,56,56,12,12,0,0
9,75,2,204,204,196,196,8,8,0,0
9,76,0.72,461,461,461,461,0,0,0,0
9,77,5.3,5059,5059,5059,5059,0,0,0,0
9,78,2.61,5136,5136,5132,5132,3,3,0,0
9,79,1.63,1529,1529,1344,1344,184,184,0,0
9,80,3.78,2384,2384,2384,2384,0,0,0,0
9,81,6.53,4152,4152,4152,4152,0,0,0,0
9,82,3.79,5213,5213,5213,5213,0,0,0,0
9,83,3.11,4375,4375,2386,2386,1990,1990,0,0
9,84,4.14,3849,3849,3041,3041,807,807,0,0
9,85,8.13,4091,4091,3752,3752,339,339,0,0
9,86,2.52,4192,4192,552,552,3639,3639,0,0
9,87,4.01,5603,5603,5603,5603,0,0,0,0
9,88,2.7,3830,3830,3830,3830,0,0,0,0
9,89,2.98,5752,5752,5752,5752,0,0,0,0
9,90,0.85,927,927,927,927,0,0,0,0
9,91,3.26,3408,3408,3408,3408,0,0,0,0
9,92,2.21,349,349,349,349,0,0,0,0
9,93,2,31,31,31,31,0,0,0,0
9,95,2.06,225,225,225,225,0,0,0,0
9,96,0.94,251,251,251,251,0,0,0,0
9,98,1,77,77,77,77,0,0,0,0
9,101,0.46,318,318,0,0,318,318,0,0
9,102,2.49,1492,1492,0,0,1492,1492,0,0
9,103,1.99,693,693,0,0,693,693,0,0
9,104,2.06,1170,1170,0,0,1170,1170,0,0
9,105,1.94,178,178,0,0,178,178,0,0
9,106,0.94,422,422,0,0,422,422,0,0
9,107,1.08,1205,1205,0,0,1205,1205,0,0
9,108,3.81,3426,3426,0,0,3426,3426,0,0
9,109,5.63,1111,1111,0,0,1111,1111,0,0
9,110,1.57,843,843,0,0,843,843,0,0
9,111,1.99,6070,6070,0,0,6070,6070,0,0
9,112,1.42,4158,4158,0,0,4158,4158,0,0
9,113,1.94,1489,1489,0,0,1489,1489,0,0
9,114,0.9,722,722,0,0,722,722,0,0
9,115,1.98,2547,2547,0,0,2547,2547,0,0
9,116,3.58,2770,2770,0,0,2770,2770,0,0
9,117,0.69,1107,1107,0,0,1107,1107,0,0
9,118,1.46,1603,1603,0,0,1603,1603,0,0
9,119,0.65,3848,3848,0,0,3848,3848,0,0
9,120,1.21,2577,2577,0,0,2577,2577,0,0
10,0,1,95,95,95,95,0,0,0,0
10,1,4,370,370,338,338,32,32,0,0
10,2,1.63,137,137,137,137,0,0,0,0
10,3,2.83,100,100,84,84,16,16,0,0
10,4,2.45,90,90,73,73,17,17,0,0
10,6,0.92,70,70,70,70,0,0,0,0
10,7,2,261,261,261,261,0,0,0,0
10,9,0.31,63,63,63,63,0,0,0,0
10,10,3,280,280,280,280,0,0,0,0
10,11,3,238,238,208,208,30,30,0,0
10,12,1,171,171,171,171,0,0,0,0
10,13,0.14,38,38,38,38,0,0,0,0
10,14,2.86,494,494,494,494,0,0,0,0
10,15,0.58,78,78,78,78,0,0,0,0
10,16,2.42,137,137,121,121,16,16,0,0
10,17,1,22,22,0,0,22,22,0,0
10,19,1,23,23,0,0,23,23,0,0
10,21,2,195,195,195,195,0,0,0,0
10,23,0.21,15,15,15,15,0,0,0,0
10,24,1.01,236,236,17,17,219,219,0,0
10,25,2.99,301,301,262,262,39,39,0,0
10,27,4.07,247,247,229,229,17,17,0,0
10,32,2,270,270,110,110,54,54,0,0
10,33,3,136,136,115,115,7,7,0,0
10,36,1,510,510,510,510,0,0,0,0
10,37,4.02,107,107,36,36,70,70,0,0
10,38,1.61,183,183,79,79,35,35,0,0
10,39,1.37,207,207,207,207,0,0,0,0
10,40,1,90,90,90,90,0,0,0,0
10,43,1,105,105,105,105,0,0,0,0
10,45,0.62,47,47,47,47,0,0,0,0
10,46,0.5,9,9,0,0,9,9,0,0
10,47,1,170,170,170,170,0,0,0,0
10,51,0.8,240,240,240,240,0,0,0,0
10,52,4.14,610,610,534,534,25,25,0,0
10,53,1,89,89,89,89,0,0,0,0
10,54,0.64,75,75,75,75,0,0,0,0
10,55,2.08,83,83,73,73,10,10,0,0
10,56,0.25,224,224,224,224,0,0,0,0
10,57,4.44,966,966,921,921,0,0,45,45
10,58,5.71,2467,2467,2415,2415,0,0,52,52
10,59,2.43,2046,2046,2046,2046,0,0,0,0
10,60,10.47,4492,4492,4464,4464,9,9,0,0
10,61,8.57,4295,4295,4295,4295,0,0,0,0
10,62,1.76,2325,2325,2111,2111,0,0,214,214
10,63,6.93,4409,4409,3564,3564,0,0,844,844
10,64,3.35,3577,3577,3577,3577,0,0,0,0
10,65,3.77,5153,5153,5153,5153,0,0,0,0
10,66,0.36,705,705,705,705,0,0,0,0
10,67,1.81,596,596,580,580,16,16,0,0
10,73,0.92,209,209,52,52,52,52,0,0
10,74,0.87,199,199,50,50,50,50,0,0
10,77,3.08,1474,1474,1474,1474,0,0,0,0
10,78,0.05,44,44,44,44,0,0,0,0
10,79,0.65,821,821,821,821,0,0,0,0
10,80,5.52,2770,2770,2762,2762,3,3,0,0
10,81,6.02,5051,5051,4638,4638,138,138,0,0
10,82,6.11,4806,4806,4382,4382,0,0,425,425
10,83,2.89,2531,2531,2531,2531,0,0,0,0
10,84,3.03,3928,3928,3928,3928,0,0,0,0
10,85,4.02,4909,4909,4909,4909,0,0,0,0
10,86,3.38,5076,5076,4354,4354,722,722,0,0
10,87,2.57,5113,5113,4256,4256,857,857,0,0
10,88,3.96,4682,4682,4575,4575,36,36,0,0
10,89,4.76,4458,4458,4458,4458,0,0,0,0
10,90,4.58,1904,1904,1904,1904,0,0,0,0
10,91,2.22,1926,1926,1926,1926,0,0,0,0
10,92,3.23,701,701,701,701,0,0,0,0
10,93,0.08,45,45,45,45,0,0,0,0
10,94,5,442,442,368,368,74,74,0,0
10,95,0.02,70,70,70,70,0,0,0,0
10,96,0.47,707,707,177,177,177,177,0,0
10,97,0.13,189,189,47,47,47,47,0,0
10,98,1.36,118,118,112,112,6,6,0,0
10,99,0.64,11,11,0,0,11,11,0,0
10,100,1.15,396,396,396,396,0,0,0,0
10,103,1.1,3360,3360,0,0,3360,3360,0,0
10,104,2.09,4748,4748,0,0,4748,4748,0,0
10,105,2.57,593,593,0,0,593,593,0,0
10,106,1,32,32,0,0,32,32,0,0
10,107,3,803,803,0,0,803,803,0,0
10,108,1.3,1493,1493,0,0,1493,1493,0,0
10,109,2.8,4740,4740,0,0,4740,4740,0,0
10,110,1.85,693,693,0,0,693,693,0,0
10,111,2.05,4052,4052,0,0,4052,4052,0,0
10,112,0.06,507,507,0,0,507,507,0,0
10,113,1.12,1918,1918,0,0,1918,1918,0,0
10,114,0.88,2033,2033,0,0,2033,2033,0,0
10,115,1.37,593,593,0,0,593,593,0,0
10,116,1.9,1089,1089,0,0,1089,1089,0,0
10,117,0.72,428,428,0,0,428,428,0,0
10,118,1,782,782,195,195,195,195,0,0
10,119,3,552,552,0,0,552,552,0,0
10,123,0.26,108,108,0,0,108,108,0,0
10,124,0.74,299,299,0,0,299,299,0,0
11,2,0.34,7,7,1,1,6,6,0,0
11,3,2,131,131,131,131,0,0,0,0
11,5,3,195,195,174,174,21,21,0,0
11,6,0.08,6,6,6,6,0,0,0,0
11,7,1,20,20,0,0,20,20,0,0
11,8,1,85,85,85,85,0,0,0,0
11,9,0.69,140,140,140,140,0,0,0,0
11,12,1.87,158,158,158,158,0,0,0,0
11,13,2.13,98,98,67,67,31,31,0,0
11,15,1,42,42,42,42,0,0,0,0
11,16,1,49,49,49,49,0,0,0,0
11,19,1,92,92,92,92,0,0,0,0
11,20,1,34,34,0,0,34,34,0,0
11,21,0.91,181,181,181,181,0,0,0,0
11,22,1.09,23,23,18,18,5,5,0,0
11,23,0.79,56,56,56,56,0,0,0,0
11,24,0.89,85,85,85,85,0,0,0,0
11,25,2,94,94,73,73,21,21,0,0
11,26,1,137,137,137,137,0,0,0,0
11,27,3.7,347,347,347,347,0,0,0,0
11,28,0.27,18,18,18,18,0,0,0,0
11,31,2,238,238,163,163,25,25,0,0
11,32,1.75,264,264,264,264,0,0,0,0
11,34,1,173,173,173,173,0,0,0,0
11,38,1.02,86,86,86,86,0,0,0,0
11,39,0.98,243,243,243,243,0,0,0,0
11,40,3.97,414,414,405,405,9,9,0,0
11,41,1.03,209,209,209,209,0,0,0,0
11,50,0.64,713,713,0,0,713,713,0,0
11,52,2,315,315,112,112,68,68,0,0
11,54,1.08,270,270,270,270,0,0,0,0
11,55,0.43,75,75,72,72,3,3,0,0
11,56,0.06,43,43,43,43,0,0,0,0
11,57,4.31,2427,2427,2427,2427,0,0,0,0
11,58,6,4964,4964,4964,4964,0,0,0,0
11,59,8.46,4596,4596,4596,4596,0,0,0,0
11,60,7.38,5831,5831,5831,5831,0,0,0,0
11,61,4.85,7058,7058,7058,7058,0,0,0,0
11,62,5,4877,4877,4877,4877,0,0,0,0
11,63,7.56,3905,3905,3480,3480,424,424,0,0
11,64,2.44,5807,5807,5807,5807,0,0,0,0
11,65,2.51,4458,4458,4458,4458,0,0,0,0
11,66,0.47,1139,1139,1139,1139,0,0,0,0
11,68,1,248,248,248,248,0,0,0,0
11,76,0.28,847,847,847,847,0,0,0,0
11,77,1.32,1594,1594,1594,1594,0,0,0,0
11,78,1.65,1920,1920,1920,1920,0,0,0,0
11,79,8.02,3188,3188,3188,3188,0,0,0,0
11,80,7.67,3824,3824,3824,3824,0,0,0,0
11,81,4.78,4554,4554,4554,4554,0,0,0,0
11,82,3.92,5188,5188,5188,5188,0,0,0,0
11,83,3.14,6143,6143,6143,6143,0,0,0,0
11,84,1.87,5002,5002,5002,5002,0,0,0,0
11,85,0.98,3507,3507,3507,3507,0,0,0,0
11,86,2,4215,4215,3445,3445,0,0,770,770
11,87,3.04,5950,5950,5385,5385,565,565,0,0
11,88,2.95,6040,6040,6040,6040,0,0,0,0
11,89,3.82,5728,5728,5728,5728,0,0,0,0
11,90,6.19,2375,2375,2375,2375,0,0,0,0
11,91,1.49,250,250,250,250,0,0,0,0
11,92,0.05,86,86,86,86,0,0,0,0
11,93,2.83,2517,2517,2517,2517,0,0,0,0
11,94,1.63,4214,4214,4214,4214,0,0,0,0
11,95,1.13,701,701,701,701,0,0,0,0
11,96,1.34,615,615,129,129,229,229,0,0
11,97,0.06,88,88,22,22,22,22,0,0
11,100,0.71,1008,1008,1008,1008,0,0,0,0
11,101,0.14,199,199,199,199,0,0,0,0
11,102,0.11,62,62,0,0,62,62,0,0
11,104,0.38,413,413,0,0,413,413,0,0
11,105,4.6,2824,2824,0,0,2824,2824,0,0
11,106,0.5,177,177,0,0,177,177,0,0
11,109,1,346,346,0,0,346,346,0,0
11,111,1.11,1336,1336,0,0,1336,1336,0,0
11,112,0.5,4509,4509,0,0,4509,4509,0,0
11,113,0.24,2093,2093,0,0,2093,2093,0,0
11,114,0.94,933,933,0,0,933,933,0,0
11,115,0.7,1261,1261,0,0,1261,1261,0,0
11,117,0.77,117,117,0,0,117,117,0,0
12,0,1.04,100,100,100,100,0,0,0,0
12,1,2.01,136,136,114,114,22,22,0,0
12,2,2.65,223,223,211,211,13,13,0,0
12,3,2.04,59,59,45,45,14,14,0,0
12,4,2.74,160,160,142,142,18,18,0,0
12,5,2.22,158,158,158,158,0,0,0,0
12,6,2,76,76,54,54,21,21,0,0
12,8,1,22,22,0,0,22,22,0,0
12,13,1,18,18,0,0,18,18,0,0
12,15,3,219,219,219,219,0,0,0,0
12,19,2.99,1346,1346,1346,1346,0,0,0,0
12,23,0.13,32,32,8,8,8,8,0,0
12,24,1.8,293,293,129,129,55,55,0,0
12,25,0.88,82,82,82,82,0,0,0,0
12,26,2,147,147,147,147,0,0,0,0
12,27,0.88,101,101,101,101,0,0,0,0
12,28,0.67,131,131,131,131,0,0,0,0
12,29,5.59,586,586,420,420,67,67,0,0
12,30,1,85,85,85,85,0,0,0,0
12,31,4,312,312,283,283,28,28,0,0
12,32,1.59,82,82,64,64,18,18,0,0
12,33,0.71,72,72,45,45,9,9,0,0
12,34,1.36,379,379,150,150,76,76,0,0
12,37,1,134,134,134,134,0,0,0,0
12,38,1,18,18,0,0,18,18,0,0
12,41,1,36,36,36,36,0,0,0,0
12,50,1.68,1768,1768,87,87,1681,1681,0,0
12,51,2.82,327,327,327,327,0,0,0,0
12,52,1,179,179,179,179,0,0,0,0
12,53,1,180,180,180,180,0,0,0,0
12,54,3.05,360,360,266,266,31,31,0,0
12,55,0.73,238,238,238,238,0,0,0,0
12,56,0.1,74,74,74,74,0,0,0,0
12,57,5.12,5097,5097,5097,5097,0,0,0,0
12,58,12.72,5077,5077,5077,5077,0,0,0,0
12,59,8.17,5053,5053,5053,5053,0,0,0,0
12,60,6.36,5053,5053,5053,5053,0,0,0,0
12,61,4.95,5464,5464,5059,5059,0,0,405,405
12,62,4.28,4374,4374,4374,4374,0,0,0,0
12,63,3.96,4163,4163,3990,3990,173,173,0,0
12,64,2.91,3335,3335,3335,3335,0,0,0,0
12,65,7.25,1754,1754,1754,1754,0,0,0,0
12,68,1,211,211,211,211,0,0,0,0
12,70,1,197,197,197,197,0,0,0,0
12,72,1.94,334,334,206,206,43,43,0,0
12,73,1,220,220,55,55,55,55,0,0
12,74,1,380,380,380,380,0,0,0,0
12,75,0.21,638,638,638,638,0,0,0,0
12,76,0.37,1123,1123,1123,1123,0,0,0,0
12,77,0.31,628,628,628,628,0,0,0,0
12,78,1.97,2077,2077,2077,2077,0,0,0,0
12,79,2.29,2506,2506,2506,2506,0,0,0,0
12,80,5.59,3547,3547,3547,3547,0,0,0,0
12,81,4.63,5365,5365,5365,5365,0,0,0,0
12,82,4,4254,4254,4254,4254,0,0,0,0
12,83,2.65,5609,5609,5609,5609,0,0,0,0
12,84,2.9,4260,4260,4135,4135,28,28,153,153
12,85,4.62,3153,3153,1439,1439,633,633,2030,2030
12,86,2.58,5307,5307,5307,5307,0,0,0,0
12,87,2.98,6007,6007,6007,6007,0,0,0,0
12,88,4.49,5292,5292,5072,5072,220,220,0,0
12,89,5.84,5369,5369,3406,3406,1963,1963,0,0
12,90,2.81,3905,3905,3903,3903,1,1,0,0
12,92,0.24,404,404,404,404,0,0,0,0
12,93,1.1,198,198,170,170,28,28,0,0
12,94,1.18,490,490,110,110,380,380,0,0
12,95,1.26,3969,3969,0,0,3969,3969,0,0
12,97,3.8,659,659,620,620,39,39,0,0
12,98,0.2,147,147,147,147,0,0,0,0
12,100,0.09,16,16,0,0,16,16,0,0
12,101,2,71,71,0,0,71,71,0,0
12,102,2.89,1457,1457,0,0,1457,1457,0,0
12,104,1,35,35,0,0,35,35,0,0
12,106,0.62,249,249,0,0,249,249,0,0
12,110,1,1132,1132,0,0,1132,1132,0,0
12,111,2,1667,1667,0,0,1667,1667,0,0
12,112,0.76,1720,1720,0,0,1720,1720,0,0
12,113,0.24,537,537,0,0,537,537,0,0
12,114,3.07,1374,1374,0,0,1374,1374,0,0
12,115,1.3,1403,1403,0,0,1403,1403,0,0
12,120,1.99,171,171,171,171,0,0,0,0
12,121,2.01,395,395,1,1,394,394,0,0
12,123,0.06,2,2,0,0,2,2,0,0
12,124,0.94,25,25,0,0,25,25,0,0
12,125,1,50,50,0,0,50,50,0,0
13,1,4,401,401,342,342,59,59,0,0
13,2,1,44,44,44,44,0,0,0,0
13,3,1,118,118,118,118,0,0,0,0
13,7,0.4,48,48,48,48,0,0,0,0
13,8,1.1,118,118,118,118,0,0,0,0
13,12,1,91,91,91,91,0,0,0,0
13,13,2,215,215,215,215,0,0,0,0
13,14,3,183,183,163,163,20,20,0,0
13,17,1,188,188,188,188,0,0,0,0
13,19,0.01,7,7,7,7,0,0,0,0
13,23,2,436,436,436,436,0,0,0,0
13,24,1.18,117,117,117,117,0,0,0,0
13,25,0.12,11,11,11,11,0,0,0,0
13,26,1,96,96,96,96,0,0,0,0
13,27,3,247,247,247,247,0,0,0,0
13,28,2.86,217,217,217,217,0,0,0,0
13,32,3.58,431,431,278,278,51,51,0,0
13,33,2.89,339,339,339,339,0,0,0,0
13,34,0.53,85,85,85,85,0,0,0,0
13,35,1,279,279,279,279,0,0,0,0
13,36,1,107,107,107,107,0,0,0,0
13,37,3,351,351,351,351,0,0,0,0
13,38,1.83,329,329,329,329,0,0,0,0
13,39,0.17,17,17,17,17,0,0,0,0
13,41,2.81,367,367,367,367,0,0,0,0
13,42,0.17,136,136,136,136,0,0,0,0
13,43,0.83,661,661,661,661,0,0,0,0
13,50,4.21,2123,2123,578,578,1545,1545,0,0
13,51,0.65,117,117,117,117,0,0,0,0
13,53,2,569,569,569,569,0,0,0,0
13,54,1,127,127,127,127,0,0,0,0
13,55,1,184,184,184,184,0,0,0,0
13,56,1,252,252,252,252,0,0,0,0
13,57,5.35,3515,3515,3515,3515,0,0,0,0
13,58,2.15,4390,4390,4390,4390,0,0,0,0
13,59,5.06,3474,3474,3474,3474,0,0,0,0
13,60,7.49,6385,6385,6385,6385,0,0,0,0
13,61,2.59,6134,6134,6134,6134,0,0,0,0
13,62,5.37,2498,2498,2392,2392,0,0,106,106
13,63,5.19,2015,2015,1280,1280,0,0,734,734
13,64,5.09,2271,2271,2107,2107,55,55,0,0
13,65,2.67,961,961,820,820,47,47,0,0
13,66,0.35,95,95,28,28,22,22,0,0
13,69,2,266,266,266,266,0,0,0,0
13,70,0.25,62,62,62,62,0,0,0,0
13,71,1.31,235,235,235,235,0,0,0,0
13,72,2.06,304,304,294,294,11,11,0,0
13,73,1,87,87,87,87,0,0,0,0
13,74,0.99,371,371,371,371,0,0,0,0
13,75,0.15,458,458,458,458,0,0,0,0
13,76,1,213,213,213,213,0,0,0,0
13,77,1.69,1882,1882,1882,1882,0,0,0,0
13,78,0.16,56,56,56,56,0,0,0,0
13,79,3.49,1302,1302,1302,1302,0,0,0,0
13,80,3.73,3433,3433,3433,3433,0,0,0,0
13,81,3.83,3480,3480,3480,3480,0,0,0,0
13,82,6.61,5710,5710,5054,5054,0,0,656,656
13,83,2.22,7191,7191,7191,7191,0,0,0,0
13,84,2.87,6784,6784,6031,6031,0,0,753,753
13,85,2.95,6938,6938,6037,6037,0,0,901,901
13,86,5.03,6958,6958,6782,6782,0,0,176,176
13,87,3.38,6521,6521,6521,6521,0,0,0,0
13,88,8.18,4004,4004,4004,4004,0,0,0,0
13,89,5.63,3893,3893,3246,3246,471,471,176,176
13,90,7.74,3479,3479,3058,3058,6,6,415,415
13,91,1.53,293,293,293,293,0,0,0,0
13,93,0.45,42,42,42,42,0,0,0,0
13,94,1.47,942,942,51,51,891,891,0,0
13,95,1.65,2074,2074,36,36,2038,2038,0,0
13,96,1,103,103,103,103,0,0,0,0
13,99,2,193,193,0,0,193,193,0,0
13,100,2.91,218,218,0,0,218,218,0,0
13,101,2.91,1263,1263,0,0,1263,1263,0,0
13,102,2,444,444,392,392,52,52,0,0
13,103,1,933,933,0,0,933,933,0,0
13,104,5.91,425,425,0,0,425,425,0,0
13,105,2,93,93,0,0,93,93,0,0
13,116,1,20,20,0,0,20,20,0,0
13,120,2,96,96,96,96,0,0,0,0
13,124,1,88,88,88,88,0,0,0,0
14,2,0.96,50,50,50,50,0,0,0,0
14,3,0.02,1,1,1,1,0,0,0,0
14,4,1,26,26,0,0,26,26,0,0
14,7,1.6,94,94,73,73,21,21,0,0
14,8,0.86,124,124,124,124,0,0,0,0
14,9,1.77,96,96,92,92,3,3,0,0
14,10,1.27,139,139,137,137,1,1,0,0
14,12,1.76,107,107,107,107,0,0,0,0
14,13,1.24,101,101,101,101,0,0,0,0
14,14,2,184,184,184,184,0,0,0,0
14,15,0.28,41,41,41,41,0,0,0,0
14,16,1,35,35,35,35,0,0,0,0
14,17,2,126,126,126,126,0,0,0,0
14,19,1,27,27,0,0,27,27,0,0
14,21,1,220,220,220,220,0,0,0,0
14,22,1,133,133,133,133,0,0,0,0
14,24,1,103,103,103,103,0,0,0,0
14,26,0.46,60,60,60,60,0,0,0,0
14,27,2,308,308,308,308,0,0,0,0
14,28,1.04,16,16,2,2,14,14,0,0
14,29,1,57,57,57,57,0,0,0,0
14,30,2,235,235,235,235,0,0,0,0
14,31,2.56,328,328,328,328,0,0,0,0
14,32,2.44,288,288,288,288,0,0,0,0
14,33,2.59,247,247,225,225,22,22,0,0
14,36,3,538,538,519,519,19,19,0,0
14,39,2.11,393,393,393,393,0,0,0,0
14,40,0.89,204,204,204,204,0,0,0,0
14,41,0.19,47,47,47,47,0,0,0,0
14,44,0.44,90,90,90,90,0,0,0,0
14,45,1,303,303,303,303,0,0,0,0
14,47,0.41,10,10,0,0,10,10,0,0
14,48,2,100,100,78,78,22,22,0,0
14,49,3,490,490,490,490,0,0,0,0
14,50,1,153,153,153,153,0,0,0,0
14,51,1.23,274,274,274,274,0,0,0,0
14,52,1,96,96,96,96,0,0,0,0
14,54,2,439,439,439,439,0,0,0,0
14,57,5.06,1675,1675,1356,1356,68,68,116,116
14,58,3.53,2259,2259,2259,2259,0,0,0,0
14,59,3.29,1574,1574,1574,1574,0,0,0,0
14,60,1.85,2112,2112,2112,2112,0,0,0,0
14,61,1.5,2511,2511,2511,2511,0,0,0,0
14,62,3.6,2249,2249,2249,2249,0,0,0,0
14,63,1.17,509,509,509,509,0,0,0,0
14,64,2.37,229,229,78,78,58,58,0,0
14,65,0.87,137,137,137,137,0,0,0,0
14,66,0.97,170,170,170,170,0,0,0,0
14,68,2,399,399,379,379,20,20,0,0
14,69,2.3,315,315,315,315,0,0,0,0
14,70,1.45,297,297,297,297,0,0,0,0
14,71,3.45,873,873,851,851,22,22,0,0
14,72,4,278,278,239,239,39,39,0,0
14,73,1,29,29,0,0,29,29,0,0
14,74,0.01,2,2,2,2,0,0,0,0
14,75,0.03,7,7,7,7,0,0,0,0
14,76,1.9,290,290,290,290,0,0,0,0
14,77,2,244,244,38,38,206,206,0,0
14,78,0.47,164,164,164,164,0,0,0,0
14,79,3.07,1905,1905,1905,1905,0,0,0,0
14,80,5.59,4460,4460,4460,4460,0,0,0,0
14,81,3.07,4376,4376,4376,4376,0,0,0,0
14,82,4.93,5183,5183,5112,5112,0,0,71,71
14,83,4.09,6791,6791,6086,6086,598,598,107,107
14,84,3.2,6590,6590,6329,6329,261,261,0,0
14,85,1.82,7260,7260,7260,7260,0,0,0,0
14,86,4.32,6355,6355,6355,6355,0,0,0,0
14,87,5.88,5083,5083,4586,4586,0,0,497,497
14,88,4.62,3358,3358,2988,2988,123,123,0,0
14,89,5.07,2967,2967,2760,2760,52,52,51,51
14,90,1.56,1043,1043,243,243,0,0,800,800
14,94,0.01,0,0,0,0,0,0,0,0
14,99,1,366,366,0,0,366,366,0,0
14,100,0.27,506,506,0,0,506,506,0,0
14,101,0.21,1778,1778,0,0,1778,1778,0,0
14,102,1,57,57,0,0,57,57,0,0
14,103,1,85,85,0,0,85,85,0,0
14,104,3.08,271,271,0,0,271,271,0,0
14,106,1,43,43,0,0,43,43,0,0
14,113,1,22,22,0,0,22,22,0,0
15,0,1,57,57,57,57,0,0,0,0
15,1,1,17,17,0,0,17,17,0,0
15,2,0.92,110,110,110,110,0,0,0,0
15,3,1.98,85,85,70,70,15,15,0,0
15,5,0.26,82,82,82,82,0,0,0,0
15,6,2.74,300,300,288,288,11,11,0,0
15,7,0.43,79,79,79,79,0,0,0,0
15,8,0.57,107,107,107,107,0,0,0,0
15,9,0.89,125,125,125,125,0,0,0,0
15,10,1.11,250,250,250,250,0,0,0,0
15,11,3,183,183,170,170,13,13,0,0
15,12,1,103,103,103,103,0,0,0,0
15,13,3,261,261,261,261,0,0,0,0
15,14,0.43,31,31,31,31,0,0,0,0
15,15,2.29,213,213,213,213,0,0,0,0
15,16,1.07,80,80,80,80,0,0,0,0
15,17,1.09,152,152,152,152,0,0,0,0
15,18,1.84,254,254,254,254,0,0,0,0
15,19,2,232,232,232,232,0,0,0,0
15,20,1,19,19,0,0,19,19,0,0
15,21,0.04,4,4,4,4,0,0,0,0
15,22,1.97,189,189,189,189,0,0,0,0
15,23,1.06,116,116,116,116,0,0,0,0
15,24,0.36,88,88,88,88,0,0,0,0
15,26,1.53,296,296,296,296,0,0,0,0
15,27,0.01,1,1,1,1,0,0,0,0
15,31,0.23,31,31,31,31,0,0,0,0
15,32,5.33,533,533,508,508,25,25,0,0
15,36,1,406,406,406,406,0,0,0,0
15,39,1,220,220,220,220,0,0,0,0
15,40,1.44,95,95,78,78,17,17,0,0
15,41,1.56,144,144,144,144,0,0,0,0
15,44,0.76,136,136,136,136,0,0,0,0
15,47,1.59,125,125,111,111,14,14,0,0
15,51,1.81,133,133,133,133,0,0,0,0
15,53,1,156,156,156,156,0,0,0,0
15,55,1,282,282,282,282,0,0,0,0
15,56,2,497,497,497,497,0,0,0,0
15,58,2.93,1878,1878,1878,1878,0,0,0,0
15,59,1,215,215,215,215,0,0,0,0
15,60,0.44,165,165,165,165,0,0,0,0
15,61,1,56,56,56,56,0,0,0,0
15,63,3.99,592,592,592,592,0,0,0,0
15,64,0.1,1,1,0,0,1,1,0,0
15,65,1.13,141,141,141,141,0,0,0,0
15,66,2.2,67,67,32,32,19,19,0,0
15,67,1.18,141,141,141,141,0,0,0,0
15,68,0.62,65,65,65,65,0,0,0,0
15,70,1,13,13,0,0,13,13,0,0
15,71,0.23,83,83,83,83,0,0,0,0
15,75,1.86,503,503,503,503,0,0,0,0
15,76,0.21,63,63,63,63,0,0,0,0
15,77,0.05,7,7,0,0,7,7,0,0
15,78,1.91,2591,2591,0,0,2591,2591,0,0
15,79,5.35,3149,3149,3017,3017,53,53,0,0
15,80,3.52,4144,4144,4144,4144,0,0,0,0
15,81,6.35,3678,3678,3678,3678,0,0,0,0
15,82,4.05,4422,4422,4422,4422,0,0,0,0
15,83,4.16,5649,5649,3599,3599,6,6,2044,2044
15,84,1.69,6592,6592,6460,6460,42,42,90,90
15,85,8.37,5537,5537,5479,5479,0,0,58,58
15,86,3.72,5524,5524,5301,5301,0,0,223,223
15,87,4.13,5033,5033,5033,5033,0,0,0,0
15,88,2.64,5101,5101,5101,5101,0,0,0,0
15,89,2.5,1796,1796,1796,1796,0,0,0,0
15,94,0.99,38,38,38,38,0,0,0,0
15,99,0.59,1400,1400,0,0,1400,1400,0,0
15,100,2.64,3027,3027,0,0,3027,3027,0,0
15,101,0.65,9356,9356,0,0,9356,9356,0,0
15,102,0.05,711,711,0,0,711,711,0,0
15,106,1,39,39,0,0,39,39,0,0
15,114,1,69,69,0,0,69,69,0,0
16,0,1.59,121,121,121,121,0,0,0,0
16,1,1.05,76,76,76,76,0,0,0,0
16,2,1.12,134,134,134,134,0,0,0,0
16,4,3.73,450,450,450,450,0,0,0,0
16,5,3.5,180,180,128,128,52,52,0,0
16,7,1,88,88,88,88,0,0,0,0
16,10,1,102,102,102,102,0,0,0,0
16,12,2,150,150,150,150,0,0,0,0
16,13,1,26,26,0,0,26,26,0,0
16,15,0.7,40,40,40,40,0,0,0,0
16,16,1.25,2195,2195,28,28,2167,2167,0,0
16,17,2.75,233,233,205,205,27,27,0,0
16,18,2.98,435,435,435,435,0,0,0,0
16,19,2.02,157,157,157,157,0,0,0,0
16,21,1.5,276,276,276,276,0,0,0,0
16,22,2.43,201,201,185,185,16,16,0,0
16,24,1.64,309,309,309,309,0,0,0,0
16,25,2,307,307,307,307,0,0,0,0
16,27,1,17,17,0,0,17,17,0,0
16,29,1,199,199,199,199,0,0,0,0
16,32,2.24,361,361,361,361,0,0,0,0
16,33,0.26,66,66,66,66,0,0,0,0
16,38,1.75,297,297,297,297,0,0,0,0
16,39,0.25,50,50,50,50,0,0,0,0
16,42,2,158,158,128,128,30,30,0,0
16,44,0.79,88,88,88,88,0,0,0,0
16,45,1.29,302,302,302,302,0,0,0,0
16,46,0.71,270,270,270,270,0,0,0,0
16,49,0.21,35,35,35,35,0,0,0,0
16,50,1.79,333,333,333,333,0,0,0,0
16,51,1.63,397,397,397,397,0,0,0,0
16,52,0.47,100,100,100,100,0,0,0,0
16,53,2.86,534,534,534,534,0,0,0,0
16,54,2,355,355,355,355,0,0,0,0
16,56,1,216,216,216,216,0,0,0,0
16,57,0.34,22,22,5,5,5,5,0,0
16,58,2.07,353,353,353,353,0,0,0,0
16,59,0.93,385,385,385,385,0,0,0,0
16,60,1.56,330,330,242,242,29,29,0,0
16,61,2,199,199,167,167,32,32,0,0
16,62,1,325,325,325,325,0,0,0,0
16,63,2.51,321,321,280,280,29,29,0,0
16,64,4.91,695,695,495,495,54,54,50,50
16,65,3.43,606,606,606,606,0,0,0,0
16,66,2,82,82,66,66,16,16,0,0
16,67,1,16,16,0,0,16,16,0,0
16,70,3,201,201,194,194,7,7,0,0
16,72,3.85,458,458,409,409,49,49,0,0
16,73,1.15,249,249,249,249,0,0,0,0
16,75,3.44,280,280,174,174,41,41,0,0
16,76,4.86,464,464,371,371,40,40,0,0
16,78,1.06,213,213,40,40,174,174,0,0
16,79,3.72,2604,2604,2254,2254,350,350,0,0
16,80,4.71,4446,4446,4446,4446,0,0,0,0
16,81,4.54,4569,4569,4569,4569,0,0,0,0
16,82,1.81,3491,3491,3491,3491,0,0,0,0
16,83,6.36,4755,4755,4599,4599,52,52,0,0
16,84,2.67,3053,3053,3053,3053,0,0,0,0
16,85,4.75,5131,5131,5131,5131,0,0,0,0
16,86,2.56,5947,5947,5947,5947,0,0,0,0
16,87,5.06,5418,5418,5418,5418,0,0,0,0
16,88,5.71,5313,5313,5313,5313,0,0,0,0
16,89,4.01,3276,3276,3276,3276,0,0,0,0
16,90,10.1,3184,3184,3076,3076,36,36,0,0
16,91,3.68,2495,2495,2495,2495,0,0,0,0
16,92,4.81,2420,2420,2420,2420,0,0,0,0
16,93,4.1,265,265,265,265,0,0,0,0
16,95,1.36,306,306,130,130,0,0,176,176
16,96,1.64,486,486,486,486,0,0,0,0
16,99,0.19,445,445,0,0,445,445,0,0
16,100,2.83,4024,4024,0,0,4024,4024,0,0
16,101,0.25,2260,2260,0,0,2260,2260,0,0
16,102,0.02,264,264,0,0,264,264,0,0
16,109,1,15,15,0,0,15,15,0,0
16,118,1.91,565,565,141,141,141,141,0,0
16,119,2.09,101,101,11,11,68,68,0,0
16,123,1,87,87,87,87,0,0,0,0
17,3,2,263,263,251,251,12,12,0,0
17,4,1.77,156,156,156,156,0,0,0,0
17,6,0.78,165,165,165,165,0,0,0,0
17,8,0.58,117,117,117,117,0,0,0,0
17,9,1.42,158,158,158,158,0,0,0,0
17,10,3,404,404,404,404,0,0,0,0
17,12,0.09,11,11,11,11,0,0,0,0
17,13,2,309,309,309,309,0,0,0,0
17,15,0.3,17,17,17,17,0,0,0,0
17,16,2.6,160,160,128,128,32,32,0,0
17,18,1,169,169,169,169,0,0,0,0
17,20,0.64,99,99,25,25,25,25,0,0
17,21,6,434,434,434,434,0,0,0,0
17,22,1.82,348,348,348,348,0,0,0,0
17,23,1.18,75,75,47,47,28,28,0,0
17,26,0.84,79,79,79,79,0,0,0,0
17,27,1.99,193,193,170,170,23,23,0,0
17,28,0.01,2,2,2,2,0,0,0,0
17,30,1,29,29,0,0,29,29,0,0
17,32,1.95,108,108,94,94,14,14,0,0
17,48,1,260,260,260,260,0,0,0,0
17,49,0.96,204,204,204,204,0,0,0,0
17,50,1,121,121,121,121,0,0,0,0
17,51,1,155,155,155,155,0,0,0,0
17,53,0.18,32,32,32,32,0,0,0,0
17,54,1,168,168,168,168,0,0,0,0
17,55,2,654,654,654,654,0,0,0,0
17,56,0.01,4,4,4,4,0,0,0,0
17,57,2.51,612,612,582,582,10,10,0,0
17,58,1.01,382,382,381,381,0,0,0,0
17,60,1,71,71,71,71,0,0,0,0
17,61,4,380,380,367,367,13,13,0,0
17,63,0.88,67,67,67,67,0,0,0,0
17,64,3.5,128,128,45,45,62,62,0,0
17,65,5.7,628,628,577,577,51,51,0,0
17,66,2.49,201,201,201,201,0,0,0,0
17,68,1,236,236,236,236,0,0,0,0
17,69,2,75,75,58,58,17,17,0,0
17,71,1.15,52,52,37,37,16,16,0,0
17,72,2.8,538,538,326,326,71,71,0,0
17,73,2.43,222,222,149,149,24,24,0,0
17,74,1.75,397,397,397,397,0,0,0,0
17,75,2.7,363,363,358,358,6,6,0,0
17,76,0.26,733,733,0,0,733,733,0,0
17,77,1.79,2372,2372,23,23,2349,2349,0,0
17,78,1.59,2532,2532,216,216,2316,2316,0,0
17,79,1.53,2165,2165,2165,2165,0,0,0,0
17,80,8.18,3288,3288,3288,3288,0,0,0,0
17,81,2.88,5604,5604,5604,5604,0,0,0,0
17,82,2.94,2123,2123,2123,2123,0,0,0,0
17,83,2.54,1031,1031,1031,1031,0,0,0,0
17,84,3.88,1499,1499,1499,1499,0,0,0,0
17,85,3.51,5662,5662,5640,5640,22,22,0,0
17,86,2.25,5807,5807,5807,5807,0,0,0,0
17,87,6.63,5111,5111,5111,5111,0,0,0,0
17,88,4.93,5710,5710,5710,5710,0,0,0,0
17,89,4.44,5525,5525,5525,5525,0,0,0,0
17,90,6.62,3829,3829,3829,3829,0,0,0,0
17,91,2.61,4700,4700,4700,4700,0,0,0,0
17,92,2.07,3012,3012,3012,3012,0,0,0,0
17,93,2.17,953,953,404,404,183,183,0,0
17,94,2.21,1004,1004,251,251,251,251,0,0
17,95,0.02,11,11,3,3,3,3,0,0
17,99,0.01,61,61,0,0,61,61,0,0
17,100,0.37,2186,2186,0,0,2186,2186,0,0
17,101,0.01,80,80,0,0,80,80,0,0
17,107,1,20,20,0,0,20,20,0,0
17,108,1,80,80,0,0,80,80,0,0
17,113,1,28,28,0,0,28,28,0,0
17,115,1,40,40,0,0,40,40,0,0
17,116,2,614,614,0,0,614,614,0,0
18,3,5,516,516,500,500,16,16,0,0
18,4,2.95,348,348,348,348,0,0,0,0
18,5,0.05,6,6,6,6,0,0,0,0
18,6,0.22,46,46,46,46,0,0,0,0
18,10,1,153,153,153,153,0,0,0,0
18,11,1,175,175,44,44,44,44,0,0
18,12,0.91,113,113,113,113,0,0,0,0
18,13,1.82,165,165,165,165,0,0,0,0
18,14,0.18,19,19,19,19,0,0,0,0
18,15,1,44,44,44,44,0,0,0,0
18,16,0.4,43,43,43,43,0,0,0,0
18,20,2.36,187,187,145,145,14,14,0,0
18,21,1.98,262,262,262,262,0,0,0,0
18,22,0.02,2,2,2,2,0,0,0,0
18,24,1,100,100,100,100,0,0,0,0
18,25,1,130,130,130,130,0,0,0,0
18,26,1.16,73,73,73,73,0,0,0,0
18,32,1.1,37,37,22,22,15,15,0,0
18,33,2.34,115,115,52,52,63,63,0,0
18,37,0.79,133,133,133,133,0,0,0,0
18,38,2.4,616,616,616,616,0,0,0,0
18,39,2.32,286,286,171,171,38,38,0,0
18,41,1.97,138,138,112,112,27,27,0,0
18,42,3.03,275,275,274,274,1,1,0,0
18,43,2.11,362,362,362,362,0,0,0,0
18,44,3.79,491,491,491,491,0,0,0,0
18,45,1,118,118,118,118,0,0,0,0
18,47,1.29,135,135,135,135,0,0,0,0
18,48,0.71,76,76,76,76,0,0,0,0
18,49,0.07,13,13,13,13,0,0,0,0
18,52,3,235,235,126,126,51,51,0,0
18,53,0.82,142,142,142,142,0,0,0,0
18,55,1,153,153,153,153,0,0,0,0
18,56,0.12,39,39,39,39,0,0,0,0
18,57,1,333,333,333,333,0,0,0,0
18,60,1,222,222,55,55,55,55,0,0
18,61,3,561,561,511,511,50,50,0,0
18,62,1,75,75,75,75,0,0,0,0
18,64,1.39,26,26,0,0,26,26,0,0
18,65,2.3,103,103,62,62,42,42,0,0
18,66,3.9,413,413,297,297,46,46,0,0
18,69,1,121,121,121,121,0,0,0,0
18,71,1,135,135,135,135,0,0,0,0
18,72,2,296,296,288,288,8,8,0,0
18,73,3,318,318,311,311,7,7,0,0
18,74,4.46,488,488,443,443,45,45,0,0
18,77,1.69,882,882,282,282,600,600,0,0
18,78,5.09,1144,1144,911,911,78,78,0,0
18,79,2.24,1004,1004,452,452,184,184,0,0
18,80,4.71,1985,1985,1985,1985,0,0,0,0
18,81,2.59,1062,1062,1062,1062,0,0,0,0
18,82,8.98,1041,1041,1041,1041,0,0,0,0
18,84,0.4,589,589,209,209,380,380,0,0
18,85,1.24,3409,3409,1218,1218,2191,2191,0,0
18,86,1.82,3269,3269,3269,3269,0,0,0,0
18,87,3.32,2662,2662,2363,2363,298,298,0,0
18,88,5.81,5302,5302,5302,5302,0,0,0,0
18,89,3.49,4953,4953,4916,4916,12,12,0,0
18,90,5.29,2183,2183,2012,2012,57,57,0,0
18,91,4.37,2829,2829,1811,1811,870,870,148,148
18,92,2.39,4615,4615,4615,4615,0,0,0,0
18,93,5.77,2700,2700,2065,2065,212,212,0,0
18,94,1.88,1069,1069,1020,1020,16,16,0,0
18,95,4.82,616,616,561,561,54,54,0,0
18,96,3.12,350,350,350,350,0,0,0,0
18,122,1,9,9,0,0,9,9,0,0
19,16,1,151,151,38,38,38,38,0,0
19,19,4,282,282,270,270,11,11,0,0
19,21,0.29,6,6,0,0,6,6,0,0
19,22,0.71,14,14,0,0,14,14,0,0
19,31,2,125,125,108,108,17,17,0,0
19,32,2.66,274,274,249,249,24,24,0,0
19,33,1.9,278,278,270,270,8,8,0,0
19,35,1.43,189,189,167,167,22,22,0,0
19,36,1.57,315,315,315,315,0,0,0,0
19,37,1.49,220,220,220,220,0,0,0,0
19,38,2,215,215,215,215,0,0,0,0
19,39,2,213,213,183,183,30,30,0,0
19,40,1.28,244,244,244,244,0,0,0,0
19,41,1.08,219,219,219,219,0,0,0,0
19,42,1.64,496,496,496,496,0,0,0,0
19,43,2,148,148,30,30,57,57,0,0
19,44,0.1,27,27,27,27,0,0,0,0
19,49,0.97,148,148,148,148,0,0,0,0
19,50,2,309,309,309,309,0,0,0,0
19,52,0.02,1,1,1,1,0,0,0,0
19,53,0.98,84,84,84,84,0,0,0,0
19,55,0.24,56,56,56,56,0,0,0,0
19,56,0.76,181,181,181,181,0,0,0,0
19,57,1.98,230,230,129,129,33,33,0,0
19,58,0.02,2,2,1,1,1,1,0,0
19,60,1.67,91,91,73,73,18,18,0,0
19,61,1.33,154,154,65,65,30,30,0,0
19,63,1,82,82,82,82,0,0,0,0
19,64,1,23,23,0,0,23,23,0,0
19,67,3,433,433,238,238,65,65,0,0
19,68,3.51,232,232,139,139,48,48,0,0
19,69,3.49,879,879,507,507,124,124,0,0
19,70,3.42,585,585,443,443,47,47,0,0
19,71,0.01,2,2,2,2,0,0,0,0
19,74,0.4,123,123,123,123,0,0,0,0
19,75,1,8,8,0,0,8,8,0,0
19,76,1,289,289,289,289,0,0,0,0
19,77,6.4,1042,1042,1042,1042,0,0,0,0
19,78,4.22,2651,2651,2651,2651,0,0,0,0
19,79,7.9,2920,2920,2650,2650,90,90,0,0
19,80,6.45,837,837,742,742,32,32,0,0
19,81,9,440,440,372,372,69,69,0,0
19,83,0.5,22,22,22,22,0,0,0,0
19,84,0.08,7,7,7,7,0,0,0,0
19,85,3.2,1885,1885,1885,1885,0,0,0,0
19,86,3.69,3093,3093,3093,3093,0,0,0,0
19,87,3.44,2655,2655,1321,1321,1334,1334,0,0
19,88,2.97,4711,4711,3973,3973,737,737,0,0
19,89,1.77,4410,4410,4410,4410,0,0,0,0
19,90,5.09,5156,5156,5156,5156,0,0,0,0
19,91,7.68,5416,5416,5416,5416,0,0,0,0
19,92,3.45,5426,5426,5426,5426,0,0,0,0
19,93,7.44,3815,3815,3809,3809,2,2,0,0
19,94,7.95,2041,2041,2041,2041,0,0,0,0
19,96,2,57,57,48,48,9,9,0,0
19,111,1,83,83,83,83,0,0,0,0
19,126,1,5,5,0,0,5,5,0,0
20,0,1,67,67,67,67,0,0,0,0
20,1,1,57,57,57,57,0,0,0,0
20,3,2,75,75,70,70,5,5,0,0
20,4,1,28,28,0,0,28,28,0,0
20,5,2,81,81,61,61,20,20,0,0
20,6,3,139,139,133,133,6,6,0,0
20,7,3,287,287,256,256,31,31,0,0
20,8,0.95,78,78,78,78,0,0,0,0
20,9,2,238,238,238,238,0,0,0,0
20,10,1,50,50,50,50,0,0,0,0
20,11,4,346,346,346,346,0,0,0,0
20,12,4,234,234,177,177,56,56,0,0
20,13,0.8,204,204,204,204,0,0,0,0
20,14,1,78,78,78,78,0,0,0,0
20,15,3.78,292,292,264,264,27,27,0,0
20,16,0.04,15,15,15,15,0,0,0,0
20,18,0.59,64,64,64,64,0,0,0,0
20,19,0.41,45,45,45,45,0,0,0,0
20,22,1,123,123,123,123,0,0,0,0
20,29,0.12,9,9,9,9,0,0,0,0
20,30,4.05,628,628,628,628,0,0,0,0
20,38,2.94,169,169,118,118,51,51,0,0
20,39,4,401,401,374,374,27,27,0,0
20,45,1,83,83,83,83,0,0,0,0
20,46,2,179,179,179,179,0,0,0,0
20,49,1,117,117,117,117,0,0,0,0
20,54,0.13,29,29,29,29,0,0,0,0
20,55,1,225,225,225,225,0,0,0,0
20,56,1,214,214,214,214,0,0,0,0
20,59,0.83,120,120,120,120,0,0,0,0
20,60,1.17,61,61,61,61,0,0,0,0
20,66,3,375,375,172,172,85,85,0,0
20,67,1,320,320,80,80,80,80,0,0
20,69,2.01,647,647,647,647,0,0,0,0
20,70,1.46,183,183,183,183,0,0,0,0
20,75,3.18,419,419,419,419,0,0,0,0
20,76,12.75,1498,1498,1498,1498,0,0,0,0
20,77,8.65,811,811,811,811,0,0,0,0
20,78,4.41,1040,1040,1040,1040,0,0,0,0
20,79,6.34,1309,1309,1309,1309,0,0,0,0
20,80,2.23,702,702,660,660,14,14,0,0
20,82,1,6,6,0,0,6,6,0,0
20,83,2.5,95,95,61,61,34,34,0,0
20,84,0.92,87,87,87,87,0,0,0,0
20,85,2.02,739,739,83,83,0,0,656,656
20,86,2.09,3259,3259,3259,3259,0,0,0,0
20,87,4.61,4630,4630,3928,3928,702,702,0,0
20,88,3.01,5034,5034,5034,5034,0,0,0,0
20,89,4.83,4210,4210,4210,4210,0,0,0,0
20,90,6.64,4523,4523,4523,4523,0,0,0,0
20,91,9.99,4063,4063,4063,4063,0,0,0,0
20,92,3.97,5497,5497,5497,5497,0,0,0,0
20,93,5.39,1989,1989,1919,1919,23,23,0,0
20,94,0.99,38,38,38,38,0,0,0,0
20,96,1,6,6,0,0,6,6,0,0
20,108,0.4,55,55,55,55,0,0,0,0
20,109,1,20,20,0,0,20,20,0,0
20,115,1,25,25,0,0,25,25,0,0
20,118,1,16,16,0,0,16,16,0,0
20,124,1,49,49,0,0,49,49,49,49
21,0,3,118,118,76,76,42,42,0,0
21,1,2,95,95,70,70,25,25,0,0
21,3,4.32,230,230,196,196,34,34,0,0
21,4,1.68,200,200,200,200,0,0,0,0
21,7,2,147,147,147,147,0,0,0,0
21,8,0.05,4,4,4,4,0,0,0,0
21,10,3.13,279,279,279,279,0,0,0,0
21,11,3,182,182,150,150,33,33,0,0
21,13,0.2,52,52,52,52,0,0,0,0
21,14,1,113,113,113,113,0,0,0,0
21,15,3.01,617,617,617,617,0,0,0,0
21,16,3.16,485,485,485,485,0,0,0,0
21,17,2,223,223,223,223,0,0,0,0
21,18,1.95,339,339,339,339,0,0,0,0
21,19,0.38,77,77,77,77,0,0,0,0
21,20,1,83,83,83,83,0,0,0,0
21,21,2.24,396,396,396,396,0,0,0,0
21,22,1.2,202,202,142,142,0,0,60,60
21,23,2,291,291,291,291,0,0,0,0
21,24,3,275,275,275,275,0,0,0,0
21,25,1.5,195,195,195,195,0,0,0,0
21,26,1,301,301,301,301,0,0,0,0
21,28,1.99,243,243,243,243,0,0,0,0
21,29,2,114,114,94,94,21,21,0,0
21,30,7.4,957,957,900,900,56,56,0,0
21,35,1,9,9,0,0,9,9,0,0
21,38,0.06,2,2,0,0,2,2,0,0
21,39,1,88,88,88,88,0,0,0,0
21,40,1,226,226,226,226,0,0,0,0
21,42,0.3,14,14,14,14,0,0,0,0
21,43,1.7,175,175,175,175,0,0,0,0
21,45,2,305,305,305,305,0,0,0,0
21,51,1.77,333,333,333,333,0,0,0,0
21,54,0.87,196,196,196,196,0,0,0,0
21,55,1,155,155,39,39,39,39,0,0
21,59,2.17,46,46,0,0,46,46,0,0
21,60,0.83,15,15,0,0,15,15,0,0
21,62,1,273,273,68,68,68,68,0,0
21,64,1.02,303,303,78,78,75,75,0,0
21,65,4,219,219,192,192,28,28,0,0
21,66,2.94,445,445,445,445,0,0,0,0
21,67,2,333,333,333,333,0,0,0,0
21,69,0.99,200,200,200,200,0,0,0,0
21,70,0.11,10,10,10,10,0,0,0,0
21,72,1.86,109,109,109,109,0,0,0,0
21,74,0.8,189,189,189,189,0,0,0,0
21,75,7.91,1031,1031,1031,1031,0,0,0,0
21,76,5.24,545,545,545,545,0,0,0,0
21,77,3.29,1009,1009,1009,1009,0,0,0,0
21,78,0.31,80,80,80,80,0,0,0,0
21,79,4,1053,1053,161,161,571,571,0,0
21,80,3,321,321,278,278,42,42,0,0
21,82,1,50,50,50,50,0,0,0,0
21,83,0.56,94,94,94,94,0,0,0,0
21,86,3.29,1555,1555,946,946,203,203,0,0
21,87,5.05,5035,5035,5035,5035,0,0,0,0
21,88,2.76,5452,5452,5452,5452,0,0,0,0
21,89,2.88,5538,5538,5538,5538,0,0,0,0
21,90,3.29,4732,4732,4732,4732,0,0,0,0
21,91,3.83,5662,5662,5662,5662,0,0,0,0
21,92,4.93,5454,5454,5454,5454,0,0,0,0
21,93,6.75,2071,2071,2071,2071,0,0,0,0
21,94,3.99,192,192,192,192,0,0,0,0
21,106,2,52,52,37,37,14,14,0,0
21,108,2.6,120,120,81,81,39,39,0,0
21,114,1.91,42,42,0,0,42,42,0,0
21,121,1,45,45,0,0,45,45,45,45
22,0,4,302,302,285,285,17,17,0,0
22,6,1,102,102,102,102,0,0,0,0
22,9,1,34,34,0,0,34,34,0,0
22,10,0.87,35,35,35,35,0,0,0,0
22,11,1.52,146,146,146,146,0,0,0,0
22,12,0.48,25,25,25,25,0,0,0,0
22,14,1,116,116,116,116,0,0,0,0
22,17,2,139,139,112,112,27,27,0,0
22,18,2.68,307,307,307,307,0,0,0,0
22,20,1,281,281,281,281,0,0,0,0
22,22,1.56,295,295,220,220,0,0,75,75
22,24,1,436,436,436,436,0,0,0,0
22,25,1.5,133,133,133,133,0,0,0,0
22,26,1,105,105,105,105,0,0,0,0
22,28,1.84,304,304,290,290,13,13,0,0
22,29,0.17,60,60,60,60,0,0,0,0
22,30,1.44,181,181,181,181,0,0,0,0
22,31,1,64,64,0,0,64,64,0,0
22,32,2,175,175,169,169,6,6,0,0
22,35,1,61,61,61,61,0,0,0,0
22,44,3.99,228,228,211,211,17,17,0,0
22,45,1,118,118,118,118,0,0,0,0
22,46,1,143,143,143,143,0,0,0,0
22,50,1.89,118,118,101,101,17,17,0,0
22,51,0.23,63,63,63,63,0,0,0,0
22,56,2,179,179,179,179,0,0,0,0
22,60,1,20,20,0,0,20,20,0,0
22,62,1,19,19,0,0,19,19,0,0
22,63,3.51,554,554,276,276,92,92,0,0
22,64,2.59,477,477,411,411,22,22,0,0
22,65,3.39,469,469,314,314,68,68,0,0
22,66,0.06,5,5,5,5,0,0,0,0
22,67,2.64,316,316,309,309,7,7,0,0
22,68,0.35,19,19,19,19,0,0,0,0
22,70,4,344,344,334,334,10,10,0,0
22,71,2,505,505,412,412,31,31,0,0
22,72,2.14,420,420,115,115,102,102,0,0
22,74,2,393,393,393,393,0,0,0,0
22,75,5.6,843,843,843,843,0,0,0,0
22,76,7.09,1270,1270,1270,1270,0,0,0,0
22,77,0.16,56,56,56,56,0,0,0,0
22,78,1,122,122,122,122,0,0,0,0
22,81,1,30,30,0,0,30,30,0,0
22,82,3.81,92,92,47,47,44,44,0,0
22,83,0.62,83,83,83,83,0,0,0,0
22,85,1.47,362,362,362,362,0,0,0,0
22,86,3.07,3931,3931,3931,3931,0,0,0,0
22,87,2.49,5357,5357,5357,5357,0,0,0,0
22,88,3.06,6143,6143,6143,6143,0,0,0,0
22,89,1.83,3513,3513,3513,3513,0,0,0,0
22,90,5.15,3734,3734,2298,2298,593,593,843,843
22,91,5.48,5524,5524,5524,5524,0,0,0,0
22,92,5.73,4674,4674,4674,4674,0,0,0,0
22,93,7.32,3790,3790,3790,3790,0,0,0,0
22,94,6,1187,1187,1187,1187,0,0,0,0
22,95,1,15,15,0,0,15,15,0,0
22,106,2,40,40,0,0,40,40,28,28
22,111,0.54,15,15,0,0,15,15,0,0
22,112,0.46,13,13,0,0,13,13,0,0
22,114,0.09,2,2,0,0,2,2,0,0
22,118,1.21,42,42,9,9,33,33,0,0
22,123,0.38,42,42,42,42,0,0,0,0
22,124,0.28,32,32,32,32,0,0,0,0
23,0,1,29,29,0,0,29,29,0,0
23,1,2,57,57,46,46,11,11,0,0
23,2,0.33,38,38,38,38,0,0,0,0
23,3,3.67,299,299,299,299,0,0,0,0
23,10,1,80,80,80,80,0,0,0,0
23,13,2.06,186,186,156,156,29,29,0,0
23,14,4.94,300,300,262,262,38,38,0,0
23,17,1,96,96,96,96,0,0,0,0
23,18,1.11,68,68,68,68,0,0,0,0
23,19,1.68,264,264,264,264,0,0,0,0
23,20,1.61,206,206,206,206,0,0,0,0
23,21,3,223,223,194,194,28,28,0,0
23,22,2,159,159,159,159,0,0,0,0
23,27,1,12,12,0,0,12,12,0,0
23,28,1,41,41,41,41,0,0,0,0
23,29,2.02,89,89,56,56,32,32,0,0
23,30,1.98,250,250,225,225,26,26,0,0
23,32,1,83,83,83,83,0,0,0,0
23,33,2,151,151,130,130,21,21,0,0
23,37,1,62,62,62,62,0,0,0,0
23,38,2,127,127,127,127,0,0,0,0
23,39,1,71,71,71,71,0,0,0,0
23,41,0.11,8,8,8,8,0,0,0,0
23,42,5.89,530,530,506,506,24,24,0,0
23,44,0.01,1,1,1,1,0,0,0,0
23,45,1,134,134,134,134,0,0,0,0
23,47,2,314,314,314,314,0,0,0,0
23,50,0.11,12,12,12,12,0,0,0,0
23,52,1,91,91,91,91,0,0,0,0
23,54,0.92,220,220,220,220,0,0,0,0
23,55,1.08,133,133,133,133,0,0,0,0
23,58,1,24,24,0,0,24,24,0,0
23,60,1.98,233,233,233,233,0,0,0,0
23,62,1.81,371,371,371,371,0,0,0,0
23,63,1,136,136,136,136,0,0,0,0
23,64,0.49,103,103,103,103,0,0,0,0
23,67,2.01,170,170,170,170,0,0,0,0
23,70,1.13,89,89,48,48,14,14,0,0
23,71,3.77,672,672,209,209,154,154,0,0
23,72,0.48,373,373,93,93,93,93,0,0
23,73,3,653,653,653,653,0,0,0,0
23,74,0.85,465,465,0,0,465,465,0,0
23,75,3,1016,1016,254,254,254,254,0,0
23,76,2.21,321,321,321,321,0,0,0,0
23,77,1.74,227,227,227,227,0,0,0,0
23,78,2,227,227,53,53,70,70,0,0
23,79,1.03,126,126,126,126,0,0,0,0
23,80,1,21,21,0,0,21,21,0,0
23,81,2,16,16,0,0,16,16,0,0
23,84,1.82,100,100,100,100,0,0,0,0
23,85,4.54,540,540,540,540,0,0,0,0
23,86,3.73,2814,2814,2814,2814,0,0,0,0
23,87,2.34,4554,4554,4554,4554,0,0,0,0
23,88,3.3,2209,2209,2209,2209,0,0,0,0
23,89,3.86,4507,4507,4507,4507,0,0,0,0
23,90,13.1,3617,3617,3617,3617,0,0,0,0
23,91,4.55,5727,5727,5727,5727,0,0,0,0
23,92,11.68,5103,5103,5103,5103,0,0,0,0
23,93,7.97,3892,3892,3892,3892,0,0,0,0
23,94,3.15,524,524,524,524,0,0,0,0
23,98,1,70,70,0,0,70,70,0,0
23,99,2,125,125,125,125,0,0,0,0
23,100,1,20,20,0,0,20,20,0,0
23,107,2,41,41,0,0,41,41,0,0
23,112,1,50,50,50,50,0,0,0,0
23,118,0.79,34,34,34,34,0,0,0,0
23,119,1,14,14,0,0,14,14,0,0
23,122,1,128,128,128,128,0,0,0,0
23,123,0.19,21,21,21,21,0,0,0,0
23,124,0.15,17,17,17,17,0,0,0,0
24,0,2,110,110,110,110,0,0,0,0
24,1,1,49,49,49,49,0,0,0,0
24,3,2,160,160,160,160,0,0,0,0
24,5,1,190,190,190,190,0,0,0,0
24,6,1,25,25,0,0,25,25,0,0
24,7,1,44,44,44,44,0,0,0,0
24,10,1,23,23,0,0,23,23,0,0
24,11,1,179,179,179,179,0,0,0,0
24,14,1,94,94,94,94,0,0,0,0
24,16,1.86,280,280,280,280,0,0,0,0
24,17,2,392,392,392,392,0,0,0,0
24,18,5.31,453,453,401,401,53,53,0,0
24,19,2.43,206,206,189,189,17,17,0,0
24,20,3.57,435,435,380,380,19,19,0,0
24,21,1.21,181,181,181,181,0,0,0,0
24,22,4,691,691,691,691,0,0,0,0
24,23,1,125,125,125,125,0,0,0,0
24,24,2.01,236,236,236,236,0,0,0,0
24,25,1,76,76,76,76,0,0,0,0
24,26,1,87,87,87,87,0,0,0,0
24,27,1,194,194,194,194,0,0,0,0
24,28,1,108,108,108,108,0,0,0,0
24,29,1.02,45,45,45,45,0,0,0,0
24,30,2,246,246,246,246,0,0,0,0
24,36,1,153,153,153,153,0,0,0,0
24,38,2,129,129,98,98,32,32,0,0
24,39,1,99,99,99,99,0,0,0,0
24,41,1,191,191,191,191,0,0,0,0
24,42,1,176,176,176,176,0,0,0,0
24,45,1.57,155,155,155,155,0,0,0,0
24,46,0.43,37,37,37,37,0,0,0,0
24,47,0.15,37,37,37,37,0,0,0,0
24,48,0.85,209,209,209,209,0,0,0,0
24,50,1,395,395,395,395,0,0,0,0
24,52,1.88,286,286,286,286,0,0,0,0
24,53,4.12,325,325,301,301,23,23,0,0
24,54,1,188,188,188,188,0,0,0,0
24,59,2.26,335,335,335,335,0,0,0,0
24,60,0.76,76,76,76,76,0,0,0,0
24,61,1,183,183,183,183,0,0,0,0
24,62,1.21,66,66,40,40,27,27,0,0
24,63,2.86,98,98,72,72,26,26,0,0
24,64,1.12,155,155,155,155,1,1,0,0
24,66,1,66,66,66,66,0,0,0,0
24,67,1,146,146,146,146,0,0,0,0
24,70,1.8,154,154,154,154,0,0,0,0
24,71,1.25,242,242,242,242,0,0,0,0
24,72,1.94,699,699,398,398,100,100,0,0
24,73,1.05,193,193,193,193,0,0,0,0
24,74,1.68,552,552,450,450,102,102,0,0
24,75,7.16,930,930,356,356,504,504,0,0
24,76,1.83,298,298,298,298,0,0,0,0
24,78,1.07,171,171,165,165,6,6,0,0
24,79,5.21,597,597,550,550,47,47,0,0
24,80,1,27,27,0,0,27,27,0,0
24,82,1,327,327,0,0,0,0,327,327
24,84,1,22,22,0,0,22,22,0,0
24,85,6.94,838,838,838,838,0,0,0,0
24,86,1,58,58,58,58,0,0,0,0
24,87,0.34,153,153,153,153,0,0,0,0
24,88,6.78,3584,3584,3374,3374,70,70,0,0
24,89,10.47,3751,3751,3751,3751,0,0,0,0
24,90,6.5,3165,3165,3165,3165,0,0,0,0
24,91,4.06,4986,4986,4986,4986,0,0,0,0
24,92,4.64,4982,4982,4982,4982,0,0,0,0
24,93,4.5,3905,3905,3905,3905,0,0,0,0
24,94,5.75,3143,3143,3143,3143,0,0,0,0
24,97,2,203,203,41,41,81,81,0,0
24,99,1,11,11,0,0,11,11,0,0
24,101,1,64,64,64,64,0,0,0,0
24,103,2,36,36,0,0,36,36,0,0
24,107,2,81,81,0,0,81,81,51,51
24,109,1,11,11,0,0,11,11,0,0
24,118,1,15,15,0,0,15,15,0,0
24,122,1,43,43,0,0,43,43,43,43
25,0,1.75,108,108,92,92,16,16,0,0
25,3,3,79,79,41,41,38,38,0,0
25,5,1.72,167,167,167,167,0,0,0,0
25,6,1.28,23,23,12,12,11,11,0,0
25,9,1,66,66,66,66,0,0,0,0
25,12,2,245,245,245,245,0,0,0,0
25,13,3,511,511,511,511,0,0,0,0
25,15,3.9,268,268,229,229,13,13,0,0
25,16,1.29,155,155,140,140,5,5,0,0
25,18,1.59,202,202,201,201,1,1,0,0
25,19,0.12,36,36,36,36,0,0,0,0
25,20,1.37,325,325,325,325,0,0,0,0
25,22,4.31,254,254,242,242,13,13,0,0
25,23,4.42,480,480,458,458,22,22,0,0
25,24,0.26,46,46,46,46,0,0,0,0
25,29,0.98,58,58,58,58,0,0,0,0
25,32,2,302,302,302,302,0,0,0,0
25,34,2.41,420,420,405,405,15,15,0,0
25,37,0.01,3,3,3,3,0,0,0,0
25,39,0.43,74,74,19,19,19,19,0,0
25,40,1,148,148,148,148,0,0,0,0
25,43,1,80,80,80,80,0,0,0,0
25,44,2,286,286,286,286,0,0,0,0
25,45,3,293,293,293,293,0,0,0,0
25,46,1,234,234,234,234,0,0,0,0
25,55,1.29,244,244,207,207,12,12,0,0
25,56,0.71,95,95,50,50,15,15,0,0
25,57,3,254,254,242,242,12,12,0,0
25,58,1,155,155,155,155,0,0,0,0
25,63,1,43,43,43,43,0,0,0,0
25,65,3,119,119,50,50,69,69,0,0
25,69,1,78,78,78,78,0,0,0,0
25,70,0.76,256,256,256,256,0,0,0,0
25,71,4.08,516,516,489,489,26,26,0,0
25,72,1.77,2307,2307,0,0,2307,2307,0,0
25,73,3.39,1760,1760,187,187,1573,1573,0,0
25,74,1,86,86,86,86,0,0,0,0
25,75,0.06,13,13,13,13,0,0,0,0
25,76,1,50,50,50,50,0,0,0,0
25,77,3.95,590,590,423,423,70,70,0,0
25,78,7.87,1313,1313,1271,1271,42,42,0,0
25,79,4.45,1650,1650,1650,1650,0,0,0,0
25,80,2,74,74,62,62,12,12,0,0
25,84,3.26,329,329,329,329,0,0,0,0
25,85,3.44,431,431,431,431,0,0,0,0
25,86,6.03,1515,1515,1496,1496,19,19,0,0
25,87,0.01,6,6,6,6,0,0,0,0
25,88,4.75,1952,1952,1952,1952,0,0,0,0
25,89,13.18,3314,3314,3314,3314,0,0,0,0
25,90,9.59,2899,2899,2899,2899,0,0,0,0
25,91,9.1,2695,2695,2683,2683,12,12,0,0
25,92,8.68,2129,2129,2056,2056,72,72,0,0
25,93,2.64,1840,1840,1840,1840,0,0,0,0
25,94,2.6,2039,2039,2039,2039,0,0,0,0
25,101,5,178,178,126,126,52,52,0,0
25,104,5,592,592,558,558,34,34,0,0
25,113,1,90,90,90,90,0,0,0,0
25,116,1,32,32,0,0,32,32,0,0
26,0,2.26,267,267,267,267,1,1,0,0
26,2,1,16,16,0,0,16,16,0,0
26,3,4,75,75,0,0,75,75,0,0
26,4,1.66,187,187,187,187,0,0,0,0
26,11,0.48,53,53,53,53,0,0,0,0
26,12,3.19,290,290,275,275,15,15,0,0
26,13,1.56,268,268,268,268,0,0,0,0
26,14,3,309,309,309,309,0,0,0,0
26,15,2.81,368,368,368,368,0,0,0,0
26,16,2.13,217,217,217,217,0,0,0,0
26,17,2.65,221,221,198,198,23,23,0,0
26,18,0.34,82,82,82,82,0,0,0,0
26,20,5,579,579,535,535,45,45,0,0
26,25,1,37,37,37,37,0,0,0,0
26,32,0.04,13,13,13,13,0,0,0,0
26,33,0.12,38,38,38,38,0,0,0,0
26,34,0.59,134,134,134,134,0,0,0,0
26,35,1,290,290,290,290,0,0,0,0
26,36,2.22,148,148,118,118,30,30,0,0
26,37,0.77,171,171,171,171,0,0,0,0
26,38,1.26,149,149,149,149,0,0,0,0
26,39,3.66,455,455,351,351,54,54,0,0
26,40,1,108,108,108,108,0,0,0,0
26,42,0.91,152,152,152,152,0,0,0,0
26,43,1,87,87,87,87,0,0,0,0
26,44,1.92,347,347,347,347,0,0,0,0
26,45,1.08,129,129,129,129,0,0,0,0
26,49,1,89,89,89,89,0,0,0,0
26,51,1,219,219,219,219,0,0,0,0
26,54,2,221,221,203,203,18,18,0,0
26,55,0.16,13,13,13,13,0,0,0,0
26,56,2.11,137,137,137,137,0,0,0,0
26,58,1.81,178,178,178,178,0,0,0,0
26,59,0.19,32,32,32,32,0,0,0,0
26,64,1,141,141,141,141,0,0,0,0
26,65,0.34,79,79,79,79,0,0,0,0
26,66,4.29,443,443,427,427,17,17,0,0
26,67,1.76,201,201,198,198,3,3,0,0
26,68,1,78,78,78,78,0,0,0,0
26,69,2,102,102,102,102,0,0,0,0
26,70,0.24,81,81,81,81,0,0,0,0
26,71,3.25,3403,3403,56,56,3346,3346,0,0
26,72,3.55,3276,3276,0,0,3276,3276,0,0
26,73,1.08,2481,2481,0,0,2481,2481,0,0
26,74,1.6,1267,1267,148,148,1119,1119,0,0
26,75,0.94,225,225,225,225,0,0,0,0
26,76,1.06,114,114,114,114,0,0,0,0
26,77,3,165,165,154,154,11,11,0,0
26,78,2.62,457,457,441,441,16,16,0,0
26,79,3.09,1147,1147,1147,1147,0,0,0,0
26,82,0.13,55,55,55,55,0,0,0,0
26,83,1.25,232,232,138,138,31,31,0,0
26,84,6.45,649,649,560,560,30,30,0,0
26,85,6.76,1130,1130,1037,1037,93,93,0,0
26,86,2.23,361,361,361,361,0,0,0,0
26,87,2.15,165,165,165,165,0,0,0,0
26,88,0.96,159,159,159,159,0,0,0,0
26,89,1.98,522,522,522,522,0,0,0,0
26,90,6.75,1476,1476,1328,1328,148,148,0,0
26,91,0.4,553,553,185,185,367,367,0,0
26,92,0.2,224,224,0,0,224,224,0,0
26,93,0.13,144,144,0,0,144,144,0,0
26,94,1.1,1289,1289,1289,1289,0,0,0,0
26,96,0.5,31,31,0,0,31,31,0,0
26,97,1.5,66,66,0,0,66,66,0,0
26,115,1,44,44,44,44,0,0,0,0
26,120,0.87,37,37,37,37,0,0,0,0
26,123,0.47,61,61,61,61,0,0,0,0
26,124,1.53,108,108,108,108,0,0,0,0
26,127,2,285,285,271,271,13,13,0,0
27,0,1,12,12,0,0,12,12,0,0
27,1,2,57,57,45,45,12,12,0,0
27,2,1.53,35,35,0,0,35,35,0,0
27,4,0.85,85,85,85,85,0,0,0,0
27,5,1.49,209,209,209,209,0,0,0,0
27,6,2.86,204,204,204,204,0,0,0,0
27,7,0.14,11,11,11,11,0,0,0,0
27,8,1,168,168,168,168,0,0,0,0
27,9,2,135,135,108,108,27,27,0,0
27,10,3,413,413,413,413,0,0,0,0
27,11,2,184,184,184,184,0,0,0,0
27,12,1,182,182,182,182,0,0,0,0
27,13,4.77,717,717,539,539,59,59,0,0
27,14,1,248,248,248,248,0,0,0,0
27,15,2,196,196,196,196,0,0,0,0
27,25,3.76,321,321,321,321,0,0,0,0
27,27,3,452,452,452,452,0,0,0,0
27,28,3.01,412,412,412,412,0,0,0,0
27,29,3.99,510,510,485,485,25,25,0,0
27,32,0.38,122,122,122,122,0,0,0,0
27,33,0.46,148,148,148,148,0,0,0,0
27,34,1,8,8,0,0,8,8,0,0
27,39,0.62,190,190,190,190,0,0,0,0
27,40,1.03,180,180,180,180,0,0,0,0
27,41,1,69,69,69,69,0,0,0,0
27,42,0.09,15,15,15,15,0,0,0,0
27,43,2.79,478,478,478,478,0,0,0,0
27,44,1.64,240,240,240,240,0,0,0,0
27,45,2.55,309,309,294,294,15,15,0,0
27,48,1,261,261,65,65,65,65,0,0
27,50,1.88,68,68,47,47,21,21,0,0
27,51,0.12,3,3,0,0,3,3,0,0
27,53,1,52,52,52,52,0,0,0,0
27,54,1,516,516,516,516,0,0,0,0
27,55,0.43,35,35,35,35,0,0,0,0
27,56,1.31,30,30,26,26,5,5,0,0
27,58,0.5,99,99,25,25,25,25,0,0
27,59,0.5,100,100,25,25,25,25,0,0
27,60,1,6,6,0,0,6,6,0,0
27,67,1.61,296,296,296,296,0,0,0,0
27,69,2,486,486,486,486,0,0,0,0
27,70,2.92,580,580,580,580,0,0,0,0
27,71,1.5,861,861,76,76,785,785,0,0
27,72,2.62,1201,1201,0,0,1201,1201,0,0
27,73,2.23,474,474,315,315,159,159,0,0
27,74,0.09,64,64,0,0,64,64,0,0
27,75,1,36,36,36,36,0,0,0,0
27,76,0.77,96,96,96,96,0,0,0,0
27,77,3.17,319,319,319,319,0,0,0,0
27,79,3.35,619,619,619,619,0,0,0,0
27,80,0.93,208,208,208,208,0,0,0,0
27,81,1.56,254,254,254,254,0,0,0,0
27,82,1.47,216,216,204,204,12,12,0,0
27,83,1.16,73,73,68,68,5,5,0,0
27,84,4.73,804,804,804,804,0,0,0,0
27,85,4.78,773,773,486,486,284,284,0,0
27,86,3.99,461,461,201,201,260,260,0,0
27,87,1.57,125,125,125,125,0,0,0,0
27,88,2.43,474,474,474,474,0,0,0,0
27,90,0.74,89,89,83,83,6,6,0,0
27,91,2.66,1771,1771,454,454,1317,1317,0,0
27,92,4.11,2583,2583,2096,2096,488,488,0,0
27,93,3.99,1043,1043,159,159,884,884,0,0
27,94,1.8,1801,1801,33,33,1768,1768,0,0
27,95,1,22,22,0,0,22,22,0,0
27,97,1,35,35,0,0,35,35,0,0
27,98,2,44,44,0,0,44,44,0,0
27,111,0.01,1,1,1,1,0,0,0,0
27,112,1,149,149,149,149,0,0,0,0
27,114,1,89,89,89,89,0,0,0,0
27,117,1,54,54,0,0,54,54,0,0
27,120,0.13,6,6,6,6,0,0,0,0
27,122,1,51,51,0,0,51,51,51,51
28,0,1,40,40,40,40,0,0,0,0
28,2,0.47,10,10,0,0,10,10,0,0
28,4,1,70,70,70,70,0,0,0,0
28,7,1,57,57,57,57,0,0,0,0
28,8,3,260,260,235,235,26,26,0,0
28,20,0.09,15,15,15,15,0,0,0,0
28,21,1,125,125,125,125,0,0,0,0
28,24,2,531,531,531,531,0,0,0,0
28,25,1.24,95,95,95,95,0,0,0,0
28,27,1,184,184,184,184,0,0,0,0
28,28,2,197,197,197,197,0,0,0,0
28,29,2,414,414,414,414,0,0,0,0
28,30,1.02,67,67,67,67,0,0,0,0
28,32,1.87,343,343,343,343,0,0,0,0
28,33,1.29,319,319,319,319,0,0,0,0
28,34,1,114,114,114,114,0,0,0,0
28,35,2.21,400,400,400,400,0,0,0,0
28,36,1.04,192,192,192,192,0,0,0,0
28,42,0.86,11,11,0,0,11,11,0,0
28,43,1.16,32,32,6,6,26,26,0,0
28,44,2,129,129,122,122,7,7,0,0
28,45,2,257,257,257,257,0,0,0,0
28,46,1.27,37,37,20,20,18,18,0,0
28,49,1,301,301,301,301,0,0,0,0
28,50,1,201,201,50,50,50,50,0,0
28,51,2,110,110,93,93,17,17,0,0
28,52,1,19,19,0,0,19,19,0,0
28,55,0.19,12,12,12,12,0,0,0,0
28,59,1,19,19,0,0,19,19,0,0
28,60,2,139,139,122,122,17,17,0,0
28,61,1.37,86,86,56,56,30,30,0,0
28,62,0.95,295,295,295,295,0,0,0,0
28,63,3.05,126,126,90,90,36,36,0,0
28,64,1.02,55,55,55,55,0,0,0,0
28,65,1.98,389,389,389,389,0,0,0,0
28,68,0.09,6,6,6,6,0,0,0,0
28,69,4.11,442,442,442,442,0,0,0,0
28,71,2,1029,1029,1029,1029,0,0,0,0
28,72,2.05,284,284,193,193,31,31,0,0
28,73,0.95,163,163,163,163,0,0,0,0
28,75,1.64,233,233,212,212,22,22,0,0
28,77,2,201,201,191,191,10,10,0,0
28,79,4.04,283,283,237,237,46,46,0,0
28,80,5.45,858,858,821,821,37,37,0,0
28,81,1.38,191,191,191,191,0,0,0,0
28,82,1,81,81,81,81,0,0,0,0
28,83,2.88,580,580,342,342,80,80,0,0
28,84,4.19,852,852,852,852,0,0,0,0
28,85,8.97,1412,1412,1185,1185,76,76,0,0
28,86,1.42,87,87,87,87,0,0,0,0
28,91,1.06,84,84,84,84,0,0,0,0
28,92,0.69,485,485,485,485,0,0,0,0
28,93,2.6,969,969,934,934,35,35,0,0
28,94,0.39,613,613,201,201,412,412,0,0
28,95,2.25,247,247,225,225,22,22,0,0
28,97,1,44,44,44,44,0,0,0,0
28,98,1,21,21,0,0,21,21,0,0
28,99,4.4,364,364,0,0,364,364,0,0
28,100,2.11,167,167,0,0,167,167,0,0
28,111,2.99,107,107,82,82,26,26,0,0
29,6,2,133,133,106,106,27,27,0,0
29,7,3,271,271,271,271,0,0,0,0
29,8,1,100,100,100,100,0,0,0,0
29,9,1,240,240,240,240,0,0,0,0
29,11,0.32,23,23,23,23,0,0,0,0
29,12,1.11,166,166,166,166,0,0,0,0
29,13,0.27,53,53,53,53,0,0,0,0
29,14,1,104,104,104,104,0,0,0,0
29,15,2.7,258,258,258,258,0,0,0,0
29,16,2.3,213,213,213,213,0,0,0,0
29,19,1,110,110,110,110,0,0,0,0
29,20,3.87,364,364,347,347,17,17,0,0
29,21,1.03,113,113,113,113,0,0,0,0
29,23,1,83,83,83,83,0,0,0,0
29,25,1,80,80,80,80,0,0,0,0
29,26,4,192,192,172,172,20,20,0,0
29,27,2,113,113,113,113,0,0,0,0
29,28,1,181,181,181,181,0,0,0,0
29,29,4.87,460,460,419,419,41,41,0,0
29,30,4.12,782,782,763,763,18,18,0,0
29,31,1,133,133,33,33,33,33,0,0
29,32,2.61,245,245,245,245,0,0,0,0
29,33,0.85,29,29,13,13,16,16,0,0
29,34,3,417,417,417,417,0,0,0,0
29,35,1.78,453,453,453,453,0,0,0,0
29,36,1.55,188,188,188,188,0,0,0,0
29,37,1,120,120,120,120,0,0,0,0
29,40,1,69,69,69,69,0,0,0,0
29,43,1,233,233,233,233,0,0,0,0
29,44,4.7,552,552,552,552,0,0,0,0
29,45,0.5,68,68,68,68,0,0,0,0
29,46,7.29,796,796,554,554,112,112,0,0
29,47,5.11,680,680,680,680,0,0,0,0
29,48,0.89,60,60,60,60,0,0,0,0
29,49,2,257,257,257,257,0,0,0,0
29,52,1,174,174,174,174,0,0,0,0
29,55,0.81,49,49,49,49,0,0,0,0
29,56,4,269,269,205,205,64,64,0,0
29,59,0.91,61,61,61,61,0,0,0,0
29,60,0.09,6,6,6,6,0,0,0,0
29,61,3.63,441,441,428,428,13,13,0,0
29,62,1,106,106,106,106,0,0,0,0
29,65,1.82,470,470,470,470,0,0,0,0
29,66,1.75,210,210,210,210,0,0,0,0
29,67,1.33,182,182,46,46,136,136,0,0
29,68,1.67,452,452,0,0,452,452,0,0
29,69,0.79,56,56,56,56,0,0,0,0
29,72,1,230,230,230,230,0,0,0,0
29,74,1,309,309,78,78,77,77,0,0
29,75,1.36,146,146,120,120,27,27,0,0
29,77,3.57,485,485,485,485,0,0,0,0
29,78,3.99,501,501,501,501,0,0,0,0
29,81,5.8,619,619,619,619,0,0,0,0
29,82,6.95,295,295,295,295,0,0,0,0
29,83,3.7,403,403,403,403,0,0,0,0
29,84,2.49,420,420,420,420,0,0,0,0
29,85,4.98,845,845,845,845,0,0,0,0
29,86,1.05,29,29,29,29,0,0,0,0
29,87,4,582,582,545,545,37,37,0,0
29,88,1,181,181,181,181,0,0,0,0
29,89,2,152,152,152,152,0,0,0,0
29,91,1.91,115,115,80,80,34,34,0,0
29,92,3.45,754,754,754,754,0,0,0,0
29,93,5.16,875,875,858,858,16,16,0,0
29,94,4.43,346,346,328,328,18,18,0,0
29,95,1.32,141,141,141,141,0,0,0,0
29,96,1,94,94,94,94,0,0,0,0
29,100,3.49,149,149,0,0,149,149,0,0
29,107,2,57,57,0,0,57,57,0,0
29,110,1,163,163,163,163,0,0,0,0
29,113,1,28,28,0,0,28,28,0,0
29,117,1,13,13,0,0,13,13,0,0
30,1,2.95,127,127,101,101,26,26,0,0
30,2,2.05,127,127,33,33,31,31,0,0
30,7,4,435,435,435,435,0,0,0,0
30,8,3,316,316,294,294,22,22,0,0
30,10,1,251,251,251,251,0,0,0,0
30,11,1.68,129,129,129,129,0,0,0,0
30,12,2.26,153,153,135,135,18,18,0,0
30,13,1.36,114,114,114,114,0,0,0,0
30,14,2,190,190,190,190,0,0,0,0
30,15,2,190,190,190,190,0,0,0,0
30,17,1,139,139,139,139,0,0,0,0
30,18,1,55,55,55,55,0,0,0,0
30,20,1.74,302,302,302,302,0,0,0,0
30,21,2,391,391,391,391,0,0,0,0
30,22,0.77,149,149,149,149,0,0,0,0
30,23,1.28,108,108,108,108,0,0,0,0
30,24,1.95,149,149,149,149,0,0,0,0
30,26,2.57,299,299,299,299,0,0,0,0
30,27,1,271,271,271,271,0,0,0,0
30,28,1.95,254,254,254,254,0,0,0,0
30,29,2.05,136,136,37,37,47,47,0,0
30,30,5.98,697,697,668,668,29,29,0,0
30,31,3.01,373,373,373,373,0,0,0,0
30,32,2,165,165,149,149,16,16,0,0
30,33,1.38,221,221,211,211,10,10,0,0
30,34,2,290,290,290,290,0,0,0,0
30,35,1,90,90,90,90,0,0,0,0
30,36,0.41,38,38,38,38,0,0,0,0
30,37,2,145,145,112,112,33,33,0,0
30,38,1,63,63,63,63,0,0,0,0
30,39,2.09,334,334,334,334,0,0,0,0
30,40,1,18,18,0,0,18,18,0,0
30,42,1.06,62,62,62,62,0,0,0,0
30,43,8.94,532,532,489,489,43,43,0,0
30,45,7.82,430,430,340,340,91,91,0,0
30,46,2.42,345,345,266,266,26,26,0,0
30,51,1,197,197,197,197,0,0,0,0
30,52,3.68,315,315,292,292,23,23,0,0
30,53,0.32,21,21,21,21,0,0,0,0
30,56,1,66,66,66,66,0,0,0,0
30,57,4,397,397,167,167,82,82,0,0
30,59,1,92,92,92,92,0,0,0,0
30,60,1,81,81,81,81,0,0,0,0
30,65,0.42,222,222,222,222,0,0,0,0
30,68,1,346,346,0,0,346,346,0,0
30,73,1.2,53,53,36,36,17,17,0,0
30,74,3,448,448,429,429,18,18,0,0
30,75,3.38,573,573,442,442,16,16,114,114
30,76,0.55,87,87,87,87,0,0,0,0
30,78,1.44,102,102,86,86,16,16,0,0
30,81,3,89,89,65,65,24,24,0,0
30,82,4.67,206,206,206,206,0,0,0,0
30,83,4.91,928,928,928,928,0,0,0,0
30,84,6.08,637,637,637,637,0,0,0,0
30,85,3.76,341,341,341,341,0,0,0,0
30,86,5.11,543,543,543,543,0,0,0,0
30,88,3,144,144,144,144,0,0,0,0
30,90,1,12,12,0,0,12,12,0,0
30,91,1.09,19,19,0,0,19,19,0,0
30,92,1.4,58,58,58,58,0,0,0,0
30,93,7.09,1268,1268,1251,1251,17,17,0,0
30,94,1,179,179,179,179,0,0,0,0
30,97,2,255,255,231,231,23,23,0,0
30,98,0.23,11,11,11,11,0,0,0,0
30,99,0.77,38,38,38,38,0,0,0,0
30,101,1,27,27,0,0,27,27,0,0
30,108,0.45,47,47,47,47,0,0,0,0
30,109,1.55,65,65,59,59,6,6,0,0
30,113,1,14,14,0,0,14,14,0,0
30,114,1,147,147,147,147,0,0,0,0
30,119,1,18,18,0,0,18,18,0,0
30,122,1,52,52,0,0,52,52,52,52
30,125,1.32,146,146,135,135,11,11,0,0
30,127,1.98,132,132,87,87,45,45,0,0
31,2,2,155,155,155,155,0,0,0,0
31,5,0.92,87,87,87,87,0,0,0,0
31,6,0.08,7,7,7,7,0,0,0,0
31,7,2.82,216,216,216,216,0,0,0,0
31,8,0.18,10,10,10,10,0,0,0,0
31,10,1,187,187,187,187,0,0,0,0
31,11,1,91,91,91,91,0,0,0,0
31,19,2,200,200,200,200,0,0,0,0
31,20,0.26,62,62,62,62,0,0,0,0
31,22,0.16,64,64,64,64,0,0,0,0
31,23,0.84,179,179,179,179,0,0,0,0
31,24,0.22,44,44,44,44,0,0,0,0
31,25,1,177,177,177,177,0,0,0,0
31,26,1.43,159,159,159,159,0,0,0,0
31,27,2.77,196,196,168,168,29,29,0,0
31,28,5.04,536,536,536,536,0,0,0,0
31,29,0.01,1,1,1,1,0,0,0,0
31,30,4.62,672,672,667,667,5,5,0,0
31,31,2.33,417,417,417,417,0,0,0,0
31,32,0.01,31,31,0,0,31,31,0,0
31,33,2.61,1929,1929,537,537,1392,1392,0,0
31,34,3.02,327,327,327,327,0,0,0,0
31,35,0.02,1,1,1,1,0,0,0,0
31,36,1,268,268,268,268,0,0,0,0
31,37,0.95,133,133,133,133,0,0,0,0
31,38,1.05,156,156,156,156,0,0,0,0
31,39,0.91,87,87,87,87,0,0,0,0
31,41,1,113,113,28,28,28,28,0,0
31,42,4,226,226,184,184,42,42,0,0
31,45,2,39,39,0,0,39,39,0,0
31,46,1.93,308,308,308,308,0,0,0,0
31,48,1.68,37,37,2,2,35,35,0,0
31,50,1,21,21,0,0,21,21,0,0
31,51,2.81,332,332,308,308,24,24,0,0
31,52,2,216,216,190,190,26,26,0,0
31,55,1,55,55,55,55,0,0,0,0
31,58,3,245,245,245,245,0,0,0,0
31,60,1,304,304,304,304,0,0,0,0
31,61,0.36,175,175,175,175,0,0,0,0
31,62,0.64,306,306,306,306,0,0,0,0
31,63,1,68,68,68,68,0,0,0,0
31,66,2,967,967,0,0,967,967,0,0
31,70,2,302,302,302,302,0,0,0,0
31,71,2,43,43,0,0,43,43,0,0
31,73,2.95,345,345,326,326,19,19,0,0
31,74,0.85,229,229,229,229,0,0,0,0
31,75,0.07,26,26,26,26,0,0,0,0
31,76,2.99,353,353,341,341,12,12,0,0
31,82,0.97,232,232,220,220,11,11,0,0
31,83,7.71,1296,1296,1296,1296,0,0,0,0
31,84,3.64,349,349,349,349,0,0,0,0
31,85,0.78,155,155,155,155,0,0,0,0
31,86,0.53,56,56,56,56,0,0,0,0
31,94,1,51,51,51,51,0,0,0,0
31,95,5.6,1172,1172,1154,1154,18,18,0,0
31,96,5.39,501,501,484,484,17,17,0,0
31,100,1.1,296,296,0,0,296,296,0,0
31,101,1.82,865,865,0,0,865,865,0,0
31,104,0.91,119,119,119,119,0,0,0,0
31,105,1,30,30,0,0,30,30,0,0
31,107,1,33,33,0,0,33,33,0,0
31,111,0.07,5,5,5,5,0,0,0,0
31,113,1.98,86,86,65,65,21,21,0,0
31,114,0.22,19,19,19,19,0,0,0,0
31,115,1,157,157,157,157,0,0,0,0
31,125,0.68,55,55,47,47,8,8,0,0
31,127,0.44,26,26,26,26,0,0,0,0
32,2,1,68,68,17,17,17,17,0,0
32,4,1,17,17,0,0,17,17,0,0
32,5,2.46,58,58,34,34,24,24,0,0
32,6,3.54,224,224,224,224,0,0,0,0
32,7,1,36,36,36,36,0,0,0,0
32,10,1,98,98,98,98,0,0,0,0
32,11,1.2,163,163,163,163,0,0,0,0
32,12,1.8,278,278,278,278,0,0,0,0
32,15,2,173,173,173,173,0,0,0,0
32,16,0.43,36,36,36,36,0,0,0,0
32,17,2.85,319,319,319,319,0,0,0,0
32,18,2.28,290,290,290,290,0,0,0,0
32,19,3.66,228,228,207,207,21,21,0,0
32,20,2,206,206,206,206,0,0,0,0
32,21,3,429,429,348,348,27,27,0,0
32,22,2.76,420,420,420,420,0,0,0,0
32,23,5.35,690,690,662,662,28,28,0,0
32,24,2.03,178,178,165,165,14,14,0,0
32,25,2.98,234,234,226,226,8,8,0,0
32,26,2,266,266,266,266,0,0,0,0
32,27,2.23,253,253,248,248,5,5,0,0
32,28,1.02,171,171,171,171,0,0,0,0
32,29,2.98,422,422,422,422,0,0,0,0
32,30,5.15,615,615,564,564,22,22,0,0
32,31,3.31,602,602,602,602,0,0,0,0
32,32,1.15,878,878,529,529,349,349,0,0
32,33,0.22,500,500,0,0,500,500,0,0
32,34,4.46,1004,1004,899,899,35,35,0,0
32,35,2.24,380,380,380,380,0,0,0,0
32,36,3.29,772,772,772,772,0,0,0,0
32,37,1.31,299,299,299,299,0,0,0,0
32,38,1,76,76,76,76,0,0,0,0
32,40,1,191,191,191,191,0,0,0,0
32,42,2.59,53,53,33,33,20,20,0,0
32,43,2.41,95,95,85,85,10,10,0,0
32,45,0.97,6,6,0,0,6,6,0,0
32,46,1.11,38,38,19,19,19,19,0,0
32,48,3.32,320,320,292,292,28,28,0,0
32,51,1.19,72,72,72,72,0,0,0,0
32,56,2,150,150,127,127,22,22,0,0
32,57,1,34,34,0,0,34,34,0,0
32,63,0.73,189,189,189,189,0,0,0,0
32,64,1.74,431,431,431,431,0,0,0,0
32,65,4.26,1064,1064,102,102,962,962,0,0
32,66,1,208,208,208,208,0,0,0,0
32,82,0.98,588,588,0,0,588,588,0,0
32,83,2.96,448,448,448,448,0,0,0,0
32,84,2.04,106,106,73,73,32,32,0,0
32,88,1,9,9,0,0,9,9,0,0
32,92,1,14,14,0,0,14,14,0,0
32,93,1,29,29,0,0,29,29,0,0
32,95,4.88,728,728,712,712,15,15,0,0
32,96,5.14,484,484,459,459,25,25,0,0
32,99,0.95,140,140,140,140,0,0,0,0
32,100,2.55,501,501,315,315,186,186,0,0
32,101,1.58,497,497,77,77,420,420,0,0
32,104,0.09,11,11,11,11,0,0,0,0
32,107,2.98,535,535,528,528,7,7,0,0
32,108,0.93,322,322,145,145,59,59,0,0
32,109,0.3,101,101,25,25,25,25,0,0
32,111,1.93,100,100,100,100,0,0,0,0
32,112,1,22,22,0,0,22,22,0,0
32,113,1.8,59,59,0,0,59,59,0,0
32,117,3,239,239,239,239,0,0,0,0
32,118,2,87,87,0,0,24,24,63,63
32,119,3,201,201,149,149,52,52,0,0
32,120,1,23,23,0,0,23,23,0,0
32,123,1,20,20,0,0,20,20,0,0
32,126,1,45,45,45,45,0,0,0,0
32,127,3.58,233,233,233,233,0,0,0,0
33,1,2,133,133,117,117,15,15,0,0
33,4,1,48,48,48,48,0,0,0,0
33,6,1,15,15,0,0,15,15,0,0
33,9,1.04,23,23,4,4,19,19,0,0
33,12,1.55,197,197,197,197,0,0,0,0
33,13,2.54,264,264,242,242,21,21,0,0
33,14,2.08,262,262,262,262,0,0,0,0
33,15,4.58,533,533,533,533,0,0,0,0
33,16,8.64,1144,1144,1115,1115,29,29,0,0
33,17,2.27,191,191,166,166,25,25,0,0
33,18,0.87,49,49,49,49,0,0,0,0
33,19,1.34,135,135,135,135,0,0,0,0
33,20,3,273,273,273,273,0,0,0,0
33,22,1.67,230,230,230,230,0,0,0,0
33,23,3,185,185,185,185,0,0,0,0
33,24,1.82,58,58,10,10,27,27,0,0
33,25,5.98,681,681,368,368,117,117,0,0
33,29,3,339,339,339,339,0,0,0,0
33,30,0.76,33,33,33,33,0,0,0,0
33,31,2.81,295,295,295,295,0,0,0,0
33,32,0.97,219,219,219,219,0,0,0,0
33,33,2.89,1019,1019,1019,1019,0,0,0,0
33,34,2.27,851,851,813,813,13,13,0,0
33,35,4,436,436,408,408,27,27,0,0
33,36,5.4,784,784,784,784,0,0,0,0
33,37,4.43,394,394,380,380,14,14,0,0
33,38,0.2,21,21,21,21,0,0,0,0
33,39,1,113,113,113,113,0,0,0,0
33,45,1,11,11,0,0,11,11,0,0
33,46,1.47,19,19,0,0,19,19,0,0
33,47,2.51,369,369,138,138,84,84,0,0
33,48,2.64,132,132,117,117,15,15,0,0
33,49,1.32,52,52,29,29,22,22,0,0
33,53,1.62,62,62,52,52,10,10,0,0
33,54,0.26,22,22,22,22,0,0,0,0
33,55,1,282,282,282,282,0,0,0,0
33,57,1,48,48,48,48,0,0,0,0
33,59,3,135,135,135,135,0,0,0,0
33,60,1,58,58,58,58,0,0,0,0
33,61,6.09,1144,1144,1144,1144,0,0,0,0
33,62,3.24,462,462,462,462,0,0,0,0
33,63,0.53,135,135,135,135,0,0,0,0
33,64,2.67,289,289,289,289,0,0,0,0
33,66,1,92,92,92,92,0,0,0,0
33,74,1,21,21,0,0,21,21,0,0
33,82,3,248,248,220,220,28,28,0,0
33,83,3.97,208,208,191,191,17,17,0,0
33,84,0.03,3,3,3,3,0,0,0,0
33,85,0.95,634,634,634,634,0,0,0,0
33,86,0.05,34,34,34,34,0,0,0,0
33,88,2.59,169,169,141,141,28,28,0,0
33,95,1,6,6,0,0,6,6,0,0
33,96,9.19,617,617,583,583,34,34,0,0
33,97,1.08,23,23,14,14,8,8,0,0
33,98,2,437,437,437,437,0,0,0,0
33,106,1,223,223,223,223,0,0,0,0
33,107,2.79,124,124,112,112,12,12,0,0
33,112,0.67,43,43,43,43,0,0,0,0
33,113,2,196,196,196,196,0,0,0,0
33,116,1.04,17,17,0,0,17,17,0,0
33,117,2,108,108,84,84,24,24,0,0
33,119,2,134,134,134,134,0,0,0,0
33,122,1,51,51,51,51,0,0,0,0
34,0,0.1,9,9,9,9,0,0,0,0
34,1,1,115,115,115,115,0,0,0,0
34,2,2.59,202,202,173,173,10,10,0,0
34,4,0.46,40,40,40,40,0,0,0,0
34,5,2.54,226,226,226,226,0,0,0,0
34,6,0.95,144,144,144,144,0,0,0,0
34,7,3.33,196,196,148,148,48,48,0,0
34,8,2,77,77,65,65,12,12,0,0
34,9,0.96,94,94,94,94,0,0,0,0
34,12,2.53,186,186,153,153,32,32,0,0
34,13,4.13,686,686,657,657,29,29,0,0
34,14,2.11,274,274,80,80,79,79,0,0
34,15,2,291,291,291,291,0,0,0,0
34,20,1,163,163,163,163,0,0,0,0
34,24,7.62,521,521,481,481,40,40,0,0
34,25,0.29,31,31,31,31,0,0,0,0
34,26,5.58,665,665,609,609,19,19,0,0
34,27,0.14,15,15,15,15,0,0,0,0
34,28,0.01,2,2,2,2,0,0,0,0
34,29,0.57,24,24,24,24,0,0,0,0
34,30,3.72,361,361,128,128,100,100,0,0
34,31,2.85,357,357,232,232,42,42,0,0
34,32,1.81,492,492,492,492,0,0,0,0
34,33,2.32,621,621,621,621,0,0,0,0
34,34,3,342,342,342,342,0,0,0,0
34,35,0.08,6,6,6,6,0,0,0,0
34,36,0.39,22,22,22,22,0,0,0,0
34,37,0.37,53,53,53,53,0,0,0,0
34,39,1.83,41,41,0,0,41,41,0,0
34,43,1,11,11,0,0,11,11,0,0
34,45,2,294,294,270,270,24,24,0,0
34,46,2.93,172,172,149,149,23,23,0,0
34,47,0.16,7,7,1,1,5,5,0,0
34,49,1.82,372,372,371,371,1,1,0,0
34,50,1,260,260,260,260,0,0,0,0
34,53,1.1,57,57,57,57,0,0,0,0
34,54,1.02,104,104,104,104,0,0,0,0
34,55,0.96,373,373,373,373,0,0,0,0
34,56,1.56,408,408,408,408,0,0,0,0
34,57,0.44,52,52,52,52,0,0,0,0
34,58,5.14,413,413,413,413,0,0,0,0
34,59,4,238,238,238,238,0,0,0,0
34,60,6.38,1299,1299,1299,1299,0,0,0,0
34,61,4.03,3143,3143,3143,3143,0,0,0,0
34,62,4.41,3172,3172,3172,3172,0,0,0,0
34,63,3.86,935,935,935,935,0,0,0,0
34,64,3.25,1799,1799,1799,1799,0,0,0,0
34,65,0.48,48,48,48,48,0,0,0,0
34,69,2.96,187,187,160,160,27,27,0,0
34,70,0.02,3,3,3,3,0,0,0,0
34,71,0.65,89,89,89,89,0,0,0,0
34,73,1.3,262,262,262,262,0,0,0,0
34,74,2.02,202,202,202,202,0,0,0,0
34,80,2,337,337,337,337,0,0,0,0
34,81,2.18,180,180,180,180,0,0,0,0
34,82,0.82,68,68,68,68,0,0,0,0
34,86,1.22,117,117,108,108,8,8,0,0
34,87,5.78,240,240,182,182,58,58,0,0
34,88,0.41,57,57,57,57,0,0,0,0
34,89,3,305,305,292,292,13,13,0,0
34,93,1,36,36,0,0,36,36,0,0
34,94,1.45,160,160,0,0,160,160,0,0
34,95,1,93,93,0,0,93,93,0,0
34,96,3.08,189,189,155,155,34,34,0,0
34,97,2.18,271,271,271,271,0,0,0,0
34,101,1,13,13,0,0,13,13,0,0
34,103,2,52,52,44,44,8,8,0,0
34,104,1,25,25,0,0,25,25,0,0
34,105,1,294,294,294,294,0,0,0,0
34,106,1,72,72,72,72,0,0,0,0
34,108,2.97,281,281,57,57,110,110,0,0
34,111,0.23,55,55,14,14,14,14,0,0
34,112,0.33,21,21,21,21,0,0,0,0
34,114,0.01,1,1,1,1,0,0,0,0
34,115,1.99,157,157,157,157,0,0,0,0
34,116,0.96,25,25,0,0,25,25,0,0
34,122,0.97,291,291,291,291,0,0,0,0
34,123,0.03,9,9,9,9,0,0,0,0
34,125,1,12,12,0,0,12,12,0,0
34,127,1,104,104,104,104,0,0,0,0
35,0,3.9,260,260,230,230,30,30,0,0
35,1,5.42,415,415,332,332,83,83,0,0
35,2,2.39,159,159,141,141,6,6,0,0
35,3,3,221,221,221,221,0,0,0,0
35,7,0.72,20,20,0,0,20,20,0,0
35,8,0.46,40,40,40,40,0,0,0,0
35,9,0.54,47,47,47,47,0,0,0,0
35,10,1,9,9,0,0,9,9,0,0
35,11,2,153,153,136,136,6,6,0,0
35,12,1,372,372,372,372,0,0,0,0
35,13,2.27,203,203,203,203,0,0,0,0
35,14,3.78,529,529,529,529,0,0,0,0
35,15,0.17,27,27,27,27,0,0,0,0
35,17,2,328,328,328,328,0,0,0,0
35,18,2,269,269,269,269,0,0,0,0
35,24,0.13,13,13,13,13,0,0,0,0
35,25,4.53,325,325,274,274,51,51,0,0
35,26,1.14,258,258,258,258,0,0,0,0
35,28,0.99,308,308,308,308,0,0,0,0
35,29,1,161,161,161,161,0,0,0,0
35,30,2.69,284,284,284,284,0,0,0,0
35,31,0.43,29,29,27,27,3,3,0,0
35,32,0.97,147,147,147,147,0,0,0,0
35,33,1.26,588,588,588,588,0,0,0,0
35,34,2,644,644,644,644,0,0,0,0
35,35,3.07,324,324,300,300,24,24,0,0
35,36,2.53,78,78,30,30,47,47,0,0
35,39,1.42,224,224,220,220,4,4,0,0
35,40,2.03,472,472,472,472,0,0,0,0
35,41,3.71,409,409,409,409,0,0,0,0
35,42,2.24,233,233,74,74,57,57,0,0
35,43,0.03,3,3,3,3,0,0,0,0
35,44,1.97,159,159,159,159,0,0,0,0
35,46,0.93,128,128,128,128,0,0,0,0
35,49,2.29,113,113,95,95,17,17,0,0
35,50,1.92,514,514,269,269,82,82,0,0
35,51,1,269,269,67,67,67,67,0,0
35,52,1,14,14,0,0,14,14,0,0
35,54,1,27,27,0,0,27,27,0,0
35,55,0.04,15,15,15,15,0,0,0,0
35,57,5.13,1160,1160,1160,1160,0,0,0,0
35,58,6.89,2772,2772,2734,2734,13,13,0,0
35,59,5.52,1234,1234,1146,1146,2,2,81,81
35,60,11.49,4389,4389,4389,4389,0,0,0,0
35,61,5.77,4549,4549,4549,4549,0,0,0,0
35,62,11.11,3283,3283,3283,3283,0,0,0,0
35,63,7.47,2634,2634,2562,2562,24,24,0,0
35,64,4.08,934,934,934,934,0,0,0,0
35,65,4.06,639,639,639,639,0,0,0,0
35,68,3,230,230,217,217,13,13,0,0
35,69,1.82,443,443,443,443,0,0,0,0
35,70,1.29,81,81,81,81,0,0,0,0
35,71,2.31,236,236,236,236,0,0,0,0
35,72,3.54,576,576,576,576,0,0,0,0
35,73,4.38,710,710,710,710,0,0,0,0
35,74,2.28,196,196,196,196,0,0,0,0
35,75,1,68,68,68,68,0,0,0,0
35,76,1,509,509,0,0,509,509,0,0
35,77,0.29,2025,2025,0,0,2025,2025,0,0
35,83,2,374,374,374,374,0,0,0,0
35,84,2,402,402,402,402,0,0,0,0
35,85,3,127,127,89,89,38,38,0,0
35,88,2,113,113,113,113,0,0,0,0
35,91,1.04,140,140,140,140,0,0,0,0
35,92,2.96,270,270,241,241,30,30,0,0
35,94,0.55,67,67,0,0,67,67,0,0
35,95,0.22,11,11,0,0,11,11,0,0
35,96,2,2129,2129,0,0,2129,2129,0,0
35,97,1.91,75,75,58,58,17,17,0,0
35,98,2.56,62,62,35,35,28,28,0,0
35,99,1.27,111,111,90,90,21,21,0,0
35,100,5.22,1469,1469,1469,1469,0,0,0,0
35,101,4.27,854,854,854,854,0,0,0,0
35,102,1.38,91,91,91,91,0,0,0,0
35,103,0.18,176,176,176,176,0,0,0,0
35,104,1,8,8,0,0,8,8,0,0
35,105,1,228,228,57,57,57,57,0,0
35,106,2,139,139,139,139,0,0,0,0
35,107,2.15,90,90,57,57,33,33,0,0
35,108,0.03,1,1,0,0,1,1,0,0
35,111,3.77,259,259,87,87,81,81,0,0
35,124,1.47,42,42,31,31,11,11,0,0
35,125,4.97,82,82,0,0,82,82,0,0
35,126,0.85,11,11,0,0,11,11,0,0
35,127,1,109,109,109,109,0,0,0,0
36,0,0.15,15,15,15,15,0,0,0,0
36,1,7.55,303,303,167,167,137,137,0,0
36,2,6.05,614,614,584,584,30,30,0,0
36,7,1,69,69,69,69,0,0,0,0
36,10,3,319,319,319,319,0,0,0,0
36,11,7.87,734,734,734,734,0,0,0,0
36,12,6.04,1209,1209,1067,1067,47,47,0,0
36,13,1.61,118,118,62,62,32,32,0,0
36,14,2.31,311,311,311,311,0,0,0,0
36,15,1.8,240,240,240,240,0,0,0,0
36,16,1.68,126,126,95,95,31,31,0,0
36,17,0.07,8,8,8,8,0,0,0,0
36,18,3.17,256,256,235,235,21,21,0,0
36,25,0.77,76,76,76,76,0,0,0,0
36,26,1.89,259,259,259,259,0,0,0,0
36,27,0.91,156,156,156,156,0,0,0,0
36,29,0.59,72,72,72,72,0,0,0,0
36,30,1.22,496,496,496,496,0,0,0,0
36,31,1.97,156,156,146,146,9,9,0,0
36,33,1.72,741,741,741,741,0,0,0,0
36,34,3.13,542,542,158,158,384,384,0,0
36,35,1.93,186,186,174,174,13,13,0,0
36,37,1,101,101,101,101,0,0,0,0
36,38,1.01,23,23,1,1,23,23,0,0
36,39,0.96,80,80,80,80,0,0,0,0
36,40,0.76,102,102,102,102,0,0,0,0
36,41,3.96,417,417,417,417,0,0,0,0
36,42,2.45,191,191,169,169,21,21,0,0
36,43,0.58,28,28,28,28,0,0,0,0
36,48,1,147,147,147,147,0,0,0,0
36,50,3.03,603,603,603,603,0,0,0,0
36,51,0.85,517,517,516,516,0,0,0,0
36,52,1,153,153,153,153,0,0,0,0
36,53,1,44,44,44,44,0,0,0,0
36,55,1,77,77,77,77,0,0,0,0
36,56,3.11,1504,1504,1504,1504,0,0,0,0
36,57,8.28,4505,4505,4505,4505,0,0,0,0
36,58,5.79,2450,2450,2450,2450,0,0,0,0
36,59,6.41,3505,3505,3505,3505,0,0,0,0
36,60,5.1,5064,5064,5064,5064,0,0,0,0
36,61,6.66,3929,3929,3929,3929,0,0,0,0
36,62,9.51,4495,4495,4495,4495,0,0,0,0
36,63,10.77,3339,3339,3339,3339,0,0,0,0
36,64,4.99,989,989,862,862,43,43,0,0
36,65,6.1,892,892,892,892,0,0,0,0
36,66,5.83,704,704,704,704,0,0,0,0
36,67,9.33,767,767,767,767,0,0,0,0
36,68,2,191,191,191,191,0,0,0,0
36,69,3.61,331,331,331,331,0,0,0,0
36,70,7.64,686,686,686,686,0,0,0,0
36,71,9.18,408,408,408,408,0,0,0,0
36,72,7.34,538,538,538,538,0,0,0,0
36,73,2.67,673,673,673,673,0,0,0,0
36,74,5.03,622,622,600,600,22,22,0,0
36,75,2.98,282,282,282,282,0,0,0,0
36,76,1.02,263,263,0,0,263,263,0,0
36,77,1.44,3181,3181,0,0,3181,3181,0,0
36,80,0.23,184,184,0,0,184,184,0,0
36,81,1,417,417,0,0,417,417,0,0
36,82,0.12,30,30,30,30,0,0,0,0
36,83,5.83,811,811,771,771,41,41,0,0
36,84,1.96,186,186,151,151,34,34,0,0
36,85,2.19,69,69,51,51,18,18,0,0
36,86,3,228,228,195,195,33,33,0,0
36,89,5.01,247,247,194,194,53,53,0,0
36,90,0.99,156,156,156,156,0,0,0,0
36,94,1,43,43,0,0,43,43,0,0
36,95,3.78,126,126,0,0,126,126,0,0
36,96,1.84,220,220,0,0,220,220,0,0
36,97,2.11,106,106,77,77,29,29,0,0
36,98,2.58,1158,1158,1158,1158,0,0,0,0
36,99,6.78,3133,3133,3133,3133,0,0,0,0
36,100,5.69,3342,3342,3342,3342,0,0,0,0
36,101,6.65,2155,2155,1484,1484,224,224,0,0
36,102,2.37,1583,1583,1583,1583,0,0,0,0
36,103,2.2,1928,1928,1928,1928,0,0,0,0
36,104,1.05,49,49,49,49,0,0,0,0
36,105,1.9,1327,1327,1327,1327,0,0,0,0
36,106,2,868,868,868,868,0,0,0,0
36,107,1.37,31,31,20,20,12,12,0,0
36,108,0.47,25,25,25,25,0,0,0,0
36,109,0.11,10,10,10,10,0,0,0,0
36,110,0.89,74,74,74,74,0,0,0,0
36,111,1,101,101,101,101,0,0,0,0
36,112,1,60,60,60,60,0,0,0,0
36,113,1,80,80,80,80,0,0,0,0
36,124,0.7,73,73,73,73,0,0,0,0
37,0,2.54,276,276,276,276,0,0,0,0
37,1,0.31,16,16,16,16,0,0,0,0
37,2,1,133,133,33,33,33,33,0,0
37,3,1,109,109,109,109,0,0,0,0
37,6,2.11,185,185,185,185,0,0,0,0
37,7,2.89,142,142,111,111,31,31,0,0
37,8,3,281,281,238,238,14,14,0,0
37,9,1,17,17,0,0,17,17,0,0
37,10,5,700,700,700,700,0,0,0,0
37,11,1.54,241,241,231,231,9,9,0,0
37,13,1.11,146,146,146,146,0,0,0,0
37,14,6.43,752,752,744,744,9,9,0,0
37,15,4.09,614,614,614,614,0,0,0,0
37,16,0.52,76,76,76,76,0,0,0,0
37,17,3.48,376,376,350,350,26,26,0,0
37,18,2.28,288,288,288,288,0,0,0,0
37,24,0.01,6,6,6,6,0,0,0,0
37,25,0.25,164,164,164,164,0,0,0,0
37,26,0.19,22,22,22,22,0,0,0,0
37,27,0.01,1,1,1,1,0,0,0,0
37,28,4.03,561,561,561,561,0,0,0,0
37,29,1.97,231,231,231,231,0,0,0,0
37,30,1,120,120,120,120,0,0,0,0
37,31,1.01,431,431,431,431,0,0,0,0
37,32,1,28,28,0,0,28,28,0,0
37,34,3.87,2453,2453,365,365,2088,2088,0,0
37,39,0.03,3,3,3,3,0,0,0,0
37,40,0.21,46,46,46,46,0,0,0,0
37,41,2.79,301,301,301,301,0,0,0,0
37,50,0.01,1,1,1,1,0,0,0,0
37,51,1.12,121,121,121,121,0,0,0,0
37,52,1,66,66,66,66,0,0,0,0
37,53,0.22,199,199,199,199,0,0,0,0
37,54,0.94,584,584,584,584,0,0,0,0
37,55,3.68,1345,1345,1345,1345,0,0,0,0
37,56,5.6,2773,2773,2773,2773,0,0,0,0
37,57,6.7,2564,2564,2564,2564,0,0,0,0
37,58,4.39,5239,5239,5239,5239,0,0,0,0
37,59,6.32,5475,5475,5475,5475,0,0,0,0
37,60,4.37,5233,5233,5233,5233,0,0,0,0
37,61,6.66,4493,4493,4493,4493,0,0,0,0
37,62,3.52,4312,4312,4312,4312,0,0,0,0
37,63,8.63,3614,3614,3614,3614,0,0,0,0
37,64,4.91,1759,1759,1759,1759,0,0,0,0
37,65,1.81,553,553,553,553,0,0,0,0
37,66,1.83,103,103,103,103,0,0,0,0
37,67,6.84,627,627,627,627,0,0,0,0
37,68,3,249,249,243,243,7,7,0,0
37,69,0.04,6,6,6,6,0,0,0,0
37,70,2.23,262,262,262,262,0,0,0,0
37,71,5.25,845,845,845,845,0,0,0,0
37,72,6.26,672,672,672,672,0,0,0,0
37,73,6.62,576,576,548,548,9,9,0,0
37,74,4.71,517,517,517,517,0,0,0,0
37,75,7.36,752,752,752,752,0,0,0,0
37,76,0.06,380,380,0,0,380,380,0,0
37,77,1.21,2592,2592,0,0,2592,2592,0,0
37,80,2.2,1816,1816,0,0,1816,1816,0,0
37,81,1,217,217,0,0,217,217,0,0
37,83,0.09,32,32,32,32,0,0,0,0
37,84,1,351,351,351,351,0,0,0,0
37,85,3.82,423,423,410,410,13,13,0,0
37,86,2,154,154,145,145,9,9,0,0
37,96,1,11,11,0,0,11,11,0,0
37,97,1,40,40,40,40,0,0,0,0
37,98,2.78,1363,1363,1330,1330,34,34,0,0
37,99,3.3,3331,3331,3331,3331,0,0,0,0
37,100,8.72,3658,3658,3520,3520,46,46,0,0
37,101,6.48,4278,4278,4278,4278,0,0,0,0
37,102,8.86,1709,1709,1709,1709,0,0,0,0
37,103,6.57,2183,2183,1867,1867,105,105,0,0
37,104,3.08,737,737,737,737,0,0,0,0
37,105,0.84,837,837,837,837,0,0,0,0
37,106,1.48,1842,1842,1842,1842,0,0,0,0
37,108,2.65,449,449,283,283,167,167,0,0
37,110,1.01,123,123,122,122,0,0,0,0
37,111,6.34,331,331,277,277,54,54,0,0
37,112,1,25,25,0,0,25,25,0,0
37,119,1.48,200,200,200,200,0,0,0,0
37,122,2,94,94,15,15,48,48,32,32
38,0,2.34,196,196,196,196,0,0,0,0
38,1,1.95,159,159,113,113,15,15,0,0
38,2,6.05,228,228,183,183,44,44,0,0
38,3,3,83,83,55,55,28,28,0,0
38,4,3.96,901,901,892,892,9,9,0,0
38,9,2,92,92,80,80,12,12,0,0
38,11,0.59,14,14,0,0,14,14,0,0
38,13,0.31,43,43,43,43,0,0,0,0
38,15,2,213,213,141,141,24,24,0,0
38,16,1.08,127,127,127,127,0,0,0,0
38,17,1,61,61,61,61,0,0,0,0
38,24,0.1,65,65,65,65,0,0,0,0
38,25,0.65,434,434,434,434,0,0,0,0
38,26,1,140,140,140,140,0,0,0,0
38,27,1.93,258,258,258,258,0,0,0,0
38,28,0.06,7,7,7,7,0,0,0,0
38,31,1.99,217,217,217,217,0,0,0,0
38,37,1,318,318,318,318,0,0,0,0
38,49,1.76,186,186,156,156,30,30,0,0
38,50,0.81,109,109,109,109,0,0,0,0
38,51,1.23,104,104,104,104,0,0,0,0
38,53,1.79,1746,1746,1746,1746,0,0,0,0
38,54,5.19,3409,3409,3409,3409,0,0,0,0
38,55,3.87,2456,2456,2456,2456,0,0,0,0
38,56,5.77,5242,5242,4758,4758,0,0,484,484
38,57,1.91,5393,5393,5393,5393,0,0,0,0
38,58,6.26,5989,5989,5989,5989,0,0,0,0
38,59,8.72,5103,5103,4238,4238,865,865,0,0
38,60,10.14,3794,3794,3259,3259,535,535,0,0
38,61,6.53,2305,2305,951,951,1353,1353,0,0
38,62,7.31,2937,2937,2937,2937,0,0,0,0
38,63,8.95,3462,3462,3089,3089,124,124,0,0
38,64,2.31,757,757,757,757,0,0,0,0
38,65,3,225,225,200,200,25,25,0,0
38,66,1,21,21,0,0,21,21,0,0
38,67,1,6,6,0,0,6,6,0,0
38,68,2,196,196,186,186,10,10,0,0
38,69,1.41,178,178,178,178,0,0,0,0
38,70,5.42,460,460,460,460,0,0,0,0
38,71,2.54,257,257,257,257,0,0,0,0
38,72,6.49,630,630,630,630,0,0,0,0
38,73,5.66,637,637,532,532,35,35,0,0
38,74,1,42,42,42,42,0,0,0,0
38,75,3,371,371,371,371,0,0,0,0
38,76,0.33,863,863,0,0,863,863,0,0
38,77,2.66,1963,1963,0,0,1963,1963,0,0
38,78,2.57,530,530,0,0,530,530,0,0
38,79,0.43,147,147,0,0,147,147,0,0
38,80,1.63,2468,2468,0,0,2468,2468,0,0
38,81,0.53,1352,1352,0,0,1352,1352,0,0
38,83,0.92,506,506,506,506,0,0,0,0
38,84,1.08,133,133,133,133,0,0,0,0
38,85,1,142,142,142,142,0,0,0,0
38,86,5.65,828,828,784,784,44,44,0,0
38,87,1.43,299,299,271,271,28,28,0,0
38,88,2.2,40,40,12,12,28,28,0,0
38,90,1,14,14,0,0,14,14,0,0
38,91,1,148,148,148,148,0,0,0,0
38,92,4,667,667,667,667,0,0,0,0
38,93,1,25,25,0,0,25,25,0,0
38,94,0.14,4,4,0,0,4,4,0,0
38,95,1.86,46,46,0,0,46,46,0,0
38,96,2,262,262,240,240,22,22,0,0
38,97,1,5,5,0,0,5,5,0,0
38,98,1.33,355,355,355,355,0,0,0,0
38,99,7.82,3851,3851,3851,3851,0,0,0,0
38,100,9.65,4209,4209,4209,4209,0,0,0,0
38,101,6.41,4051,4051,4051,4051,0,0,0,0
38,102,7.18,5052,5052,5052,5052,0,0,0,0
38,103,5.89,4773,4773,4773,4773,0,0,0,0
38,104,6.3,2469,2469,2469,2469,0,0,0,0
38,105,2.45,1146,1146,990,990,156,156,0,0
38,106,2.95,417,417,417,417,0,0,0,0
38,108,2.35,214,214,0,0,214,214,0,0
38,109,0.16,134,134,134,134,0,0,0,0
38,110,1.85,954,954,954,954,0,0,0,0
38,111,0.81,177,177,177,177,0,0,0,0
38,115,1,31,31,0,0,31,31,0,0
38,116,1,21,21,0,0,21,21,0,0
38,119,0.52,100,100,100,100,0,0,0,0
38,121,4,495,495,49,49,446,446,0,0
38,122,1,77,77,77,77,0,0,0,0
39,0,4.67,184,184,130,130,54,54,0,0
39,1,0.99,89,89,89,89,0,0,0,0
39,3,0.88,7,7,0,0,7,7,0,0
39,4,2.16,83,83,78,78,5,5,0,0
39,6,2.09,160,160,146,146,14,14,0,0
39,7,0.02,3,3,3,3,0,0,0,0
39,9,2.99,194,194,183,183,11,11,0,0
39,13,0.85,12,12,0,0,12,12,0,0
39,14,0.15,2,2,0,0,2,2,0,0
39,15,1,185,185,185,185,0,0,0,0
39,16,2.93,260,260,260,260,0,0,0,0
39,26,0.41,70,70,17,17,17,17,0,0
39,30,1,81,81,81,81,0,0,0,0
39,31,0.03,5,5,5,5,0,0,0,0
39,32,1,107,107,107,107,0,0,0,0
39,33,0.6,512,512,512,512,0,0,0,0
39,37,0.39,330,330,330,330,0,0,0,0
39,38,0.23,190,190,190,190,0,0,0,0
39,40,2,166,166,147,147,19,19,0,0
39,41,1,28,28,0,0,28,28,0,0
39,42,1.08,51,51,24,24,28,28,0,0
39,44,1.53,248,248,248,248,0,0,0,0
39,45,1.47,233,233,233,233,0,0,0,0
39,47,0.25,36,36,36,36,0,0,0,0
39,48,0.92,395,395,109,109,286,286,0,0
39,49,1.24,231,231,231,231,0,0,0,0
39,51,1.97,908,908,908,908,0,0,0,0
39,52,1.28,499,499,499,499,0,0,0,0
39,53,5.58,2678,2678,2678,2678,0,0,0,0
39,54,6.11,4733,4733,4629,4629,35,35,0,0
39,55,8.17,5778,5778,5589,5589,0,0,189,189
39,56,11.94,6337,6337,6142,6142,0,0,195,195
39,57,6.59,5548,5548,4641,4641,710,710,196,196
39,58,5.87,3438,3438,3438,3438,0,0,0,0
39,59,9.26,3674,3674,3674,3674,0,0,0,0
39,60,8.37,3498,3498,3484,3484,14,14,0,0
39,61,6.27,1519,1519,824,824,695,695,0,0
39,62,6.16,1296,1296,1296,1296,0,0,0,0
39,63,1.66,620,620,620,620,0,0,0,0
39,64,1.1,32,32,24,24,8,8,0,0
39,65,0.95,260,260,260,260,0,0,0,0
39,66,1,193,193,193,193,0,0,0,0
39,67,4,347,347,302,302,45,45,0,0
39,68,2,55,55,41,41,14,14,0,0
39,69,1,21,21,0,0,21,21,0,0
39,70,5.4,461,461,455,455,6,6,0,0
39,71,5.92,471,471,471,471,0,0,0,0
39,72,3.94,454,454,454,454,0,0,0,0
39,73,3.03,178,178,159,159,19,19,0,0
39,75,2.74,599,599,599,599,0,0,0,0
39,76,3.08,283,283,249,249,34,34,0,0
39,78,3,140,140,0,0,140,140,0,0
39,79,1.86,3058,3058,0,0,3058,3058,0,0
39,80,3.42,1865,1865,0,0,1865,1865,0,0
39,81,0.69,1265,1265,0,0,1265,1265,0,0
39,84,1,154,154,154,154,0,0,0,0
39,85,4.99,139,139,54,54,86,86,0,0
39,86,0.94,23,23,1,1,22,22,0,0
39,87,2,124,124,97,97,27,27,0,0
39,88,2.8,248,248,248,248,0,0,0,0
39,89,1.4,92,92,92,92,0,0,0,0
39,90,4.6,203,203,164,164,39,39,0,0
39,91,2,465,465,465,465,0,0,0,0
39,92,2,371,371,366,366,5,5,0,0
39,94,2,20,20,0,0,20,20,0,0
39,96,3.2,303,303,303,303,0,0,0,0
39,97,1.83,321,321,321,321,0,0,0,0
39,98,1.94,625,625,625,625,0,0,0,0
39,99,6.3,2973,2973,2973,2973,0,0,0,0
39,100,8.97,3739,3739,3665,3665,25,25,0,0
39,101,4.75,5185,5185,5185,5185,0,0,0,0
39,102,4.36,4880,4880,4880,4880,0,0,0,0
39,103,2.79,6107,6107,6107,6107,0,0,0,0
39,104,9.1,3278,3278,2945,2945,111,111,0,0
39,105,4.42,1759,1759,1759,1759,0,0,0,0
39,106,3.27,1334,1334,1334,1334,0,0,0,0
39,107,2.99,3557,3557,3557,3557,0,0,0,0
39,108,4.52,287,287,287,287,0,0,0,0
39,109,1.84,707,707,692,692,15,15,0,0
39,110,0.69,19,19,2,2,17,17,0,0
39,116,4.7,133,133,61,61,72,72,0,0
39,117,0.52,9,9,0,0,9,9,0,0
39,120,1,43,43,43,43,0,0,0,0
40,1,6,432,432,313,313,61,61,0,0
40,2,1.76,128,128,111,111,17,17,0,0
40,3,2,117,117,99,99,18,18,0,0
40,4,3,381,381,381,381,0,0,0,0
40,5,1,170,170,170,170,0,0,0,0
40,6,7.91,529,529,511,511,18,18,0,0
40,7,5.52,969,969,969,969,0,0,0,0
40,8,4.3,273,273,249,249,25,25,0,0
40,9,3.77,353,353,323,323,30,30,0,0
40,10,2,174,174,174,174,0,0,0,0
40,13,1,105,105,105,105,0,0,0,0
40,14,1,97,97,97,97,0,0,0,0
40,15,0.32,34,34,34,34,0,0,0,0
40,16,3.67,260,260,260,260,0,0,0,0
40,17,2,252,252,252,252,0,0,0,0
40,18,0.04,3,3,3,3,0,0,0,0
40,21,0.99,127,127,127,127,0,0,0,0
40,22,0.01,1,1,1,1,0,0,0,0
40,26,0.78,140,140,64,64,25,25,0,0
40,27,1,125,125,125,125,0,0,0,0
40,28,1.88,389,389,139,139,83,83,0,0
40,29,0.12,45,45,11,11,11,11,0,0
40,30,4.7,776,776,494,494,94,94,0,0
40,31,8.25,1161,1161,1075,1075,29,29,0,0
40,32,2.92,2839,2839,2839,2839,0,0,0,0
40,33,4.02,2735,2735,2735,2735,0,0,0,0
40,34,2.01,490,490,490,490,0,0,0,0
40,37,1.36,558,558,558,558,0,0,0,0
40,38,0.02,16,16,16,16,0,0,0,0
40,40,1,35,35,0,0,35,35,0,0
40,41,0.46,133,133,133,133,0,0,0,0
40,42,0.46,136,136,136,136,0,0,0,0
40,45,2.17,1081,1081,297,297,785,785,0,0
40,46,1.08,578,578,213,213,365,365,0,0
40,47,2,1066,1066,1066,1066,0,0,0,0
40,48,1.42,901,901,175,175,725,725,0,0
40,49,1.42,786,786,56,56,730,730,0,0
40,50,2.44,737,737,737,737,0,0,0,0
40,51,0.48,44,44,44,44,0,0,0,0
40,52,2.24,1046,1046,865,865,60,60,0,0
40,53,4.59,4546,4546,4546,4546,0,0,0,0
40,54,7.47,1718,1718,1525,1525,64,64,0,0
40,55,5.7,3957,3957,3957,3957,0,0,0,0
40,56,5.21,5116,5116,5116,5116,0,0,0,0
40,57,5.61,5176,5176,5158,5158,17,17,0,0
40,58,7.51,4270,4270,3294,3294,976,976,0,0
40,59,1.85,1997,1997,1990,1990,7,7,0,0
40,60,1,455,455,455,455,0,0,0,0
40,61,0.55,127,127,127,127,0,0,0,0
40,62,1.93,198,198,198,198,0,0,0,0
40,63,5.68,405,405,374,374,31,31,0,0
40,64,2.01,103,103,88,88,16,16,0,0
40,65,1,33,33,0,0,33,33,0,0
40,68,1,100,100,100,100,0,0,0,0
40,69,0.89,24,24,0,0,24,24,0,0
40,70,0.11,3,3,0,0,3,3,0,0
40,71,0.68,83,83,83,83,0,0,0,0
40,72,2,218,218,218,218,0,0,0,0
40,74,2.76,280,280,254,254,26,26,0,0
40,75,5.65,628,628,604,604,23,23,0,0
40,76,2.48,344,344,339,339,5,5,0,0
40,77,2.16,416,416,399,399,17,17,0,0
40,78,1.44,1285,1285,106,106,1179,1179,0,0
40,79,2.5,1702,1702,0,0,1702,1702,0,0
40,80,0.75,759,759,0,0,759,759,0,0
40,81,1.69,1004,1004,0,0,1004,1004,0,0
40,84,3.86,101,101,59,59,42,42,0,0
40,85,2.29,179,179,146,146,33,33,0,0
40,86,1,29,29,0,0,29,29,0,0
40,87,2,342,342,342,342,0,0,0,0
40,88,0.1,24,24,6,6,6,6,0,0
40,89,2.9,375,375,192,192,69,69,0,0
40,90,1,13,13,0,0,13,13,0,0
40,91,1,19,19,0,0,19,19,0,0
40,92,2,133,133,102,102,31,31,0,0
40,93,1.09,77,77,74,74,3,3,0,0
40,94,4.92,363,363,338,338,25,25,0,0
40,95,3.01,127,127,127,127,0,0,0,0
40,96,7.98,1110,1110,1110,1110,0,0,0,0
40,98,2.06,167,167,167,167,0,0,0,0
40,99,3.42,2151,2151,2151,2151,0,0,0,0
40,100,6.7,5021,5021,5021,5021,0,0,0,0
40,101,11.28,4403,4403,4403,4403,0,0,0,0
40,102,2.84,5393,5393,5393,5393,0,0,0,0
40,103,6.3,4234,4234,4234,4234,0,0,0,0
40,104,3.38,1435,1435,1435,1435,0,0,0,0
40,105,4.99,3284,3284,3284,3284,0,0,0,0
40,106,5.96,5180,5180,5180,5180,0,0,0,0
40,107,5.05,5809,5809,5809,5809,0,0,0,0
40,108,3.32,1064,1064,1064,1064,0,0,0,0
40,110,0.32,8,8,0,0,8,8,0,0
40,112,2,308,308,308,308,0,0,0,0
40,115,1,63,63,63,63,0,0,0,0
40,116,1.78,141,141,141,141,0,0,0,0
40,122,1,112,112,112,112,0,0,0,0
40,124,1,20,20,0,0,20,20,0,0
40,126,1,42,42,42,42,0,0,0,0
41,0,2,273,273,273,273,0,0,0,0
41,1,1,22,22,0,0,22,22,0,0
41,2,3.24,226,226,217,217,9,9,0,0
41,3,1,120,120,120,120,0,0,0,0
41,4,2,132,132,99,99,33,33,0,0
41,5,2.15,160,160,160,160,0,0,0,0
41,7,2.4,161,161,148,148,13,13,0,0
41,8,1,24,24,0,0,24,24,0,0
41,9,2,169,169,169,169,0,0,0,0
41,10,0.36,18,18,18,18,0,0,0,0
41,11,4.64,389,389,389,389,0,0,0,0
41,12,2.39,318,318,318,318,0,0,0,0
41,13,0.61,100,100,100,100,0,0,0,0
41,14,2.22,295,295,295,295,0,0,0,0
41,15,3.92,405,405,405,405,0,0,0,0
41,16,1.1,84,84,84,84,0,0,0,0
41,17,3.76,659,659,659,659,0,0,0,0
41,18,1.19,98,98,98,98,0,0,0,0
41,19,0.11,59,59,59,59,0,0,0,0
41,20,0.89,455,455,455,455,0,0,0,0
41,25,1,91,91,91,91,0,0,0,0
41,26,0.82,170,170,170,170,0,0,0,0
41,27,3,556,556,556,556,0,0,0,0
41,28,3.1,436,436,200,200,97,97,0,0
41,29,5.27,2067,2067,1386,1386,227,227,0,0
41,30,6.54,2011,2011,1403,1403,203,203,0,0
41,31,6.79,2242,2242,2242,2242,0,0,0,0
41,32,3.78,5082,5082,5082,5082,0,0,0,0
41,33,7.63,4402,4402,4402,4402,0,0,0,0
41,34,4.01,2146,2146,2008,2008,46,46,0,0
41,35,6.25,1554,1554,1554,1554,0,0,0,0
41,36,4.19,2636,2636,2636,2636,0,0,0,0
41,37,3.56,1254,1254,1241,1241,13,13,0,0
41,38,2,513,513,513,513,0,0,0,0
41,39,0.59,124,124,124,124,0,0,0,0
41,41,1,175,175,175,175,0,0,0,0
41,42,1,27,27,0,0,27,27,0,0
41,44,1.07,378,378,378,378,0,0,0,0
41,45,3.4,2591,2591,390,390,2201,2201,0,0
41,46,1.28,1414,1414,107,107,1307,1307,0,0
41,47,1,311,311,311,311,0,0,0,0
41,48,2.7,1607,1607,1607,1607,0,0,0,0
41,49,2.49,1115,1115,1108,1108,7,7,0,0
41,50,3.53,1661,1661,1661,1661,0,0,0,0
41,51,0.86,1055,1055,1052,1052,3,3,0,0
41,52,4.47,1943,1943,1943,1943,0,0,0,0
41,53,2.22,1882,1882,1706,1706,59,59,0,0
41,54,4.58,1161,1161,929,929,116,116,0,0
41,55,3.71,1467,1467,1329,1329,137,137,0,0
41,56,2.31,5912,5912,5912,5912,0,0,0,0
41,57,5.92,5652,5652,5652,5652,0,0,0,0
41,58,3.98,4136,4136,4068,4068,68,68,0,0
41,59,1.91,599,599,599,599,0,0,0,0
41,61,1,219,219,219,219,0,0,0,0
41,62,0.75,47,47,47,47,0,0,0,0
41,63,2,16,16,0,0,16,16,0,0
41,64,3.12,144,144,96,96,48,48,0,0
41,65,0.58,34,34,34,34,0,0,0,0
41,66,2,116,116,110,110,7,7,0,0
41,71,4,362,362,362,362,0,0,0,0
41,73,1,109,109,109,109,0,0,0,0
41,74,3,172,172,117,117,55,55,0,0
41,75,2.61,320,320,320,320,0,0,0,0
41,76,5.41,969,969,959,959,10,10,0,0
41,77,0.8,30,30,30,30,0,0,0,0
41,79,0.8,746,746,0,0,746,746,0,0
41,80,2.02,3385,3385,0,0,3385,3385,0,0
41,81,1.24,581,581,0,0,581,581,0,0
41,83,1,132,132,132,132,0,0,0,0
41,84,2.04,408,408,408,408,0,0,0,0
41,85,3.08,571,571,571,571,0,0,0,0
41,86,0.75,373,373,372,372,2,2,0,0
41,87,1.8,74,74,66,66,7,7,0,0
41,88,2.94,115,115,108,108,7,7,0,0
41,89,0.06,3,3,3,3,0,0,0,0
41,94,3,279,279,279,279,0,0,0,0
41,95,1.4,65,65,65,65,0,0,0,0
41,96,9.59,598,598,598,598,0,0,0,0
41,97,2.99,824,824,824,824,0,0,0,0
41,98,4.4,785,785,555,555,98,98,0,0
41,99,2.04,866,866,866,866,0,0,0,0
41,100,7.82,4229,4229,4229,4229,0,0,0,0
41,101,7.43,4443,4443,4281,4281,54,54,0,0
41,102,9.8,4804,4804,4804,4804,0,0,0,0
41,103,6.78,3504,3504,3504,3504,0,0,0,0
41,104,5.56,3847,3847,3847,3847,0,0,0,0
41,105,6.94,5053,5053,4617,4617,436,436,0,0
41,106,1.98,2240,2240,1161,1161,1079,1079,0,0
41,107,8.18,4064,4064,3775,3775,289,289,0,0
41,108,11.59,2497,2497,2497,2497,0,0,0,0
41,109,2.7,212,212,195,195,17,17,0,0
41,110,1,84,84,84,84,0,0,0,0
41,115,1,21,21,0,0,21,21,0,0
41,120,1,20,20,0,0,20,20,0,0
41,122,1,38,38,38,38,0,0,0,0
42,0,5.5,504,504,504,504,0,0,0,0
42,1,4.6,273,273,249,249,24,24,0,0
42,2,0.14,32,32,32,32,0,0,0,0
42,3,0.92,287,287,287,287,0,0,0,0
42,5,2.85,171,171,171,171,0,0,0,0
42,6,1,37,37,37,37,0,0,0,0
42,7,1.18,55,55,53,53,2,2,0,0
42,9,1,18,18,0,0,18,18,0,0
42,14,1.14,482,482,482,482,0,0,0,0
42,15,0.01,3,3,3,3,0,0,0,0
42,16,1.49,313,313,313,313,0,0,0,0
42,17,1.26,102,102,102,102,0,0,0,0
42,18,1,298,298,298,298,0,0,0,0
42,22,1,155,155,155,155,0,0,0,0
42,24,1,73,73,73,73,0,0,0,0
42,25,1.72,343,343,343,343,0,0,0,0
42,26,2,568,568,568,568,0,0,0,0
42,28,0.59,558,558,558,558,0,0,0,0
42,29,3.66,4162,4162,4162,4162,0,0,0,0
42,30,3.26,2043,2043,2043,2043,0,0,0,0
42,31,9.16,4597,4597,4529,4529,23,23,0,0
42,32,5,5006,5006,4974,4974,31,31,0,0
42,33,4.71,3503,3503,1873,1873,1236,1236,393,393
42,34,4.41,5325,5325,5280,5280,15,15,0,0
42,35,9.13,3158,3158,3025,3025,44,44,0,0
42,36,7.32,4997,4997,4959,4959,13,13,0,0
42,37,5.84,3480,3480,3480,3480,0,0,0,0
42,38,1,224,224,224,224,0,0,0,0
42,39,7.41,1068,1068,1068,1068,0,0,0,0
42,40,2.22,270,270,249,249,21,21,0,0
42,41,5.41,1454,1454,563,563,891,891,0,0
42,42,3.41,535,535,358,358,59,59,0,0
42,43,2,958,958,958,958,0,0,0,0
42,45,4,475,475,425,425,50,50,0,0
42,46,1,176,176,176,176,0,0,0,0
42,47,0.01,4,4,4,4,0,0,0,0
42,48,0.06,43,43,43,43,0,0,0,0
42,49,4.31,2695,2695,2695,2695,0,0,0,0
42,50,1.07,414,414,414,414,0,0,0,0
42,51,4.82,1399,1399,470,470,929,929,0,0
42,52,2.41,563,563,547,547,15,15,0,0
42,53,1.46,1903,1903,799,799,368,368,0,0
42,54,0.46,370,370,0,0,370,370,0,0
42,55,2.53,931,931,89,89,843,843,0,0
42,56,3.83,3955,3955,3955,3955,0,0,0,0
42,57,4.26,4893,4893,4893,4893,0,0,0,0
42,58,8.14,4524,4524,4524,4524,0,0,0,0
42,59,2.34,304,304,304,304,0,0,0,0
42,60,0.67,107,107,107,107,0,0,0,0
42,61,2.91,410,410,321,321,0,0,88,88
42,64,1.19,59,59,40,40,19,19,0,0
42,65,0.42,25,25,25,25,0,0,0,0
42,74,1,17,17,0,0,17,17,0,0
42,76,0.32,43,43,43,43,0,0,0,0
42,77,4,363,363,339,339,25,25,0,0
42,78,2.64,335,335,335,335,0,0,0,0
42,79,1.36,111,111,111,111,0,0,0,0
42,82,1,187,187,187,187,0,0,0,0
42,83,3,189,189,171,171,18,18,0,0
42,84,3.97,549,549,526,526,23,23,0,0
42,85,2.75,463,463,463,463,0,0,0,0
42,86,3.44,608,608,565,565,43,43,0,0
42,87,3.02,341,341,306,306,36,36,0,0
42,90,1,39,39,39,39,0,0,0,0
42,94,1.15,179,179,163,163,15,15,0,0
42,95,8.59,1808,1808,1363,1363,148,148,0,0
42,96,6.37,1902,1902,1688,1688,72,72,0,0
42,97,6.74,3182,3182,2975,2975,69,69,0,0
42,98,5.42,4278,4278,4198,4198,27,27,0,0
42,99,7.38,2099,2099,2099,2099,0,0,0,0
42,100,7.25,5410,5410,5410,5410,0,0,0,0
42,101,4.08,4492,4492,3317,3317,12,12,1138,1138
42,102,4.96,6784,6784,6696,6696,30,30,0,0
42,103,3.93,6506,6506,6506,6506,0,0,0,0
42,104,6.35,4603,4603,4377,4377,76,76,0,0
42,105,4.33,5152,5152,5058,5058,94,94,0,0
42,106,3.57,2582,2582,1424,1424,1056,1056,0,0
42,107,3.44,4601,4601,4472,4472,129,129,0,0
42,108,1.09,547,547,547,547,0,0,0,0
42,109,3,220,220,178,178,43,43,0,0
42,110,1.68,135,135,135,135,0,0,0,0
42,111,3,142,142,118,118,25,25,0,0
42,112,1,27,27,0,0,27,27,0,0
42,114,1,16,16,0,0,16,16,0,0
43,0,2.07,238,238,238,238,0,0,0,0
43,1,4.67,368,368,350,350,19,19,0,0
43,2,4.6,217,217,191,191,26,26,0,0
43,3,2.37,383,383,248,248,45,45,0,0
43,4,1,79,79,79,79,0,0,0,0
43,5,1.94,76,76,64,64,12,12,0,0
43,6,5,319,319,288,288,30,30,0,0
43,7,2.69,150,150,130,130,19,19,0,0
43,8,0.13,19,19,19,19,0,0,0,0
43,9,2,270,270,270,270,0,0,0,0
43,13,1,70,70,70,70,0,0,0,0
43,14,1.86,515,515,510,510,5,5,0,0
43,17,1.7,202,202,202,202,0,0,0,0
43,18,2.33,399,399,399,399,0,0,0,0
43,19,0.19,50,50,50,50,0,0,0,0
43,24,1.98,343,343,343,343,0,0,0,0
43,25,0.28,55,55,55,55,0,0,0,0
43,26,0.38,379,379,379,379,0,0,0,0
43,27,2.34,1192,1192,1192,1192,0,0,0,0
43,28,2.55,3559,3559,3559,3559,0,0,0,0
43,29,3.69,5474,5474,5474,5474,0,0,0,0
43,30,3.75,5982,5982,5982,5982,0,0,0,0
43,31,3.53,6454,6454,6454,6454,0,0,0,0
43,32,3.12,5907,5907,5907,5907,0,0,0,0
43,33,1.99,2132,2132,2132,2132,0,0,0,0
43,34,6.47,5950,5950,5950,5950,0,0,0,0
43,35,5.87,6640,6640,6640,6640,0,0,0,0
43,36,6.75,6020,6020,6020,6020,0,0,0,0
43,37,6.88,4399,4399,4399,4399,0,0,0,0
43,38,1.29,858,858,858,858,0,0,0,0
43,39,3.91,1694,1694,399,399,1295,1295,0,0
43,40,1.02,360,360,360,360,0,0,0,0
43,41,0.78,251,251,251,251,0,0,0,0
43,42,1,126,126,126,126,0,0,0,0
43,45,0.56,424,424,424,424,0,0,0,0
43,46,2.38,1515,1515,1515,1515,0,0,0,0
43,47,0.99,386,386,386,386,0,0,0,0
43,48,1.79,2116,2116,1946,1946,57,57,0,0
43,49,1.78,1097,1097,1094,1094,1,1,0,0
43,50,2.13,970,970,970,970,0,0,0,0
43,51,7.17,1909,1909,659,659,1251,1251,0,0
43,52,1.08,340,340,0,0,340,340,0,0
43,55,7.37,2873,2873,2873,2873,0,0,0,0
43,56,7.95,4081,4081,4081,4081,0,0,0,0
43,57,7.52,3823,3823,3823,3823,0,0,0,0
43,58,3.89,3513,3513,3407,3407,35,35,0,0
43,59,1.34,448,448,448,448,0,0,0,0
43,60,0.42,60,60,60,60,0,0,0,0
43,76,4,583,583,564,564,19,19,0,0
43,77,2.28,233,233,227,227,7,7,0,0
43,78,5.01,605,605,592,592,13,13,0,0
43,80,3,165,165,129,129,36,36,0,0
43,84,2.79,324,324,291,291,33,33,0,0
43,85,4,623,623,607,607,16,16,0,0
43,86,2.88,679,679,679,679,0,0,0,0
43,87,1.72,274,274,274,274,0,0,0,0
43,90,1,25,25,0,0,25,25,0,0
43,91,2.8,169,169,149,149,19,19,0,0
43,92,0.2,3,3,0,0,3,3,0,0
43,93,1,227,227,227,227,0,0,0,0
43,94,2.46,217,217,177,177,40,40,0,0
43,95,2.13,535,535,506,506,10,10,0,0
43,96,7.09,2203,2203,2105,2105,33,33,0,0
43,97,3.8,3500,3500,3500,3500,0,0,0,0
43,98,4.48,4030,4030,3881,3881,50,50,0,0
43,99,6.31,4113,4113,4113,4113,0,0,0,0
43,100,8.08,3055,3055,3055,3055,0,0,0,0
43,101,5.72,5323,5323,5218,5218,0,0,105,105
43,102,6.65,6765,6765,6683,6683,0,0,83,83
43,103,7.74,6856,6856,6202,6202,532,532,123,123
43,104,3.4,4598,4598,4598,4598,0,0,0,0
43,105,5.3,3420,3420,2953,2953,0,0,468,468
43,106,4.38,1778,1778,525,525,211,211,619,619
43,107,5.13,1542,1542,1420,1420,41,41,0,0
43,108,6.41,2090,2090,2090,2090,0,0,0,0
43,109,2.1,238,238,238,238,0,0,0,0
43,110,7.59,620,620,620,620,0,0,0,0
43,111,2,45,45,45,45,0,0,0,0
43,112,3,204,204,204,204,0,0,0,0
43,115,2,171,171,142,142,29,29,0,0
43,116,1,38,38,0,0,38,38,0,0
43,119,1,42,42,42,42,0,0,0,0
43,120,1,55,55,55,55,0,0,0,0
43,124,1,128,128,128,128,0,0,0,0
44,1,2.34,263,263,263,263,0,0,0,0
44,2,1.02,19,19,2,2,17,17,0,0
44,4,1,19,19,0,0,19,19,0,0
44,5,0.06,1,1,0,0,1,1,0,0
44,6,3.78,202,202,176,176,26,26,0,0
44,7,2,64,64,0,0,11,11,53,53
44,9,1,72,72,72,72,0,0,0,0
44,10,1,49,49,49,49,0,0,0,0
44,18,0.61,134,134,134,134,0,0,0,0
44,19,3.97,577,577,537,537,13,13,0,0
44,21,1,4,4,0,0,4,4,4,4
44,22,3,457,457,426,426,32,32,0,0
44,23,1,27,27,0,0,27,27,0,0
44,24,1.02,8,8,3,3,4,4,4,4
44,26,5,2219,2219,2219,2219,0,0,0,0
44,27,6.12,5895,5895,5895,5895,0,0,0,0
44,28,4.31,3774,3774,3648,3648,42,42,0,0
44,29,2.41,4550,4550,4550,4550,0,0,0,0
44,30,4.83,4646,4646,4646,4646,0,0,0,0
44,31,2.39,5723,5723,5723,5723,0,0,0,0
44,32,6.67,6904,6904,6904,6904,0,0,0,0
44,33,5.85,6666,6666,6666,6666,0,0,0,0
44,34,3.6,6323,6323,6215,6215,0,0,108,108
44,35,3.33,5086,5086,4158,4158,928,928,0,0
44,36,8.09,6841,6841,6652,6652,0,0,188,188
44,37,4.18,5886,5886,5886,5886,0,0,0,0
44,38,2.33,2808,2808,2808,2808,0,0,0,0
44,39,0.35,588,588,588,588,0,0,0,0
44,40,0.93,271,271,271,271,0,0,0,0
44,41,0.23,73,73,73,73,0,0,0,0
44,45,2.44,491,491,465,465,26,26,0,0
44,46,2.62,444,444,423,423,22,22,0,0
44,48,0.12,269,269,269,269,0,0,0,0
44,49,0.03,45,45,45,45,0,0,0,0
44,50,1.99,1046,1046,1028,1028,18,18,0,0
44,51,0.19,45,45,45,45,0,0,0,0
44,54,0.03,5,5,5,5,0,0,0,0
44,55,7.38,3050,3050,3050,3050,0,0,0,0
44,56,8.17,3756,3756,3756,3756,0,0,0,0
44,57,8.21,3131,3131,3131,3131,0,0,0,0
44,58,1.13,1796,1796,1796,1796,0,0,0,0
44,59,1.03,99,99,99,99,0,0,0,0
44,60,0.07,65,65,65,65,0,0,0,0
44,61,1.98,30,30,0,0,30,30,0,0
44,62,0.02,0,0,0,0,0,0,0,0
44,75,1.55,95,95,95,95,0,0,0,0
44,76,1,171,171,171,171,0,0,0,0
44,77,3.64,347,347,331,331,16,16,0,0
44,78,2.87,373,373,373,373,0,0,0,0
44,79,1.82,141,141,112,112,29,29,0,0
44,80,1.67,205,205,205,205,0,0,0,0
44,81,2,385,385,385,385,0,0,0,0
44,82,4,671,671,633,633,37,37,0,0
44,83,3.83,668,668,668,668,0,0,0,0
44,84,3.95,574,574,574,574,0,0,0,0
44,85,1.45,271,271,271,271,0,0,0,0
44,86,2.35,294,294,286,286,8,8,0,0
44,87,2.46,437,437,407,407,29,29,0,0
44,88,6.84,703,703,703,703,0,0,0,0
44,89,0.74,117,117,117,117,0,0,0,0
44,90,3,147,147,110,110,37,37,0,0
44,91,1.61,90,90,71,71,19,19,0,0
44,92,2.39,237,237,197,197,40,40,0,0
44,94,5.03,116,116,56,56,60,60,0,0
44,95,0.55,40,40,40,40,0,0,0,0
44,96,1,23,23,0,0,23,23,0,0
44,97,2,150,150,150,150,0,0,0,0
44,98,0.99,1738,1738,1738,1738,0,0,0,0
44,99,9.31,1945,1945,1945,1945,0,0,0,0
44,100,8.17,3519,3519,3363,3363,52,52,0,0
44,101,6.15,5092,5092,5046,5046,0,0,47,47
44,102,4.91,6336,6336,6328,6328,0,0,7,7
44,103,6.64,6227,6227,6054,6054,81,81,92,92
44,104,4.32,3294,3294,3227,3227,67,67,0,0
44,105,6.6,3251,3251,3251,3251,0,0,0,0
44,106,2.78,1517,1517,1517,1517,0,0,0,0
44,107,0.44,97,97,97,97,0,0,0,0
44,108,3,150,150,120,120,30,30,0,0
44,109,3.55,335,335,335,335,0,0,0,0
44,110,3.68,247,247,247,247,0,0,0,0
44,111,0.05,4,4,4,4,0,0,0,0
44,113,1,88,88,88,88,0,0,0,0
44,119,1,8,8,0,0,8,8,0,0
44,120,2,81,81,67,67,14,14,0,0
45,1,0.18,2,2,0,0,2,2,0,0
45,4,2,68,68,62,62,6,6,0,0
45,5,1.85,102,102,102,102,0,0,0,0
45,6,1.37,55,55,27,27,29,29,0,0
45,7,2.85,94,94,51,51,43,43,0,0
45,8,1,230,230,230,230,0,0,0,0
45,11,1,19,19,0,0,19,19,0,0
45,15,0.9,54,54,54,54,0,0,0,0
45,17,2,45,45,0,0,45,45,0,0
45,19,3.22,350,350,265,265,28,28,0,0
45,22,1,5,5,0,0,5,5,5,5
45,26,0.86,777,777,777,777,0,0,0,0
45,27,1.78,2537,2537,2537,2537,0,0,0,0
45,28,1.45,3817,3817,3817,3817,0,0,0,0
45,29,4.69,3433,3433,3433,3433,0,0,0,0
45,30,4.62,4676,4676,4676,4676,0,0,0,0
45,31,5.26,6705,6705,6705,6705,0,0,0,0
45,32,7.58,5995,5995,5986,5986,9,9,0,0
45,33,5.68,6058,6058,6058,6058,0,0,0,0
45,34,14.06,6513,6513,5907,5907,0,0,606,606
45,35,4.22,4615,4615,4615,4615,0,0,0,0
45,36,7.03,5063,5063,5024,5024,0,0,38,38
45,37,2.17,4135,4135,4135,4135,0,0,0,0
45,38,1.63,4420,4420,4420,4420,0,0,0,0
45,39,0.6,911,911,911,911,0,0,0,0
45,41,3.94,412,412,394,394,19,19,0,0
45,42,2.06,77,77,62,62,15,15,0,0
45,43,1,22,22,0,0,22,22,0,0
45,46,1,134,134,134,134,0,0,0,0
45,48,3,475,475,446,446,29,29,0,0
45,55,2.05,1078,1078,1078,1078,0,0,0,0
45,56,0.33,286,286,286,286,0,0,0,0
45,57,9.43,2018,2018,1650,1650,123,123,0,0
45,58,2.48,858,858,479,479,254,254,0,0
45,59,8.04,2475,2475,2475,2475,0,0,0,0
45,60,1.42,1005,1005,1005,1005,0,0,0,0
45,63,4.58,407,407,295,295,53,53,0,0
45,64,1.42,97,97,22,22,32,32,0,0
45,70,1,20,20,0,0,20,20,0,0
45,75,0.45,37,37,37,37,0,0,0,0
45,76,1,59,59,59,59,0,0,0,0
45,77,3.91,496,496,496,496,0,0,0,0
45,78,5.19,508,508,508,508,0,0,0,0
45,80,0.51,72,72,72,72,0,0,0,0
45,81,1,126,126,126,126,0,0,0,0
45,82,1,4,4,0,0,4,4,0,0
45,83,2.03,164,164,136,136,28,28,0,0
45,84,1.4,136,136,136,136,0,0,0,0
45,85,7.74,702,702,694,694,8,8,0,0
45,86,3.43,329,329,305,305,24,24,0,0
45,87,3.35,217,217,206,206,11,11,0,0
45,88,2,72,72,49,49,23,23,0,0
45,89,1,202,202,202,202,0,0,0,0
45,95,1,178,178,178,178,0,0,0,0
45,98,1,34,34,0,0,34,34,0,0
45,99,1.69,331,331,331,331,0,0,0,0
45,100,3.92,1400,1400,1400,1400,0,0,0,0
45,101,7.96,3912,3912,3912,3912,0,0,0,0
45,102,2.32,4575,4575,4575,4575,0,0,0,0
45,103,5.26,1897,1897,1893,1893,4,4,0,0
45,104,3.82,1594,1594,900,900,694,694,0,0
45,105,5.52,2855,2855,1973,1973,882,882,0,0
45,106,6.6,1872,1872,1872,1872,0,0,0,0
45,107,1.96,2304,2304,2304,2304,0,0,0,0
45,108,0.01,26,26,26,26,0,0,0,0
45,109,2.59,1599,1599,1599,1599,0,0,0,0
45,110,6.3,3525,3525,3525,3525,0,0,0,0
45,111,0.19,167,167,167,167,0,0,0,0
45,112,1,155,155,155,155,0,0,0,0
45,113,2,65,65,0,0,65,65,0,0
45,114,1,34,34,0,0,34,34,0,0
45,116,1,72,72,72,72,0,0,0,0
45,117,2,47,47,0,0,47,47,0,0
45,118,2,47,47,0,0,47,47,0,0
45,120,1,10,10,0,0,10,10,0,0
45,121,1,71,71,71,71,0,0,0,0
45,123,0.97,141,141,141,141,0,0,0,0
45,124,0.03,5,5,5,5,0,0,0,0
46,0,1,10,10,0,0,10,10,0,0
46,1,3.82,257,257,247,247,10,10,0,0
46,2,1,79,79,79,79,0,0,0,0
46,3,1,20,20,0,0,20,20,0,0
46,4,1,130,130,130,130,0,0,0,0
46,7,2.15,104,104,90,90,14,14,0,0
46,11,0.56,87,87,87,87,0,0,0,0
46,12,0.44,69,69,69,69,0,0,0,0
46,15,0.1,6,6,6,6,0,0,0,0
46,19,1,19,19,0,0,19,19,0,0
46,22,2,11,11,0,0,11,11,6,6
46,23,1,26,26,0,0,26,26,0,0
46,24,0.72,112,112,112,112,0,0,0,0
46,26,1,159,159,159,159,0,0,0,0
46,29,3.83,908,908,908,908,0,0,0,0
46,30,2.59,4173,4173,4173,4173,0,0,0,0
46,31,9.35,5935,5935,5843,5843,91,91,0,0
46,32,6.62,6106,6106,5663,5663,442,442,0,0
46,33,4.34,4656,4656,4656,4656,0,0,0,0
46,34,8.36,6119,6119,6119,6119,0,0,0,0
46,35,5.32,5843,5843,5843,5843,0,0,0,0
46,36,5.34,5127,5127,5127,5127,0,0,0,0
46,37,3.75,5609,5609,5609,5609,0,0,0,0
46,38,5.32,4802,4802,4802,4802,0,0,0,0
46,39,5.86,1403,1403,1403,1403,0,0,0,0
46,42,3.43,503,503,486,486,18,18,0,0
46,43,0.8,318,318,318,318,0,0,0,0
46,46,5.61,326,326,211,211,54,54,0,0
46,47,3.39,198,198,179,179,20,20,0,0
46,48,1,7,7,0,0,7,7,0,0
46,58,0.02,3,3,3,3,0,0,0,0
46,59,4.46,1126,1126,1126,1126,0,0,0,0
46,60,3.7,1831,1831,1831,1831,0,0,0,0
46,62,2.38,487,487,487,487,0,0,0,0
46,63,1.28,146,146,107,107,34,34,0,0
46,64,0.78,377,377,377,377,0,0,0,0
46,66,1,43,43,43,43,0,0,0,0
46,76,1.39,264,264,264,264,0,0,0,0
46,77,2,397,397,397,397,0,0,0,0
46,78,3.1,577,577,287,287,97,97,0,0
46,79,0.97,137,137,137,137,0,0,0,0
46,80,0.05,8,8,8,8,0,0,0,0
46,81,1.57,180,180,180,180,0,0,0,0
46,82,2,19,19,0,0,19,19,0,0
46,84,3.23,278,278,225,225,54,54,0,0
46,85,5.53,529,529,507,507,22,22,0,0
46,86,3.19,293,293,285,285,8,8,0,0
46,87,3.06,186,186,171,171,14,14,0,0
46,88,1,149,149,149,149,0,0,0,0
46,89,2,21,21,0,0,21,21,0,0
46,93,4,202,202,178,178,24,24,0,0
46,95,1,113,113,113,113,0,0,0,0
46,96,2.39,758,758,742,742,15,15,0,0
46,98,4,332,332,297,297,35,35,0,0
46,99,1.51,201,201,201,201,0,0,0,0
46,100,2.24,188,188,188,188,0,0,0,0
46,101,5.45,1782,1782,1673,1673,109,109,0,0
46,102,6.66,4890,4890,4890,4890,0,0,0,0
46,103,4.36,3865,3865,3865,3865,0,0,0,0
46,104,5.34,4963,4963,4903,4903,0,0,61,61
46,105,4.25,5088,5088,5088,5088,0,0,0,0
46,106,8.13,2818,2818,2604,2604,71,71,0,0
46,107,11.53,3468,3468,3468,3468,0,0,0,0
46,108,4.1,1791,1791,1791,1791,0,0,0,0
46,109,7.5,4104,4104,4104,4104,0,0,0,0
46,110,2.12,822,822,822,822,0,0,0,0
46,111,3.05,276,276,276,276,0,0,0,0
46,112,2.17,86,86,35,35,51,51,0,0
46,114,3,387,387,373,373,14,14,0,0
46,118,2,172,172,172,172,0,0,0,0
46,122,1,59,59,59,59,0,0,0,0
46,124,1,32,32,0,0,32,32,0,0
47,6,2,127,127,98,98,29,29,0,0
47,11,1,142,142,142,142,0,0,0,0
47,13,4.07,394,394,361,361,32,32,0,0
47,14,4.5,303,303,211,211,92,92,0,0
47,15,6.31,457,457,407,407,49,49,0,0
47,16,2,164,164,158,158,7,7,0,0
47,17,2,266,266,266,266,0,0,0,0
47,18,2,146,146,146,146,0,0,0,0
47,19,4.69,122,122,28,28,94,94,0,0
47,20,3.31,347,347,347,347,0,0,0,0
47,21,2,166,166,166,166,0,0,0,0
47,23,4,238,238,225,225,13,13,8,8
47,24,1.27,71,71,44,44,26,26,0,0
47,25,1,50,50,50,50,0,0,0,0
47,26,3,376,376,376,376,0,0,0,0
47,27,2,106,106,78,78,28,28,0,0
47,28,0.22,294,294,294,294,0,0,0,0
47,29,3.74,1288,1288,1204,1204,84,84,0,0
47,30,4.03,2641,2641,2640,2640,1,1,0,0
47,31,6.64,3851,3851,3851,3851,0,0,0,0
47,32,4.91,4959,4959,4959,4959,0,0,0,0
47,33,7.46,5646,5646,5646,5646,0,0,0,0
47,34,4.56,6011,6011,6011,6011,0,0,0,0
47,35,8.18,6223,6223,6223,6223,0,0,0,0
47,36,4.01,3992,3992,3992,3992,0,0,0,0
47,37,3.57,5468,5468,5447,5447,22,22,0,0
47,38,6.29,4147,4147,4147,4147,0,0,0,0
47,39,2.77,1503,1503,296,296,1207,1207,0,0
47,41,1,213,213,213,213,0,0,0,0
47,42,1.77,156,156,156,156,0,0,0,0
47,43,4,356,356,327,327,29,29,0,0
47,45,0.49,143,143,143,143,0,0,0,0
47,46,3,128,128,96,96,33,33,0,0
47,47,1,35,35,0,0,35,35,0,0
47,48,2.03,626,626,532,532,93,93,93,93
47,49,2.97,1068,1068,1037,1037,32,32,0,0
47,57,0.61,96,96,96,96,0,0,0,0
47,58,5.77,1377,1377,1140,1140,106,106,0,0
47,59,3.75,856,856,820,820,37,37,0,0
47,60,0.3,114,114,114,114,0,0,0,0
47,61,1.77,57,57,40,40,17,17,0,0
47,62,0.83,102,102,97,97,5,5,0,0
47,63,1.77,266,266,135,135,44,44,0,0
47,64,3.18,329,329,329,329,0,0,0,0
47,65,1.21,104,104,87,87,17,17,0,0
47,66,1.79,508,508,508,508,0,0,0,0
47,75,1.92,550,550,550,550,0,0,0,0
47,76,2.68,230,230,204,204,26,26,0,0
47,78,3,412,412,412,412,0,0,0,0
47,79,0.72,274,274,274,274,0,0,0,0
47,80,1,284,284,284,284,0,0,0,0
47,81,1.37,285,285,285,285,0,0,0,0
47,82,1,19,19,0,0,19,19,0,0
47,84,1.99,27,27,0,0,27,27,0,0
47,85,0.4,70,70,70,70,0,0,0,0
47,86,0.99,35,35,35,35,0,0,0,0
47,89,1,26,26,0,0,26,26,0,0
47,93,1,81,81,81,81,0,0,0,0
47,94,5,470,470,258,258,101,101,0,0
47,96,0.61,322,322,322,322,0,0,0,0
47,97,1,40,40,40,40,0,0,0,0
47,98,1,292,292,292,292,0,0,0,0
47,101,3.55,896,896,716,716,180,180,0,0
47,102,10.25,5083,5083,4924,4924,53,53,0,0
47,103,5.03,4394,4394,4394,4394,0,0,0,0
47,104,6.08,2267,2267,2165,2165,34,34,0,0
47,105,4.03,2941,2941,2941,2941,0,0,0,0
47,106,1.42,979,979,979,979,0,0,0,0
47,107,6.82,1873,1873,1728,1728,48,48,0,0
47,108,5.41,2298,2298,2298,2298,0,0,0,0
47,109,5.17,3574,3574,3574,3574,0,0,0,0
47,110,4.06,526,526,526,526,0,0,0,0
47,111,3.51,571,571,571,571,0,0,0,0
47,112,1.26,74,74,52,52,22,22,0,0
47,113,2.94,673,673,673,673,0,0,0,0
47,114,2,530,530,530,530,0,0,0,0
47,115,1,91,91,91,91,0,0,0,0
47,116,0.14,18,18,18,18,0,0,0,0
47,119,1,32,32,0,0,32,32,0,0
47,121,1,5,5,0,0,5,5,0,0
47,123,0.02,1,1,0,0,1,1,0,0
48,0,3.44,116,116,65,65,51,51,0,0
48,1,2,93,93,59,59,34,34,0,0
48,2,2,109,109,109,109,0,0,0,0
48,3,1,12,12,0,0,12,12,0,0
48,4,5,341,341,309,309,32,32,0,0
48,5,2,95,95,71,71,24,24,0,0
48,6,4,395,395,370,370,25,25,0,0
48,7,1,28,28,0,0,28,28,0,0
48,12,2,73,73,73,73,0,0,0,0
48,13,3,238,238,238,238,0,0,0,0
48,14,0.11,4,4,0,0,4,4,0,0
48,17,2,133,133,121,121,12,12,0,0
48,18,1,38,38,38,38,0,0,0,0
48,20,1,7,7,0,0,7,7,0,0
48,21,1,149,149,149,149,0,0,0,0
48,24,1.02,28,28,0,0,28,28,0,0
48,28,2.45,852,852,536,536,316,316,0,0
48,29,3.45,2771,2771,1977,1977,794,794,0,0
48,30,2.25,1660,1660,1660,1660,0,0,0,0
48,31,0.7,405,405,405,405,0,0,0,0
48,32,1.18,1294,1294,1294,1294,0,0,0,0
48,33,5.09,1824,1824,1824,1824,0,0,0,0
48,34,5.96,4237,4237,4237,4237,0,0,0,0
48,35,3.64,5664,5664,5664,5664,0,0,0,0
48,36,4.86,3861,3861,1885,1885,1866,1866,109,109
48,37,4.2,4487,4487,3313,3313,1058,1058,117,117
48,38,5.29,3785,3785,3781,3781,4,4,0,0
48,39,2.23,1793,1793,1129,1129,664,664,0,0
48,40,2.28,813,813,813,813,0,0,0,0
48,41,1,235,235,59,59,59,59,0,0
48,44,1,90,90,90,90,0,0,0,0
48,45,5.51,396,396,359,359,37,37,0,0
48,46,2,294,294,265,265,29,29,0,0
48,47,2,67,67,55,55,12,12,0,0
48,48,0.79,106,106,106,106,0,0,0,0
48,49,1,8,8,0,0,8,8,0,0
48,50,1,86,86,0,0,86,86,86,86
48,56,0.88,183,183,183,183,0,0,0,0
48,58,2.84,556,556,0,0,556,556,0,0
48,59,1,180,180,0,0,180,180,0,0
48,61,2,625,625,372,372,84,84,0,0
48,62,2.94,445,445,324,324,40,40,0,0
48,63,0.06,8,8,8,8,0,0,0,0
48,64,0.89,554,554,554,554,0,0,0,0
48,65,1.22,147,147,147,147,0,0,0,0
48,66,1,100,100,100,100,0,0,0,0
48,67,1,22,22,0,0,22,22,0,0
48,75,1,130,130,130,130,0,0,0,0
48,76,2.05,67,67,9,9,58,58,0,0
48,77,1.3,205,205,205,205,0,0,0,0
48,78,1.98,167,167,167,167,0,0,0,0
48,79,3.3,493,493,472,472,21,21,0,0
48,80,1.86,428,428,428,428,0,0,0,0
48,81,3.52,305,305,283,283,23,23,0,0
48,82,1.14,19,19,0,0,19,19,0,0
48,83,1.86,27,27,0,0,27,27,0,0
48,84,5.77,526,526,505,505,21,21,0,0
48,85,2.67,298,298,285,285,13,13,0,0
48,86,0.01,0,0,0,0,0,0,0,0
48,87,1.14,56,56,25,25,31,31,0,0
48,88,0.17,30,30,30,30,0,0,0,0
48,95,2.09,93,93,80,80,12,12,0,0
48,97,4,242,242,209,209,33,33,0,0
48,98,2.93,194,194,186,186,8,8,0,0
48,99,2.29,380,380,380,380,0,0,0,0
48,100,3.29,387,387,387,387,0,0,0,0
48,101,3.71,648,648,635,635,13,13,0,0
48,102,1.61,631,631,631,631,0,0,0,0
48,103,0.38,448,448,448,448,0,0,0,0
48,104,2.16,702,702,425,425,92,92,0,0
48,105,1.98,1663,1663,1663,1663,0,0,0,0
48,106,2.8,556,556,556,556,0,0,0,0
48,107,4.15,251,251,251,251,0,0,0,0
48,108,2.96,115,115,115,115,0,0,0,0
48,109,5.92,672,672,643,643,29,29,0,0
48,110,3,529,529,502,502,26,26,0,0
48,111,1.69,104,104,0,0,104,104,0,0
48,112,2,335,335,335,335,0,0,0,0
48,113,2.06,172,172,172,172,0,0,0,0
48,115,3.72,127,127,42,42,85,85,0,0
48,116,0.86,116,116,116,116,0,0,0,0
48,118,1,8,8,0,0,8,8,0,0
48,123,0.98,31,31,0,0,31,31,0,0
48,127,1,235,235,235,235,0,0,0,0
49,0,2.34,151,151,125,125,27,27,0,0
49,1,1,71,71,71,71,0,0,0,0
49,2,1,17,17,0,0,17,17,0,0
49,3,5,287,287,270,270,17,17,0,0
49,4,1,118,118,118,118,0,0,0,0
49,5,1,87,87,87,87,0,0,0,0
49,8,2,143,143,143,143,0,0,0,0
49,9,0.62,76,76,76,76,0,0,0,0
49,10,0.38,47,47,47,47,0,0,0,0
49,12,1,76,76,76,76,0,0,0,0
49,13,2,188,188,163,163,26,26,0,0
49,18,1,36,36,36,36,0,0,0,0
49,19,1,110,110,110,110,0,0,0,0
49,20,2,17,17,0,0,17,17,0,0
49,23,1.71,149,149,121,121,28,28,0,0
49,24,5.29,447,447,418,418,29,29,0,0
49,25,3.4,508,508,508,508,0,0,0,0
49,27,0.35,78,78,78,78,0,0,0,0
49,28,2.19,249,249,249,249,0,0,0,0
49,29,2.45,539,539,84,84,454,454,0,0
49,30,1,122,122,122,122,0,0,0,0
49,34,1.82,1619,1619,1619,1619,0,0,0,0
49,35,4.15,5131,5131,5131,5131,0,0,0,0
49,36,3.25,4610,4610,4033,4033,3,3,573,573
49,37,3.42,5858,5858,5133,5133,0,0,724,724
49,38,7.24,5081,5081,5081,5081,0,0,0,0
49,39,4.77,1694,1694,1657,1657,37,37,0,0
49,40,2,1091,1091,1091,1091,0,0,0,0
49,43,1,311,311,311,311,0,0,0,0
49,44,1,51,51,51,51,0,0,0,0
49,45,3.69,510,510,480,480,30,30,0,0
49,46,1.72,236,236,236,236,0,0,0,0
49,47,1.23,177,177,177,177,0,0,0,0
49,48,0.21,27,27,27,27,0,0,0,0
49,49,0.12,18,18,18,18,0,0,0,0
49,50,0.88,132,132,132,132,0,0,0,0
49,51,0.09,702,702,0,0,702,702,0,0
49,55,2,397,397,263,263,45,45,0,0
49,56,3.12,480,480,456,456,25,25,0,0
49,57,0.77,142,142,142,142,0,0,0,0
49,58,0.22,32,32,0,0,32,32,32,32
49,61,1,168,168,42,42,42,42,0,0
49,63,0.15,35,35,9,9,9,9,0,0
49,64,5.96,1645,1645,1497,1497,50,50,0,0
49,65,1.78,546,546,546,546,0,0,0,0
49,66,2,247,247,247,247,0,0,0,0
49,67,1,59,59,15,15,15,15,0,0
49,68,2.92,375,375,375,375,0,0,0,0
49,75,1,76,76,76,76,0,0,0,0
49,76,2.96,202,202,202,202,0,0,0,0
49,77,6.42,535,535,535,535,0,0,0,0
49,78,4.14,474,474,440,440,35,35,0,0
49,79,1.17,144,144,144,144,0,0,0,0
49,80,2,140,140,114,114,26,26,0,0
49,81,0.48,51,51,51,51,0,0,0,0
49,82,1,20,20,0,0,20,20,0,0
49,84,1.17,22,22,11,11,11,11,0,0
49,85,1,18,18,0,0,18,18,0,0
49,87,0.07,13,13,13,13,0,0,0,0
49,88,0.61,107,107,107,107,0,0,0,0
49,92,2,38,38,0,0,38,38,0,0
49,94,1,11,11,0,0,11,11,0,0
49,95,4.75,652,652,609,609,42,42,0,0
49,97,1,149,149,149,149,0,0,0,0
49,98,2.28,193,193,179,179,14,14,0,0
49,99,7.42,654,654,605,605,49,49,0,0
49,100,1.09,69,69,69,69,0,0,0,0
49,101,3,99,99,88,88,11,11,0,0
49,104,2,276,276,276,276,0,0,0,0
49,108,0.05,2,2,2,2,0,0,0,0
49,109,2,921,921,921,921,0,0,0,0
49,111,2.31,99,99,0,0,99,99,0,0
49,112,1,35,35,0,0,35,35,0,0
49,114,1.13,68,68,64,64,3,3,0,0
49,115,1.53,64,64,35,35,28,28,0,0
49,117,1,124,124,124,124,0,0,0,0
49,118,1,85,85,85,85,0,0,0,0
49,125,2,67,67,48,48,19,19,0,0
50,0,1,68,68,68,68,0,0,0,0
50,1,1,52,52,52,52,0,0,0,0
50,3,1,40,40,40,40,0,0,0,0
50,7,1,83,83,83,83,0,0,0,0
50,8,2,53,53,49,49,4,4,0,0
50,9,1,27,27,0,0,27,27,0,0
50,12,2,70,70,51,51,19,19,0,0
50,13,1,48,48,0,0,48,48,0,0
50,17,1,86,86,86,86,0,0,0,0
50,20,4,308,308,271,271,36,36,0,0
50,21,1,111,111,111,111,0,0,0,0
50,22,1,86,86,86,86,0,0,0,0
50,25,3.6,473,473,460,460,14,14,0,0
50,27,2,103,103,103,103,0,0,0,0
50,28,4.44,701,701,701,701,0,0,0,0
50,29,1.02,115,115,115,115,0,0,0,0
50,35,1.53,1504,1504,1504,1504,0,0,0,0
50,36,5.2,5148,5148,5053,5053,96,96,0,0
50,37,4.16,4199,4199,4199,4199,0,0,0,0
50,38,6.95,3390,3390,3390,3390,0,0,0,0
50,39,6.56,1985,1985,1985,1985,0,0,0,0
50,40,1.13,869,869,869,869,0,0,0,0
50,41,2.63,948,948,512,512,145,145,0,0
50,42,1.66,824,824,824,824,0,0,0,0
50,44,1,21,21,0,0,21,21,0,0
50,45,0.31,110,110,110,110,0,0,0,0
50,46,1.04,21,21,9,9,12,12,0,0
50,47,2,260,260,260,260,0,0,0,0
50,48,1,20,20,5,5,5,5,0,0
50,49,1.65,193,193,117,117,76,76,76,76
50,50,1.47,2062,2062,64,64,1998,1998,0,0
50,51,0.7,5113,5113,0,0,5113,5113,0,0
50,52,0.79,2679,2679,0,0,2679,2679,0,0
50,56,1,8,8,0,0,8,8,0,0
50,57,1.26,111,111,106,106,5,5,5,5
50,58,3.75,383,383,271,271,113,113,113,113
50,59,2,167,167,148,148,19,19,0,0
50,60,1.14,294,294,73,73,73,73,0,0
50,65,1.99,419,419,419,419,0,0,0,0
50,66,1.01,235,235,235,235,0,0,0,0
50,67,0.17,20,20,20,20,0,0,0,0
50,68,0.92,114,114,114,114,0,0,0,0
50,69,2.99,820,820,801,801,18,18,0,0
50,73,1,27,27,7,7,7,7,0,0
50,75,0.35,35,35,35,35,0,0,0,0
50,76,5.69,909,909,909,909,0,0,0,0
50,77,8.16,913,913,903,903,10,10,0,0
50,78,1.21,33,33,17,17,15,15,0,0
50,79,2.73,545,545,545,545,0,0,0,0
50,80,0.24,68,68,68,68,0,0,0,0
50,82,1,17,17,0,0,17,17,0,0
50,85,1,29,29,0,0,29,29,0,0
50,87,2,15,15,0,0,15,15,0,0
50,90,2,69,69,57,57,12,12,0,0
50,93,2,139,139,112,112,27,27,0,0
50,95,1.16,84,84,81,81,3,3,0,0
50,99,1.75,53,53,0,0,53,53,0,0
50,100,0.25,9,9,0,0,9,9,0,0
50,101,1.32,245,245,223,223,22,22,0,0
50,102,2.61,490,490,467,467,24,24,0,0
50,103,2.26,326,326,326,326,0,0,0,0
50,104,1,36,36,36,36,0,0,0,0
50,106,1,24,24,0,0,24,24,0,0
50,108,1,9,9,0,0,9,9,0,0
50,110,2,53,53,0,0,53,53,0,0
50,111,2,313,313,0,0,313,313,0,0
50,113,0.95,30,30,0,0,30,30,0,0
50,114,0.87,21,21,0,0,21,21,0,0
50,115,0.75,61,61,0,0,61,61,0,0
50,123,1,37,37,37,37,0,0,0,0
51,4,5,94,94,0,0,94,94,0,0
51,5,2.48,252,252,223,223,28,28,0,0
51,6,4,259,259,225,225,34,34,0,0
51,7,2,208,208,208,208,0,0,0,0
51,8,1,87,87,87,87,0,0,0,0
51,9,1,39,39,39,39,0,0,0,0
51,12,1,92,92,92,92,0,0,0,0
51,13,1,28,28,0,0,28,28,0,0
51,15,1.6,359,359,331,331,28,28,0,0
51,16,0.16,79,79,79,79,0,0,0,0
51,18,2,136,136,136,136,0,0,0,0
51,21,3,128,128,128,128,0,0,0,0
51,22,2,74,74,51,51,23,23,0,0
51,23,2,249,249,249,249,0,0,0,0
51,24,1,22,22,0,0,22,22,0,0
51,27,1,152,152,152,152,0,0,0,0
51,28,1.94,80,80,61,61,19,19,0,0
51,29,0.06,1,1,0,0,1,1,0,0
51,36,0.76,1144,1144,0,0,1144,1144,0,0
51,37,0.75,1138,1138,878,878,260,260,0,0
51,38,6.12,3779,3779,3779,3779,0,0,0,0
51,39,5.57,3227,3227,2678,2678,550,550,0,0
51,40,7.86,2316,2316,2093,2093,74,74,0,0
51,41,3.49,3031,3031,2729,2729,101,101,0,0
51,42,0.91,608,608,608,608,0,0,0,0
51,43,1.37,444,444,444,444,0,0,0,0
51,44,2.86,650,650,617,617,33,33,0,0
51,45,1.7,597,597,210,210,387,387,0,0
51,46,4.95,477,477,435,435,43,43,0,0
51,47,1.39,494,494,494,494,0,0,0,0
51,48,2.12,217,217,199,199,18,18,0,0
51,49,2,337,337,337,337,0,0,0,0
51,50,1.01,270,270,258,258,12,12,0,0
51,51,0.29,2600,2600,0,0,2600,2600,0,0
51,52,2,78,78,0,0,78,78,0,0
51,53,3,186,186,80,80,106,106,0,0
51,55,2,275,275,275,275,0,0,0,0
51,57,4.35,464,464,443,443,20,20,0,0
51,58,0.37,82,82,82,82,0,0,0,0
51,59,3,308,308,308,308,0,0,0,0
51,60,1.86,448,448,236,236,71,71,0,0
51,62,0.36,69,69,17,17,17,17,0,0
51,63,1.33,276,276,186,186,30,30,0,0
51,66,1,217,217,217,217,0,0,0,0
51,68,3,204,204,118,118,39,39,0,0
51,69,4,642,642,610,610,32,32,0,0
51,70,1.07,25,25,12,12,13,13,0,0
51,74,0.55,73,73,73,73,0,0,0,0
51,75,7.43,542,542,530,530,11,11,0,0
51,76,2,145,145,135,135,10,10,0,0
51,77,2.73,427,427,403,403,25,25,0,0
51,78,1,19,19,0,0,19,19,0,0
51,79,2.08,563,563,552,552,11,11,0,0
51,80,0.95,66,66,66,66,0,0,0,0
51,82,1,28,28,0,0,28,28,0,0
51,84,1,14,14,0,0,14,14,0,0
51,89,1,57,57,0,0,57,57,0,0
51,90,1.96,749,749,749,749,0,0,0,0
51,92,1.72,100,100,71,71,29,29,0,0
51,93,1,72,72,72,72,0,0,0,0
51,99,3,274,274,274,274,0,0,0,0
51,100,1,33,33,0,0,33,33,0,0
51,101,2,90,90,78,78,11,11,0,0
51,102,5.5,232,232,195,195,38,38,0,0
51,103,2.93,195,195,174,174,22,22,0,0
51,104,0.16,8,8,8,8,0,0,0,0
51,107,0.52,13,13,0,0,13,13,0,0
51,113,1.05,81,81,80,80,2,2,0,0
51,116,1,27,27,0,0,27,27,0,0
51,117,2,42,42,0,0,42,42,0,0
51,118,0.21,5,5,0,0,5,5,0,0
51,119,0.79,17,17,0,0,17,17,0,0
51,126,1,7,7,0,0,7,7,0,0
51,127,0.66,49,49,49,49,0,0,0,0
52,5,2.52,231,231,231,231,0,0,0,0
52,9,2,133,133,133,133,0,0,0,0
52,10,1,70,70,70,70,0,0,0,0
52,11,1,110,110,110,110,0,0,0,0
52,14,1,26,26,0,0,26,26,0,0
52,15,0.61,303,303,302,302,2,2,0,0
52,16,0.64,355,355,355,355,0,0,0,0
52,17,1.5,222,222,222,222,0,0,0,0
52,18,2.5,223,223,203,203,19,19,0,0
52,19,2,158,158,158,158,0,0,0,0
52,20,1.14,283,283,283,283,0,0,0,0
52,21,1.44,114,114,114,114,0,0,0,0
52,22,0.56,62,62,62,62,0,0,0,0
52,23,1.9,85,85,85,85,0,0,0,0
52,24,3.1,490,490,490,490,0,0,0,0
52,25,2.33,264,264,264,264,0,0,0,0
52,26,3.89,442,442,411,411,31,31,0,0
52,29,1,31,31,0,0,31,31,0,0
52,33,1,15,15,0,0,15,15,0,0
52,37,0.26,695,695,695,695,0,0,0,0
52,38,8.41,5677,5677,5677,5677,0,0,0,0
52,39,5.5,5180,5180,5180,5180,0,0,0,0
52,40,8.31,5566,5566,5566,5566,0,0,0,0
52,41,4.63,5177,5177,5177,5177,0,0,0,0
52,43,0.84,181,181,181,181,0,0,0,0
52,44,1.6,188,188,154,154,34,34,0,0
52,45,3.16,699,699,699,699,0,0,0,0
52,46,4.23,863,863,863,863,0,0,0,0
52,47,1.65,595,595,595,595,0,0,0,0
52,48,2.2,652,652,652,652,0,0,0,0
52,49,1.06,138,138,138,138,0,0,0,0
52,50,0.58,143,143,143,143,0,0,0,0
52,51,0.67,94,94,94,94,0,0,0,0
52,52,2.46,1285,1285,47,47,1238,1238,0,0
52,53,4.59,2844,2844,0,0,2844,2844,0,0
52,54,4.17,1440,1440,0,0,1440,1440,0,0
52,57,0.25,55,55,55,55,0,0,0,0
52,58,1.03,199,199,6,6,192,192,192,192
52,59,2.46,137,137,137,137,0,0,0,0
52,60,4.05,262,262,165,165,53,53,0,0
52,61,1.5,88,88,25,25,31,31,0,0
52,63,0.3,68,68,68,68,0,0,0,0
52,64,0.28,80,80,20,20,20,20,0,0
52,65,1.85,170,170,170,170,0,0,0,0
52,66,0.15,6,6,6,6,0,0,0,0
52,67,1.12,230,230,230,230,0,0,0,0
52,68,4.03,481,481,431,431,50,50,0,0
52,70,3.93,228,228,207,207,21,21,0,0
52,71,0.02,0,0,0,0,0,0,0,0
52,72,1,16,16,0,0,16,16,0,0
52,75,5.36,248,248,213,213,35,35,0,0
52,76,4.67,329,329,312,312,17,17,0,0
52,77,1,34,34,0,0,34,34,0,0
52,78,2.6,494,494,491,491,3,3,0,0
52,79,2,238,238,223,223,14,14,0,0
52,84,1.78,260,260,235,235,25,25,0,0
52,87,1,183,183,183,183,0,0,0,0
52,88,1,26,26,0,0,26,26,0,0
52,89,2.55,88,88,50,50,38,38,17,17
52,90,1.49,86,86,68,68,19,19,0,0
52,92,2.36,170,170,154,154,16,16,0,0
52,93,0.87,24,24,0,0,24,24,0,0
52,95,1,13,13,0,0,13,13,0,0
52,102,5.57,365,365,356,356,9,9,0,0
52,103,2.19,46,46,7,7,38,38,0,0
52,104,0.46,18,18,18,18,0,0,0,0
52,105,2,326,326,326,326,0,0,0,0
52,107,0.48,12,12,0,0,12,12,0,0
52,109,4,96,96,0,0,96,96,0,0
52,114,0.73,29,29,29,29,0,0,0,0
52,115,0.27,11,11,11,11,0,0,0,0
52,122,2,116,116,116,116,0,0,0,0
53,0,1,117,117,117,117,0,0,0,0
53,1,1,144,144,144,144,0,0,0,0
53,9,2,170,170,170,170,0,0,0,0
53,10,1,58,58,58,58,0,0,0,0
53,11,2,171,171,171,171,0,0,0,0
53,12,1,35,35,35,35,0,0,0,0
53,13,0.92,100,100,100,100,0,0,0,0
53,14,1.08,141,141,141,141,0,0,0,0
53,15,1,290,290,290,290,0,0,0,0
53,16,1,73,73,73,73,0,0,0,0
53,18,1,107,107,107,107,0,0,0,0
53,19,2.1,217,217,215,215,2,2,0,0
53,20,1.86,116,116,116,116,0,0,0,0
53,22,1,29,29,0,0,29,29,0,0
53,23,1.35,238,238,238,238,0,0,0,0
53,24,2.39,434,434,434,434,0,0,0,0
53,25,1.12,126,126,126,126,0,0,0,0
53,26,0.8,99,99,98,98,1,1,0,0
53,27,5.36,430,430,416,416,15,15,0,0
53,28,0.88,49,49,49,49,0,0,0,0
53,29,1,36,36,36,36,0,0,0,0
53,30,1,81,81,81,81,0,0,0,0
53,32,1,119,119,119,119,0,0,0,0
53,33,3.8,750,750,726,726,25,25,0,0
53,38,4.56,3263,3263,3263,3263,0,0,0,0
53,39,3.48,5748,5748,5748,5748,0,0,0,0
53,40,4.68,5652,5652,5652,5652,0,0,0,0
53,41,5.53,4302,4302,4302,4302,0,0,0,0
53,42,1.64,346,346,88,88,86,86,0,0
53,43,3,257,257,219,219,38,38,0,0
53,44,2.75,1062,1062,1062,1062,0,0,0,0
53,45,5.86,537,537,461,461,76,76,69,69
53,46,4.37,291,291,245,245,46,46,0,0
53,48,2.4,577,577,577,577,0,0,0,0
53,49,1.28,77,77,59,59,18,18,0,0
53,52,2.88,2967,2967,0,0,2967,2967,0,0
53,53,5.23,2636,2636,0,0,2636,2636,0,0
53,54,2.69,1542,1542,0,0,1542,1542,0,0
53,55,0.62,316,316,0,0,316,316,0,0
53,58,0.88,258,258,64,64,64,64,0,0
53,59,0.12,35,35,9,9,9,9,0,0
53,60,1,159,159,159,159,0,0,0,0
53,61,2,171,171,158,158,13,13,0,0
53,64,0.72,204,204,51,51,51,51,0,0
53,65,1,227,227,57,57,57,57,0,0
53,66,0.31,74,74,74,74,0,0,0,0
53,67,3.55,564,564,550,550,14,14,0,0
53,71,0.98,7,7,0,0,7,7,0,0
53,73,2,225,225,196,196,28,28,0,0
53,74,3,185,185,85,85,7,7,94,94
53,75,2.59,175,175,161,161,14,14,0,0
53,77,2,87,87,69,69,18,18,0,0
53,78,6.52,1210,1210,1182,1182,28,28,0,0
53,79,1,19,19,0,0,19,19,0,0
53,80,1,131,131,131,131,0,0,0,0
53,81,0.75,113,113,113,113,0,0,0,0
53,84,0.22,66,66,66,66,0,0,0,0
53,86,1,86,86,86,86,0,0,0,0
53,89,1.05,90,90,26,26,21,21,0,0
53,90,1,105,105,105,105,0,0,0,0
53,91,1.01,22,22,2,2,20,20,0,0
53,92,1.91,174,174,158,158,16,16,0,0
53,93,0.13,4,4,0,0,4,4,0,0
53,95,2,104,104,93,93,11,11,0,0
53,97,1,14,14,0,0,14,14,0,0
53,102,3,207,207,177,177,29,29,0,0
53,104,1,30,30,0,0,30,30,0,0
53,105,1,170,170,170,170,0,0,0,0
53,106,2.9,132,132,101,101,31,31,0,0
53,107,1.1,40,40,11,11,29,29,0,0
53,111,1,84,84,84,84,0,0,0,0
53,112,1,33,33,0,0,33,33,0,0
53,118,1.66,85,85,56,56,28,28,0,0
53,122,2,84,84,72,72,12,12,0,0
54,3,1,47,47,47,47,0,0,0,0
54,7,2,165,165,165,165,0,0,0,0
54,8,2,145,145,145,145,0,0,0,0
54,13,1,145,145,145,145,0,0,0,0
54,17,2.66,178,178,168,168,10,10,0,0
54,18,1.31,173,173,173,173,0,0,0,0
54,19,5.32,395,395,376,376,20,20,0,0
54,20,2.58,202,202,202,202,0,0,0,0
54,25,0.88,116,116,116,116,0,0,0,0
54,27,2,158,158,158,158,0,0,0,0
54,28,6.77,758,758,758,758,0,0,0,0
54,29,1.24,130,130,130,130,0,0,0,0
54,30,1.95,240,240,100,100,47,47,0,0
54,31,1,294,294,294,294,0,0,0,0
54,33,1.2,220,220,220,220,0,0,0,0
54,34,1.78,124,124,0,0,124,124,0,0
54,38,3.34,1201,1201,1201,1201,0,0,0,0
54,39,7.09,4477,4477,4477,4477,0,0,0,0
54,40,7.11,2586,2586,2586,2586,0,0,0,0
54,41,0.55,518,518,518,518,0,0,0,0
54,42,1.45,301,301,214,214,29,29,0,0
54,43,3.76,291,291,269,269,22,22,0,0
54,44,3.79,445,445,422,422,23,23,0,0
54,45,3.6,104,104,58,58,46,46,0,0
54,47,3.37,948,948,938,938,10,10,0,0
54,48,2.5,418,418,403,403,16,16,0,0
54,49,1,138,138,138,138,0,0,0,0
54,50,1,391,391,98,98,98,98,0,0
54,52,0.04,12,12,0,0,12,12,0,0
54,53,0.6,3453,3453,0,0,3453,3453,0,0
54,54,1.09,3603,3603,0,0,3603,3603,0,0
54,59,1,15,15,0,0,15,15,0,0
54,65,1,229,229,229,229,0,0,0,0
54,66,1,71,71,71,71,0,0,0,0
54,71,1,38,38,38,38,0,0,0,0
54,75,4.41,323,323,303,303,19,19,0,0
54,76,3,200,200,94,94,52,52,0,0
54,77,5.6,172,172,80,80,92,92,0,0
54,78,7.88,810,810,771,771,38,38,0,0
54,79,7.04,388,388,281,281,107,107,0,0
54,80,0.49,61,61,47,47,15,15,0,0
54,81,0.6,81,81,81,81,0,0,0,0
54,82,0.25,32,32,32,32,0,0,0,0
54,88,1,9,9,0,0,9,9,0,0
54,89,2.95,123,123,83,83,40,40,0,0
54,90,1,20,20,0,0,20,20,0,0
54,91,1,152,152,38,38,38,38,0,0
54,93,1,72,72,72,72,0,0,0,0
54,96,0.17,5,5,0,0,5,5,0,0
54,97,1.83,31,31,0,0,31,31,0,0
54,100,2,135,135,135,135,0,0,0,0
54,101,0.73,88,88,22,22,22,22,0,0
54,102,1.27,70,70,46,46,8,8,0,0
54,105,2,215,215,215,215,0,0,0,0
54,106,1,14,14,0,0,14,14,0,0
54,107,4,353,353,340,340,13,13,0,0
54,112,2,52,52,0,0,52,52,0,0
54,114,0.47,4,4,0,0,4,4,0,0
54,115,0.86,109,109,27,27,27,27,0,0
54,116,1.14,34,34,4,4,21,21,0,0
54,118,0.34,26,26,25,25,1,1,0,0
54,122,2,117,117,117,117,0,0,0,0
54,124,1,174,174,43,43,43,43,0,0
55,0,0.69,38,38,38,38,0,0,0,0
55,6,1,91,91,91,91,0,0,0,0
55,12,1,115,115,115,115,0,0,0,0
55,17,0.01,2,2,2,2,0,0,0,0
55,18,1.02,23,23,3,3,20,20,0,0
55,28,1,35,35,35,35,0,0,0,0
55,29,3.99,264,264,225,225,39,39,0,0
55,30,2.13,534,534,526,526,3,3,0,0
55,31,0.36,87,87,87,87,0,0,0,0
55,34,0.22,23,23,0,0,23,23,0,0
55,37,0.98,265,265,265,265,0,0,0,0
55,38,1.25,448,448,448,448,0,0,0,0
55,39,1.51,855,855,855,855,0,0,0,0
55,40,0.05,47,47,47,47,0,0,0,0
55,41,0.76,106,106,106,106,0,0,0,0
55,42,1.47,78,78,73,73,5,5,0,0
55,43,1.53,122,122,122,122,0,0,0,0
55,44,1,20,20,0,0,20,20,0,0
55,47,0.51,67,67,67,67,0,0,0,0
55,49,1,378,378,378,378,0,0,0,0
55,50,1.97,282,282,248,248,34,34,0,0
55,52,1.54,810,810,0,0,810,810,0,0
55,53,2.07,1337,1337,0,0,1337,1337,0,0
55,54,0.85,6765,6765,0,0,6765,6765,0,0
55,59,1,17,17,0,0,17,17,0,0
55,70,1,17,17,0,0,17,17,0,0
55,71,2.2,204,204,101,101,34,34,0,0
55,72,3,146,146,115,115,31,31,0,0
55,74,0.33,44,44,44,44,0,0,0,0
55,75,1.37,196,196,196,196,0,0,0,0
55,76,1,52,52,52,52,0,0,0,0
55,77,2.4,195,195,172,172,23,23,0,0
55,78,1.77,101,101,93,93,8,8,0,0
55,79,2.92,296,296,287,287,8,8,0,0
55,80,1.77,71,71,0,0,71,71,0,0
55,81,0.28,35,35,35,35,0,0,0,0
55,82,0.11,14,14,14,14,0,0,0,0
55,87,2,21,21,0,0,21,21,0,0
55,89,2,23,23,0,0,23,23,0,0
55,90,4,195,195,137,137,57,57,0,0
55,91,2.39,51,51,19,19,33,33,0,0
55,92,0.61,29,29,29,29,0,0,0,0
55,98,4,81,81,0,0,81,81,0,0
55,101,3,281,281,137,137,65,65,0,0
55,102,1,102,102,102,102,0,0,0,0
55,105,1,67,67,67,67,0,0,0,0
55,106,5,837,837,233,233,605,605,0,0
55,108,1.99,61,61,37,37,24,24,0,0
55,109,3,137,137,99,99,38,38,13,13
55,111,1,23,23,0,0,23,23,0,0
55,112,1,20,20,0,0,20,20,0,0
55,114,1.53,33,33,0,0,33,33,0,0
55,115,2,239,239,239,239,0,0,0,0
55,117,1,24,24,0,0,24,24,0,0
55,118,1,78,78,78,78,0,0,0,0
55,119,1,26,26,0,0,26,26,0,0
55,120,1,7,7,0,0,7,7,0,0
55,127,1,35,35,0,0,35,35,35,35
56,0,0.31,17,17,17,17,0,0,0,0
56,3,1,189,189,189,189,0,0,0,0
56,6,1,29,29,0,0,29,29,0,0
56,8,2,171,171,171,171,0,0,0,0
56,9,1,48,48,48,48,0,0,0,0
56,17,1,77,77,77,77,0,0,0,0
56,19,1,184,184,184,184,0,0,0,0
56,27,1.53,554,554,554,554,0,0,0,0
56,28,1.08,160,160,160,160,0,0,0,0
56,30,2.29,329,329,329,329,0,0,0,0
56,31,3.72,900,900,900,900,0,0,0,0
56,32,1,14,14,0,0,14,14,0,0
56,35,2,98,98,0,0,98,98,0,0
56,38,3.99,1212,1212,1199,1199,13,13,0,0
56,39,0.74,679,679,679,679,0,0,0,0
56,40,0.06,52,52,52,52,0,0,0,0
56,50,2.03,319,319,319,319,0,0,0,0
56,51,1.03,88,88,0,0,88,88,0,0
56,52,1.42,3069,3069,0,0,3069,3069,0,0
56,53,1.87,1998,1998,0,0,1998,1998,0,0
56,54,1.18,593,593,0,0,593,593,0,0
56,55,3.1,1343,1343,0,0,1343,1343,0,0
56,60,1,82,82,82,82,0,0,0,0
56,61,2,33,33,0,0,33,33,0,0
56,62,1,54,54,54,54,0,0,0,0
56,69,2,25,25,0,0,25,25,0,0
56,71,1.5,362,362,151,151,70,70,0,0
56,72,0.3,38,38,38,38,0,0,0,0
56,73,1,25,25,0,0,25,25,0,0
56,74,1,36,36,36,36,0,0,0,0
56,75,0.91,113,113,113,113,0,0,0,0
56,76,3.72,210,210,165,165,45,45,0,0
56,77,3.68,201,201,173,173,28,28,0,0
56,78,1,122,122,122,122,0,0,0,0
56,89,4,190,190,151,151,39,39,0,0
56,91,4.93,354,354,311,311,43,43,0,0
56,99,1,40,40,40,40,0,0,0,0
56,100,2,26,26,0,0,26,26,0,0
56,102,8,143,143,0,0,143,143,0,0
56,103,2,85,85,59,59,26,26,0,0
56,105,2,145,145,145,145,0,0,0,0
56,106,5,333,333,306,306,27,27,0,0
56,107,1.84,392,392,392,392,0,0,0,0
56,108,2.17,99,99,72,72,26,26,0,0
56,109,1.07,53,53,53,53,0,0,0,0
56,110,1,28,28,0,0,28,28,0,0
56,112,2,35,35,0,0,35,35,0,0
56,113,2,86,86,69,69,17,17,0,0
57,3,0.45,55,55,55,55,0,0,0,0
57,4,2,119,119,119,119,0,0,0,0
57,5,1,93,93,93,93,0,0,0,0
57,6,2.35,76,76,50,50,26,26,0,0
57,7,2,115,115,115,115,0,0,0,0
57,8,1,48,48,48,48,0,0,0,0
57,27,0.38,316,316,316,316,0,0,0,0
57,30,1,285,285,71,71,71,71,0,0
57,31,4.56,1480,1480,1457,1457,23,23,0,0
57,32,1,24,24,0,0,24,24,0,0
57,33,2.26,394,394,0,0,394,394,0,0
57,35,1,35,35,0,0,35,35,0,0
57,38,0.81,84,84,84,84,0,0,0,0
57,52,2.79,3251,3251,0,0,3251,3251,0,0
57,53,2.27,1094,1094,0,0,1094,1094,0,0
57,54,0.87,990,990,0,0,990,990,0,0
57,55,2.66,872,872,270,270,603,603,0,0
57,57,0.76,1191,1191,0,0,1191,1191,0,0
57,58,0.24,375,375,0,0,375,375,0,0
57,61,1,191,191,191,191,0,0,0,0
57,70,2,237,237,53,53,77,77,0,0
57,71,4.09,326,326,286,286,40,40,0,0
57,72,1.83,128,128,107,107,20,20,0,0
57,73,2.01,193,193,164,164,29,29,0,0
57,76,1,21,21,0,0,21,21,0,0
57,78,2.88,281,281,252,252,30,30,0,0
57,79,1.12,39,39,4,4,35,35,0,0
57,80,1,15,15,0,0,15,15,0,0
57,81,1,44,44,0,0,44,44,0,0
57,84,1,52,52,52,52,0,0,0,0
57,90,1,30,30,0,0,30,30,0,0
57,91,2.07,238,238,238,238,0,0,0,0
57,92,1,14,14,0,0,14,14,0,0
57,93,1,20,20,0,0,20,20,0,0
57,98,1,17,17,0,0,17,17,0,0
57,100,3,222,222,201,201,20,20,0,0
57,102,5.58,129,129,44,44,85,85,0,0
57,103,2.42,76,76,45,45,30,30,0,0
57,105,2,146,146,146,146,0,0,0,0
57,106,1.48,267,267,267,267,0,0,0,0
57,107,0.94,114,114,114,114,0,0,0,0
57,108,1.06,157,157,157,157,0,0,0,0
57,109,0.93,66,66,66,66,0,0,0,0
57,110,0.43,111,111,111,111,0,0,0,0
57,112,2,94,94,65,65,29,29,0,0
57,115,2,60,60,35,35,25,25,0,0
57,116,1,62,62,62,62,0,0,0,0
57,117,1,13,13,0,0,13,13,0,0
57,118,1,8,8,0,0,8,8,0,0
57,127,1,17,17,0,0,17,17,0,0
58,0,1,68,68,68,68,0,0,0,0
58,1,1,153,153,153,153,0,0,0,0
58,2,7.16,451,451,421,421,31,31,0,0
58,3,4.19,444,444,431,431,12,12,0,0
58,4,4.37,294,294,280,280,13,13,0,0
58,5,1.83,106,106,106,106,0,0,0,0
58,6,1.65,27,27,0,0,27,27,0,0
58,9,2.37,100,100,79,79,20,20,0,0
58,13,1,290,290,290,290,0,0,0,0
58,14,1,22,22,0,0,22,22,0,0
58,15,2,63,63,39,39,24,24,0,0
58,18,1.01,12,12,2,2,10,10,0,0
58,29,0.4,69,69,69,69,0,0,0,0
58,30,0.65,125,125,125,125,0,0,0,0
58,31,1.95,657,657,657,657,0,0,0,0
58,32,1,254,254,254,254,0,0,0,0
58,33,0.74,22,22,0,0,22,22,0,0
58,37,1,8,8,0,0,8,8,0,0
58,50,2,257,257,249,249,8,8,0,0
58,52,0.6,603,603,474,474,129,129,0,0
58,53,0.28,243,243,243,243,0,0,0,0
58,55,0.24,40,40,40,40,0,0,0,0
58,56,4,325,325,282,282,43,43,0,0
58,57,0.01,9,9,0,0,9,9,0,0
58,69,2,18,18,0,0,18,18,10,10
58,70,2,19,19,0,0,19,19,0,0
58,71,2.33,331,331,331,331,0,0,0,0
58,72,3,230,230,191,191,40,40,0,0
58,73,0.99,136,136,136,136,0,0,0,0
58,74,1,40,40,40,40,0,0,0,0
58,75,0.74,10,10,0,0,10,10,0,0
58,76,1,123,123,123,123,0,0,0,0
58,80,1,109,109,0,0,109,109,0,0
58,81,1.65,233,233,0,0,233,233,0,0
58,83,1,35,35,35,35,0,0,0,0
58,88,3,142,142,110,110,33,33,0,0
58,91,1,30,30,0,0,30,30,0,0
58,96,0.49,40,40,40,40,0,0,0,0
58,97,0.51,41,41,41,41,0,0,0,0
58,100,0.9,73,73,73,73,0,0,0,0
58,101,2,83,83,65,65,19,19,0,0
58,104,1,154,154,154,154,0,0,0,0
58,105,1,61,61,61,61,0,0,0,0
58,106,1.52,270,270,270,270,0,0,0,0
58,107,3.03,271,271,257,257,14,14,0,0
58,108,3.88,207,207,173,173,34,34,0,0
58,110,0.57,144,144,144,144,0,0,0,0
58,118,2,76,76,76,76,0,0,0,0
58,119,1,20,20,0,0,20,20,0,0
58,124,1,19,19,0,0,19,19,0,0
59,0,8.34,707,707,652,652,29,29,0,0
59,1,4.91,406,406,406,406,0,0,0,0
59,2,3.28,289,289,289,289,0,0,0,0
59,4,5.35,228,228,163,163,65,65,0,0
59,5,0.44,25,25,25,25,0,0,0,0
59,9,1.63,51,51,41,41,10,10,10,10
59,11,1,23,23,0,0,23,23,0,0
59,15,0.27,103,103,103,103,0,0,0,0
59,18,1.1,141,141,141,141,0,0,0,0
59,19,1.89,109,109,97,97,11,11,0,0
59,22,1,315,315,315,315,0,0,0,0
59,28,0.69,26,26,26,26,0,0,0,0
59,29,0.31,11,11,11,11,0,0,0,0
59,30,0.21,253,253,0,0,253,253,0,0
59,31,0.79,953,953,0,0,953,953,0,0
59,35,2,169,169,169,169,0,0,0,0
59,52,0.12,103,103,103,103,0,0,0,0
59,53,0.06,53,53,53,53,0,0,0,0
59,64,1,56,56,56,56,0,0,0,0
59,66,4,283,283,231,231,52,52,0,0
59,70,1,27,27,0,0,27,27,0,0
59,71,1.75,149,149,135,135,14,14,0,0
59,72,1,162,162,162,162,0,0,0,0
59,74,5.72,549,549,294,294,119,119,0,0
59,75,0.26,3,3,0,0,3,3,0,0
59,76,1,20,20,0,0,20,20,0,0
59,80,4,444,444,0,0,444,444,0,0
59,81,2.35,161,161,0,0,161,161,0,0
59,82,2,65,65,0,0,65,65,0,0
59,87,1,40,40,40,40,0,0,0,0
59,88,2,59,59,49,49,11,11,0,0
59,94,0.34,90,90,90,90,0,0,0,0
59,97,1,33,33,0,0,33,33,0,0
59,100,1.1,30,30,8,8,22,22,0,0
59,101,2,79,79,69,69,10,10,0,0
59,104,3,92,92,50,50,43,43,0,0
59,105,4,169,169,159,159,10,10,0,0
59,106,1,28,28,0,0,28,28,0,0
59,107,2.09,119,119,67,67,17,17,0,0
59,108,6,245,245,229,229,16,16,0,0
59,113,2,55,55,0,0,55,55,0,0
59,115,0.09,55,55,14,14,14,14,0,0
60,0,0.52,138,138,138,138,0,0,0,0
60,4,1,78,78,78,78,0,0,0,0
60,6,1,10,10,0,0,10,10,0,0
60,7,1.9,29,29,0,0,29,29,0,0
60,8,2.1,97,97,94,94,2,2,0,0
60,9,1,34,34,0,0,34,34,0,0
60,10,1,20,20,0,0,20,20,0,0
60,13,1,202,202,202,202,0,0,0,0
60,15,0.73,279,279,279,279,0,0,0,0
60,19,3,267,267,267,267,0,0,0,0
60,25,2,76,76,76,76,0,0,0,0
60,33,0.38,126,126,126,126,0,0,0,0
60,34,4.62,825,825,802,802,22,22,0,0
60,44,1,13,13,0,0,13,13,0,0
60,55,2,287,287,265,265,21,21,0,0
60,57,1.86,325,325,325,325,0,0,0,0
60,65,1,152,152,152,152,0,0,0,0
60,66,5,514,514,510,510,4,4,4,4
60,71,1.95,441,441,441,441,0,0,0,0
60,72,1.4,271,271,271,271,0,0,0,0
60,74,1.28,123,123,123,123,0,0,0,0
60,75,0.1,5,5,5,5,0,0,0,0
60,76,0.9,50,50,50,50,0,0,0,0
60,78,2,79,79,57,57,22,22,0,0
60,79,3,187,187,159,159,28,28,0,0
60,80,2,154,154,0,0,154,154,0,0
60,81,1.38,61,61,0,0,61,61,0,0
60,82,1.62,77,77,0,0,77,77,0,0
60,86,1,6,6,0,0,6,6,0,0
60,87,1,25,25,0,0,25,25,0,0
60,88,1.96,30,30,0,0,30,30,0,0
60,89,0.04,1,1,0,0,1,1,0,0
60,91,2,42,42,0,0,42,42,0,0
60,94,2.66,284,284,273,273,11,11,0,0
60,95,1,198,198,198,198,0,0,0,0
60,96,1,9,9,0,0,9,9,0,0
60,98,0.92,42,42,42,42,0,0,0,0
60,99,3.08,76,76,41,41,34,34,0,0
60,100,1,33,33,0,0,33,33,0,0
60,101,4,324,324,269,269,56,56,0,0
60,102,1,18,18,0,0,18,18,0,0
60,104,1,19,19,0,0,19,19,0,0
60,105,1,16,16,0,0,16,16,0,0
60,107,3.25,56,56,3,3,52,52,0,0
60,108,3.75,246,246,225,225,21,21,0,0
60,111,1,104,104,104,104,0,0,0,0
60,114,1,538,538,134,134,134,134,0,0
60,115,2.55,661,661,224,224,151,151,0,0
61,0,1,86,86,86,86,0,0,0,0
61,1,2,294,294,294,294,0,0,0,0
61,2,6.05,453,453,388,388,65,65,0,0
61,3,3.95,441,441,441,441,0,0,0,0
61,4,1,19,19,0,0,19,19,0,0
61,5,2,63,63,54,54,9,9,0,0
61,6,1,15,15,0,0,15,15,0,0
61,7,0.6,29,29,29,29,0,0,0,0
61,17,1,281,281,281,281,0,0,0,0
61,20,2,151,151,138,138,13,13,0,0
61,22,1.01,184,184,184,184,0,0,0,0
61,23,2.99,258,258,258,258,0,0,0,0
61,24,1,38,38,38,38,0,0,0,0
61,28,1,64,64,64,64,0,0,0,0
61,38,1,18,18,0,0,18,18,0,0
61,42,1,4,4,0,0,4,4,0,0
61,52,1.12,99,99,99,99,0,0,0,0
61,54,1.68,262,262,262,262,0,0,0,0
61,55,1.32,190,190,190,190,0,0,0,0
61,56,2.44,455,455,455,455,0,0,0,0
61,57,1.71,256,256,256,256,0,0,0,0
61,59,2,139,139,131,131,9,9,0,0
61,61,1.77,240,240,240,240,0,0,0,0
61,62,1.71,189,189,189,189,0,0,0,0
61,64,2,41,41,0,0,41,41,0,0
61,65,2,182,182,182,182,0,0,0,0
61,72,1.65,192,192,161,161,31,31,0,0
61,73,3.25,632,632,470,470,54,54,0,0
61,74,2.02,171,171,137,137,34,34,0,0
61,75,1.34,30,30,21,21,9,9,0,0
61,76,0.66,40,40,40,40,0,0,0,0
61,78,3,183,183,176,176,7,7,0,0
61,87,1,28,28,0,0,28,28,0,0
61,88,2,108,108,108,108,0,0,0,0
61,89,4,134,134,63,63,72,72,0,0
61,90,2,20,20,0,0,20,20,0,0
61,91,1,22,22,0,0,22,22,0,0
61,96,2,264,264,253,253,11,11,0,0
61,100,1,15,15,0,0,15,15,0,0
61,103,1,32,32,0,0,32,32,0,0
61,104,1,80,80,80,80,0,0,0,0
61,105,1,5,5,0,0,5,5,0,0
61,106,1,14,14,0,0,14,14,14,14
61,107,2,41,41,0,0,41,41,0,0
61,108,1,74,74,0,0,74,74,0,0
61,115,1.37,388,388,96,96,101,101,0,0
61,116,1,55,55,55,55,0,0,0,0
61,118,1,30,30,0,0,30,30,0,0
61,126,1,6,6,0,0,6,6,0,0
62,0,1.78,223,223,223,223,0,0,0,0
62,1,1.8,181,181,123,123,19,19,0,0
62,2,1,24,24,0,0,24,24,0,0
62,6,1.86,145,145,145,145,0,0,0,0
62,7,0.4,19,19,19,19,0,0,0,0
62,10,0.01,4,4,4,4,0,0,0,0
62,17,1,517,517,517,517,0,0,0,0
62,18,0.01,0,0,0,0,0,0,0,0
62,19,1.26,39,39,13,13,26,26,0,0
62,20,2.73,287,287,287,287,0,0,0,0
62,21,2,72,72,41,41,30,30,0,0
62,22,1,12,12,0,0,12,12,0,0
62,26,1,65,65,65,65,0,0,0,0
62,28,2,67,67,0,0,0,0,67,67
62,30,1,27,27,0,0,27,27,0,0
62,48,2.31,225,225,225,225,0,0,0,0
62,49,0.69,145,145,145,145,0,0,0,0
62,51,1,130,130,130,130,0,0,0,0
62,52,2.88,502,502,502,502,0,0,0,0
62,53,0.3,238,238,0,0,238,238,0,0
62,54,1,386,386,97,97,97,97,0,0
62,57,2,388,388,388,388,0,0,0,0
62,58,2,244,244,244,244,0,0,0,0
62,59,1.39,176,176,176,176,0,0,0,0
62,60,1.99,343,343,343,343,0,0,0,0
62,61,2.3,274,274,274,274,0,0,0,0
62,62,0.23,33,33,33,33,0,0,0,0
62,64,1,274,274,274,274,0,0,0,0
62,66,0.98,207,207,207,207,0,0,0,0
62,70,2,71,71,56,56,15,15,0,0
62,73,0.61,75,75,75,75,0,0,0,0
62,74,1.13,28,28,16,16,12,12,12,12
62,75,1,7,7,0,0,7,7,0,0
62,77,1,110,110,110,110,0,0,0,0
62,78,1,131,131,131,131,0,0,0,0
62,80,2,35,35,0,0,35,35,0,0
62,82,1,25,25,0,0,25,25,0,0
62,84,2,66,66,53,53,13,13,0,0
62,85,1,37,37,37,37,0,0,0,0
62,87,1,9,9,0,0,9,9,0,0
62,90,1,31,31,0,0,31,31,0,0
62,91,2,52,52,0,0,52,52,0,0
62,92,0.51,19,19,19,19,0,0,0,0
62,98,2.84,96,96,64,64,32,32,0,0
62,99,1,62,62,62,62,0,0,0,0
62,100,2,91,91,85,85,6,6,0,0
62,103,1.34,61,61,61,61,0,0,0,0
62,104,1.66,45,45,38,38,7,7,0,0
62,105,2,22,22,0,0,22,22,0,0
62,112,1,21,21,0,0,21,21,0,0
62,114,1,9,9,0,0,9,9,0,0
62,115,1,16,16,0,0,16,16,0,0
62,116,1,61,61,61,61,0,0,0,0
62,117,1,202,202,202,202,0,0,0,0
62,124,0.06,11,11,11,11,0,0,0,0
62,125,0.94,179,179,179,179,0,0,0,0
62,126,1,116,116,116,116,0,0,0,0
62,127,1,14,14,0,0,14,14,0,0
63,0,2.42,224,224,224,224,0,0,0,0
63,1,1,89,89,89,89,0,0,0,0
63,5,1,63,63,63,63,0,0,0,0
63,6,0.14,5,5,5,5,0,0,0,0
63,9,1.13,433,433,0,0,433,433,0,0
63,10,3.86,1458,1458,593,593,866,866,0,0
63,15,1,22,22,0,0,22,22,0,0
63,17,1,92,92,92,92,0,0,0,0
63,19,6,498,498,488,488,10,10,0,0
63,20,2.25,167,167,167,167,0,0,0,0
63,22,1,205,205,205,205,0,0,0,0
63,42,3,178,178,171,171,6,6,0,0
63,51,2,153,153,134,134,19,19,0,0
63,53,1.7,676,676,120,120,556,556,0,0
63,57,0.98,112,112,112,112,0,0,0,0
63,58,1.02,190,190,190,190,0,0,0,0
63,59,2.61,284,284,284,284,0,0,0,0
63,63,1,26,26,0,0,26,26,0,0
63,65,1,211,211,211,211,0,0,0,0
63,66,2.02,287,287,287,287,0,0,0,0
63,73,1.99,286,286,256,256,30,30,0,0
63,76,1,33,33,0,0,33,33,0,0
63,77,1.96,56,56,0,0,56,56,0,0
63,79,2,35,35,0,0,35,35,13,13
63,80,1,181,181,181,181,0,0,0,0
63,82,0.62,16,16,0,0,16,16,0,0
63,83,1,107,107,107,107,0,0,0,0
63,84,1,11,11,0,0,11,11,0,0
63,85,1,106,106,106,106,0,0,0,0
63,90,2,90,90,44,44,46,46,46,46
63,92,0.49,18,18,18,18,0,0,0,0
63,93,1,22,22,0,0,22,22,0,0
63,98,0.16,4,4,0,0,4,4,0,0
63,100,1,10,10,0,0,10,10,0,0
63,102,1,56,56,56,56,0,0,0,0
63,104,3,86,86,0,0,86,86,0,0
63,105,1,35,35,0,0,35,35,0,0
63,106,1,11,11,0,0,11,11,0,0
63,108,3,117,117,91,91,26,26,0,0
63,109,3.2,158,158,138,138,20,20,0,0
63,114,1,125,125,125,125,0,0,0,0
63,116,2.98,257,257,250,250,6,6,0,0
63,119,0.54,9,9,0,0,9,9,0,0
63,120,1,7,7,0,0,7,7,0,0
63,121,1,121,121,121,121,0,0,0,0
63,123,2,17,17,0,0,17,17,0,0
64,6,2,79,79,74,74,5,5,5,5
64,8,1,45,45,45,45,0,0,0,0
64,17,0.66,178,178,178,178,0,0,0,0
64,18,2.34,231,231,213,213,19,19,0,0
64,20,3.75,344,344,344,344,0,0,0,0
64,21,1,16,16,0,0,16,16,0,0
64,22,0.98,89,89,89,89,0,0,0,0
64,23,0.02,2,2,2,2,0,0,0,0
64,34,7,644,644,611,611,33,33,0,0
64,42,1,99,99,99,99,0,0,0,0
64,53,2,111,111,104,104,6,6,0,0
64,57,2,236,236,236,236,0,0,0,0
64,58,4.98,475,475,450,450,25,25,0,0
64,59,3.54,408,408,408,408,0,0,0,0
64,60,1.48,63,63,47,47,15,15,0,0
64,61,1.2,147,147,128,128,20,20,0,0
64,62,1.03,45,45,10,10,35,35,0,0
64,63,0.71,211,211,208,208,3,3,0,0
64,70,2,31,31,0,0,31,31,0,0
64,71,1,22,22,0,0,22,22,0,0
64,72,1,24,24,0,0,24,24,0,0
64,76,1,22,22,0,0,22,22,0,0
64,77,1.04,22,22,0,0,22,22,0,0
64,80,0.9,24,24,0,0,24,24,0,0
64,81,0.1,3,3,0,0,3,3,0,0
64,82,3.38,44,44,0,0,44,44,0,0
64,87,1,33,33,0,0,33,33,0,0
64,88,0.33,190,190,0,0,190,190,0,0
64,98,1,40,40,40,40,0,0,0,0
64,99,1,14,14,0,0,14,14,0,0
64,100,1,14,14,0,0,14,14,0,0
64,101,2,58,58,40,40,17,17,0,0
64,102,2,89,89,20,20,28,28,0,0
64,105,0.91,88,88,88,88,0,0,0,0
64,106,0.09,9,9,9,9,0,0,0,0
64,109,0.8,123,123,123,123,0,0,0,0
64,112,2,41,41,0,0,41,41,14,14
64,113,1,15,15,0,0,15,15,0,0
64,116,5.02,355,355,302,302,52,52,0,0
64,117,3,141,141,121,121,21,21,0,0
64,119,2.46,55,55,0,0,55,55,0,0
64,121,1,11,11,0,0,11,11,0,0
64,122,1,43,43,43,43,0,0,0,0
64,123,2,48,48,0,0,48,48,0,0
65,4,1,5,5,0,0,5,5,5,5
65,5,1.09,40,40,7,7,33,33,0,0
65,9,1,9,9,0,0,9,9,9,9
65,19,1,8,8,0,0,8,8,0,0
65,20,0.84,135,135,135,135,0,0,0,0
65,21,1.41,179,179,167,167,13,13,0,0
65,23,0.95,170,170,170,170,0,0,0,0
65,25,0.95,130,130,130,130,0,0,0,0
65,26,1,40,40,40,40,0,0,0,0
65,37,0.18,25,25,25,25,0,0,0,0
65,38,0.82,113,113,113,113,0,0,0,0
65,40,4.57,1202,1202,424,424,778,778,0,0
65,41,1,20,20,0,0,20,20,0,0
65,54,1,61,61,61,61,0,0,0,0
65,56,2,310,310,310,310,0,0,0,0
65,57,3,260,260,221,221,38,38,0,0
65,58,0.82,166,166,166,166,0,0,0,0
65,59,4,266,266,262,262,5,5,0,0
65,60,2,293,293,142,142,50,50,0,0
65,61,1.8,280,280,275,275,5,5,0,0
65,62,0.04,14,14,14,14,0,0,0,0
65,63,3.22,155,155,115,115,40,40,0,0
65,66,1,47,47,47,47,0,0,0,0
65,69,1,56,56,56,56,0,0,0,0
65,70,2,123,123,112,112,11,11,0,0
65,76,0.96,13,13,0,0,13,13,0,0
65,82,1,66,66,66,66,0,0,0,0
65,85,1,37,37,37,37,0,0,0,0
65,86,1.56,56,56,43,43,13,13,0,0
65,87,1.39,45,45,0,0,45,45,0,0
65,88,0.71,386,386,0,0,386,386,0,0
65,89,1,54,54,54,54,0,0,0,0
65,99,2,253,253,253,253,0,0,0,0
65,103,1,12,12,0,0,12,12,0,0
65,109,1,12,12,0,0,12,12,0,0
65,115,1,62,62,62,62,0,0,0,0
65,116,1.6,70,70,70,70,0,0,0,0
65,117,1.4,79,79,79,79,0,0,0,0
65,121,1,20,20,0,0,20,20,0,0
65,124,1,27,27,0,0,27,27,0,0
65,125,1,29,29,0,0,29,29,0,0
65,126,1.01,14,14,0,0,14,14,0,0
65,127,1,14,14,0,0,14,14,0,0
66,2,1,36,36,36,36,0,0,0,0
66,5,0.91,73,73,73,73,0,0,0,0
66,7,1,14,14,0,0,14,14,14,14
66,17,1,26,26,0,0,26,26,0,0
66,18,1,99,99,99,99,0,0,0,0
66,20,0.57,133,133,133,133,0,0,0,0
66,21,2.18,441,441,435,435,6,6,0,0
66,23,0.05,8,8,8,8,0,0,0,0
66,24,1,21,21,0,0,21,21,0,0
66,25,0.05,7,7,7,7,0,0,0,0
66,28,1,127,127,127,127,0,0,0,0
66,39,1,21,21,0,0,21,21,0,0
66,40,0.43,570,570,0,0,570,570,0,0
66,41,1.1,288,288,288,288,0,0,0,0
66,42,1.9,883,883,874,874,9,9,0,0
66,47,1,20,20,0,0,20,20,0,0
66,49,3,337,337,303,303,34,34,0,0
66,57,2,228,228,217,217,10,10,0,0
66,58,2.02,201,201,195,195,6,6,0,0
66,59,3.89,380,380,358,358,21,21,0,0
66,60,0.88,71,71,71,71,0,0,0,0
66,61,2,36,36,0,0,36,36,0,0
66,63,1,7,7,0,0,7,7,0,0
66,64,1,42,42,42,42,0,0,0,0
66,67,3,31,31,0,0,31,31,0,0
66,68,2,205,205,205,205,0,0,0,0
66,69,1,11,11,0,0,11,11,0,0
66,76,0.04,1,1,0,0,1,1,0,0
66,78,3,204,204,89,89,46,46,0,0
66,80,1,48,48,48,48,0,0,0,0
66,86,1,115,115,115,115,0,0,0,0
66,87,1,50,50,0,0,50,50,50,50
66,90,1,16,16,0,0,16,16,0,0
66,91,2,84,84,63,63,21,21,0,0
66,98,1.8,115,115,115,115,0,0,0,0
66,102,0.98,111,111,111,111,0,0,0,0
66,110,1,8,8,0,0,8,8,0,0
66,113,2,35,35,0,0,35,35,0,0
66,115,1,20,20,0,0,20,20,0,0
66,116,2,213,213,213,213,0,0,0,0
66,118,3,297,297,237,237,60,60,0,0
66,119,0.92,108,108,108,108,0,0,0,0
66,120,2.09,137,137,118,118,19,19,0,0
66,121,1,30,30,0,0,30,30,0,0
66,126,1.99,133,133,0,0,133,133,0,0
66,127,1,47,47,47,47,0,0,0,0
67,8,1,396,396,0,0,396,396,0,0
67,10,3,148,148,94,94,54,54,0,0
67,16,1,34,34,0,0,34,34,0,0
67,33,1,13,13,0,0,13,13,0,0
67,57,1.74,150,150,132,132,18,18,0,0
67,58,1,291,291,291,291,0,0,0,0
67,59,1.28,98,98,86,86,11,11,0,0
67,60,1.12,103,103,103,103,0,0,0,0
67,61,0.2,22,22,22,22,0,0,0,0
67,66,1.7,32,32,0,0,32,32,10,10
67,67,1.3,30,30,0,0,30,30,0,0
67,68,3,203,203,79,79,58,58,25,25
67,70,1,8,8,0,0,8,8,0,0
67,71,1,5,5,0,0,5,5,5,5
67,72,1,98,98,98,98,0,0,0,0
67,73,2,39,39,0,0,39,39,0,0
67,74,2,48,48,40,40,9,9,0,0
67,75,1,47,47,47,47,0,0,0,0
67,76,1,69,69,69,69,0,0,0,0
67,79,2,32,32,0,0,32,32,12,12
67,80,1,24,24,0,0,24,24,0,0
67,83,1,12,12,0,0,12,12,0,0
67,84,3,172,172,155,155,17,17,0,0
67,88,0.02,1,1,1,1,0,0,0,0
67,90,1,47,47,47,47,0,0,0,0
67,91,1,35,35,0,0,35,35,0,0
67,98,0.2,18,18,18,18,0,0,0,0
67,102,0.02,2,2,2,2,0,0,0,0
67,107,2,40,40,0,0,40,40,0,0
67,109,2,49,49,0,0,49,49,0,0
67,111,4,214,214,153,153,61,61,0,0
67,112,2,71,71,41,41,30,30,30,30
67,113,0.27,77,77,19,19,19,19,0,0
67,114,2,31,31,0,0,31,31,11,11
67,115,1,25,25,0,0,25,25,0,0
67,116,1,12,12,0,0,12,12,0,0
67,118,2.31,445,445,36,36,409,409,0,0
67,119,1.34,282,282,282,282,0,0,0,0
67,120,2.95,544,544,544,544,0,0,0,0
67,121,1.03,141,141,141,141,0,0,0,0
67,124,1,120,120,120,120,0,0,0,0
67,127,2,121,121,97,97,24,24,0,0
68,5,1,53,53,53,53,0,0,0,0
68,9,1,34,34,0,0,34,34,0,0
68,17,2,165,165,156,156,9,9,0,0
68,18,1,13,13,0,0,13,13,0,0
68,19,1,19,19,0,0,19,19,0,0
68,28,1,140,140,140,140,0,0,0,0
68,30,1,147,147,147,147,0,0,0,0
68,49,1,199,199,199,199,0,0,0,0
68,51,1,90,90,90,90,0,0,0,0
68,53,1,54,54,0,0,54,54,0,0
68,57,2.26,70,70,45,45,24,24,0,0
68,58,1.35,159,159,159,159,0,0,0,0
68,59,0.53,119,119,119,119,0,0,0,0
68,60,1,67,67,67,67,0,0,0,0
68,61,5.8,467,467,407,407,60,60,0,0
68,64,1,49,49,49,49,0,0,0,0
68,65,1,40,40,40,40,0,0,0,0
68,68,2,43,43,0,0,43,43,0,0
68,69,0.76,22,22,0,0,22,22,0,0
68,70,0.12,6,6,0,0,6,6,0,0
68,71,1,28,28,0,0,28,28,0,0
68,73,1.65,90,90,0,0,90,90,0,0
68,74,0.14,5,5,5,5,0,0,0,0
68,75,0.86,31,31,31,31,0,0,0,0
68,79,3,89,89,83,83,6,6,0,0
68,81,1,46,46,46,46,0,0,0,0
68,83,1.9,296,296,296,296,0,0,0,0
68,84,2.1,141,141,118,118,23,23,0,0
68,85,1,28,28,0,0,28,28,0,0
68,86,1,76,76,76,76,0,0,0,0
68,88,1.98,74,74,50,50,24,24,24,24
68,91,0.74,71,71,71,71,0,0,0,0
68,92,1.02,33,33,2,2,32,32,0,0
68,108,1.22,27,27,0,0,27,27,0,0
68,110,2,24,24,0,0,24,24,0,0
68,111,1,24,24,0,0,24,24,0,0
68,112,0.98,60,60,60,60,0,0,0,0
68,113,0.75,207,207,53,53,51,51,0,0
68,114,0.02,1,1,0,0,1,1,0,0
68,115,2,92,92,72,72,20,20,0,0
68,116,0.46,113,113,113,113,0,0,0,0
68,117,0.54,135,135,135,135,0,0,0,0
68,118,0.7,65,65,65,65,0,0,0,0
68,119,0.64,419,419,419,419,0,0,0,0
68,120,1,21,21,0,0,21,21,0,0
68,121,3.47,290,290,243,243,47,47,0,0
68,122,1.34,368,368,368,368,0,0,0,0
68,123,4.61,601,601,588,588,14,14,0,0
68,124,0.39,45,45,45,45,0,0,0,0
68,125,0.8,43,43,43,43,0,0,0,0
68,126,1.2,16,16,11,11,5,5,0,0
68,127,1,55,55,55,55,0,0,0,0
69,5,1,22,22,0,0,22,22,0,0
69,6,1,162,162,162,162,0,0,0,0
69,10,4.98,279,279,137,137,142,142,0,0
69,11,1.02,23,23,0,0,23,23,0,0
69,12,1,66,66,66,66,0,0,0,0
69,13,1,19,19,0,0,19,19,0,0
69,16,1.66,296,296,296,296,0,0,0,0
69,17,2.34,339,339,339,339,0,0,0,0
69,26,1,159,159,159,159,0,0,0,0
69,27,1,181,181,181,181,0,0,0,0
69,28,1,36,36,36,36,0,0,0,0
69,34,1.23,118,118,118,118,0,0,0,0
69,37,3,445,445,187,187,109,109,0,0
69,38,0.65,87,87,87,87,0,0,0,0
69,39,2.04,1081,1081,1066,1066,15,15,0,0
69,54,1,111,111,28,28,28,28,0,0
69,55,0.95,49,49,49,49,0,0,0,0
69,56,1,12,12,0,0,12,12,0,0
69,57,4,96,96,69,69,27,27,0,0
69,58,1.12,19,19,7,7,11,11,0,0
69,60,1,51,51,51,51,0,0,0,0
69,61,2,372,372,372,372,0,0,0,0
69,62,2,153,153,129,129,24,24,0,0
69,63,1,27,27,0,0,27,27,0,0
69,64,3.28,633,633,633,633,0,0,0,0
69,65,0.99,179,179,61,61,39,39,0,0
69,66,1,78,78,78,78,0,0,0,0
69,67,5,134,134,47,47,87,87,0,0
69,68,5,270,270,207,207,63,63,0,0
69,69,0.24,7,7,0,0,7,7,0,0
69,70,0.88,41,41,0,0,41,41,0,0
69,73,5.35,378,378,0,0,378,378,0,0
69,74,2.78,66,66,0,0,66,66,0,0
69,75,2.22,17,17,0,0,17,17,0,0
69,76,2.09,91,91,91,91,0,0,0,0
69,77,0.66,28,28,28,28,0,0,0,0
69,78,2,50,50,0,0,50,50,0,0
69,79,1,44,44,44,44,0,0,0,0
69,80,1,16,16,0,0,16,16,0,0
69,81,2,56,56,0,0,56,56,0,0
69,83,1,34,34,0,0,34,34,0,0
69,85,2,153,153,153,153,0,0,0,0
69,88,1.01,51,51,51,51,0,0,0,0
69,89,2.99,201,201,165,165,12,12,0,0
69,90,2,152,152,135,135,18,18,18,18
69,91,2.24,95,95,83,83,12,12,0,0
69,95,1.78,139,139,139,139,0,0,0,0
69,96,3.22,368,368,339,339,30,30,0,0
69,98,1,60,60,60,60,0,0,0,0
69,101,4,630,630,630,630,0,0,0,0
69,105,1.54,45,45,37,37,8,8,0,0
69,106,1.1,49,49,49,49,0,0,0,0
69,107,2.19,99,99,99,99,0,0,0,0
69,108,0.78,20,20,0,0,20,20,0,0
69,109,1,26,26,0,0,26,26,0,0
69,110,1,30,30,0,0,30,30,0,0
69,113,2.74,89,89,50,50,38,38,0,0
69,114,1.27,46,46,21,21,25,25,0,0
69,115,3,56,56,0,0,56,56,0,0
69,116,1,39,39,39,39,0,0,0,0
69,117,0.43,24,24,24,24,0,0,0,0
69,119,2.02,130,130,130,130,0,0,0,0
69,120,3,117,117,102,102,15,15,0,0
69,121,2,32,32,0,0,32,32,0,0
69,122,0.19,98,98,98,98,0,0,0,0
69,123,2.36,513,513,513,513,0,0,0,0
69,124,1,94,94,94,94,0,0,0,0
69,125,3,95,95,38,38,57,57,0,0
69,127,3,148,148,126,126,22,22,0,0
70,1,1,79,79,79,79,0,0,0,0
70,7,2,115,115,87,87,28,28,0,0
70,8,1.74,49,49,29,29,20,20,0,0
70,9,3.63,150,150,118,118,32,32,0,0
70,10,0.37,40,40,40,40,0,0,0,0
70,11,1,92,92,92,92,0,0,0,0
70,12,3,188,188,161,161,27,27,0,0
70,13,1,38,38,38,38,0,0,0,0
70,21,1,200,200,200,200,0,0,0,0
70,25,1,11,11,0,0,11,11,0,0
70,29,1,259,259,259,259,0,0,0,0
70,34,2.77,423,423,402,402,21,21,0,0
70,35,0.86,278,278,278,278,0,0,0,0
70,36,1.57,333,333,333,333,0,0,0,0
70,37,1,96,96,96,96,0,0,0,0
70,38,1.13,427,427,427,427,0,0,0,0
70,39,2.18,1017,1017,1008,1008,8,8,0,0
70,40,1,5,5,0,0,5,5,0,0
70,55,3.05,127,127,84,84,43,43,0,0
70,56,1.13,19,19,0,0,19,19,0,0
70,57,2.87,58,58,0,0,58,58,0,0
70,58,1.63,108,108,108,108,0,0,0,0
70,59,0.37,21,21,21,21,0,0,0,0
70,60,1,64,64,64,64,0,0,0,0
70,61,2,24,24,0,0,24,24,0,0
70,62,1,145,145,145,145,0,0,0,0
70,63,0.01,3,3,3,3,0,0,0,0
70,64,4.59,773,773,761,761,13,13,0,0
70,65,1.84,73,73,50,50,12,12,0,0
70,66,1,26,26,0,0,26,26,0,0
70,67,4,73,73,0,0,73,73,21,21
70,68,2,33,33,0,0,33,33,0,0
70,69,3,36,36,0,0,36,36,8,8
70,70,1,66,66,66,66,0,0,0,0
70,71,2,197,197,197,197,0,0,0,0
70,73,1,16,16,0,0,16,16,0,0
70,74,2,25,25,0,0,25,25,0,0
70,75,1,5,5,0,0,5,5,0,0
70,76,1.08,12,12,3,3,9,9,0,0
70,77,1.17,76,76,76,76,0,0,0,0
70,81,1,12,12,0,0,12,12,0,0
70,83,0.09,2,2,0,0,2,2,0,0
70,84,1.91,53,53,0,0,53,53,0,0
70,85,1,14,14,0,0,14,14,0,0
70,90,1,22,22,0,0,22,22,0,0
70,91,1,11,11,0,0,11,11,0,0
70,96,3.98,482,482,455,455,27,27,0,0
70,97,2.02,89,89,80,80,10,10,0,0
70,98,1,10,10,0,0,10,10,0,0
70,105,0.13,9,9,9,9,0,0,0,0
70,106,0.04,2,2,2,2,0,0,0,0
70,108,1.97,59,59,37,37,22,22,0,0
70,109,1,160,160,160,160,0,0,0,0
70,111,1,63,63,63,63,0,0,0,0
70,113,1.78,76,76,47,47,30,30,0,0
70,114,1,18,18,0,0,18,18,0,0
70,115,1,51,51,51,51,0,0,0,0
70,116,3,188,188,172,172,16,16,0,0
70,117,1.38,147,147,147,147,0,0,0,0
70,118,0.26,30,30,30,30,0,0,0,0
70,119,0.97,182,182,182,182,0,0,0,0
70,120,1.21,52,52,47,47,5,5,0,0
70,121,0.8,54,54,54,54,0,0,0,0
70,122,5.07,493,493,475,475,19,19,0,0
70,123,2.37,686,686,686,686,0,0,0,0
70,125,1,24,24,0,0,24,24,0,0
70,126,4,601,601,601,601,0,0,0,0
70,127,1,53,53,53,53,0,0,0,0
71,2,1,8,8,0,0,8,8,0,0
71,8,0.26,10,10,10,10,0,0,0,0
71,11,1,46,46,46,46,0,0,0,0
71,13,1,131,131,131,131,0,0,0,0
71,14,3.8,377,377,368,368,9,9,0,0
71,17,4.4,420,420,399,399,21,21,0,0
71,19,2,168,168,146,146,22,22,0,0
71,20,3.37,131,131,114,114,17,17,0,0
71,21,0.63,26,26,26,26,0,0,0,0
71,25,3,286,286,256,256,30,30,0,0
71,26,1.53,236,236,236,236,0,0,0,0
71,28,2,119,119,88,88,31,31,0,0
71,29,1,8,8,0,0,8,8,0,0
71,32,1,94,94,94,94,0,0,0,0
71,33,1,65,65,65,65,0,0,0,0
71,34,0.74,433,433,0,0,433,433,0,0
71,35,0.26,149,149,0,0,149,149,0,0
71,36,0.57,141,141,141,141,0,0,0,0
71,54,5,166,166,129,129,37,37,0,0
71,56,1,42,42,0,0,42,42,0,0
71,59,1,7,7,0,0,7,7,0,0
71,60,1,46,46,46,46,0,0,0,0
71,61,2,242,242,242,242,0,0,0,0
71,63,1,15,15,0,0,15,15,0,0
71,64,6.04,569,569,524,524,45,45,0,0
71,65,3.24,86,86,44,44,42,42,0,0
71,67,4,88,88,40,40,48,48,0,0
71,68,2,20,20,0,0,20,20,0,0
71,70,1,99,99,99,99,0,0,0,0
71,72,0.35,45,45,45,45,0,0,0,0
71,73,1.49,112,112,85,85,28,28,28,28
71,74,0.16,5,5,0,0,5,5,5,5
71,76,1,5,5,0,0,5,5,0,0
71,77,2.93,48,48,0,0,48,48,0,0
71,78,2.68,316,316,179,179,47,47,0,0
71,79,0.05,5,5,1,1,1,1,0,0
71,81,3,48,48,0,0,48,48,0,0
71,83,1,9,9,0,0,9,9,0,0
71,85,1,10,10,0,0,10,10,0,0
71,89,1.24,141,141,34,34,39,39,0,0
71,90,1.76,70,70,54,54,16,16,0,0
71,93,1,41,41,41,41,0,0,0,0
71,98,1,68,68,68,68,0,0,0,0
71,104,1,104,104,104,104,0,0,0,0
71,105,2,130,130,102,102,28,28,0,0
71,106,2,233,233,233,233,0,0,0,0
71,107,1,70,70,70,70,0,0,0,0
71,108,0.03,1,1,0,0,1,1,0,0
71,109,1,53,53,53,53,0,0,0,0
71,111,2.68,62,62,0,0,62,62,0,0
71,112,1.32,50,50,45,45,5,5,0,0
71,113,2.18,75,75,10,10,65,65,48,48
71,115,2,64,64,53,53,11,11,0,0
71,118,0.93,45,45,45,45,0,0,0,0
71,119,1,109,109,109,109,0,0,0,0
71,120,0.79,21,21,0,0,21,21,0,0
71,121,0.15,17,17,17,17,0,0,0,0
71,122,7.54,1856,1856,1730,1730,42,42,0,0
71,123,6.83,3257,3257,3211,3211,45,45,0,0
71,124,2.56,837,837,837,837,0,0,0,0
71,125,2.06,266,266,234,234,32,32,0,0
71,126,3.01,237,237,230,230,6,6,0,0
72,8,1,7,7,0,0,7,7,0,0
72,14,3.2,320,320,320,320,0,0,0,0
72,15,1.51,202,202,202,202,0,0,0,0
72,17,0.6,249,249,249,249,0,0,0,0
72,19,0.86,54,54,54,54,0,0,0,0
72,20,1.06,144,144,144,144,0,0,0,0
72,21,1.01,17,17,2,2,15,15,0,0
72,26,2.47,218,218,187,187,30,30,0,0
72,27,4,494,494,468,468,26,26,0,0
72,28,3.24,315,315,288,288,27,27,0,0
72,29,0.76,80,80,80,80,0,0,0,0
72,61,1,19,19,0,0,19,19,0,0
72,62,1,21,21,0,0,21,21,0,0
72,63,3.83,175,175,144,144,31,31,0,0
72,64,0.96,178,178,178,178,0,0,0,0
72,65,1,183,183,183,183,0,0,0,0
72,66,3.22,2190,2190,1741,1741,308,308,0,0
72,67,3.59,609,609,135,135,280,280,0,0
72,69,2.66,93,93,38,38,54,54,22,22
72,70,1.34,27,27,0,0,27,27,11,11
72,71,1,11,11,0,0,11,11,0,0
72,72,3,102,102,51,51,51,51,0,0
72,73,1,10,10,0,0,10,10,0,0
72,75,3,206,206,188,188,18,18,0,0
72,77,1,10,10,0,0,10,10,0,0
72,78,0.9,41,41,10,10,17,17,0,0
72,79,2.46,27,27,0,0,26,26,7,7
72,80,1,86,86,86,86,0,0,0,0
72,82,0.38,30,30,30,30,0,0,0,0
72,83,1.62,90,90,90,90,0,0,0,0
72,87,1.76,161,161,161,161,0,0,0,0
72,88,4.24,246,246,209,209,37,37,0,0
72,89,1,29,29,0,0,29,29,0,0
72,90,1,13,13,0,0,13,13,0,0
72,91,2,74,74,67,67,6,6,0,0
72,98,1,59,59,59,59,0,0,0,0
72,102,1,26,26,0,0,26,26,0,0
72,105,1,36,36,36,36,0,0,0,0
72,106,2,163,163,116,116,48,48,0,0
72,109,1,16,16,0,0,16,16,0,0
72,111,1,19,19,0,0,19,19,0,0
72,112,1,86,86,86,86,0,0,0,0
72,115,1,11,11,0,0,11,11,0,0
72,116,1,76,76,76,76,0,0,0,0
72,119,2,42,42,35,35,6,6,0,0
72,121,2,224,224,200,200,24,24,0,0
72,122,4.85,1021,1021,862,862,53,53,0,0
72,123,9.03,3312,3312,3279,3279,32,32,0,0
72,124,6.04,2718,2718,2718,2718,0,0,0,0
72,125,3.17,899,899,495,495,155,155,0,0
72,126,1,104,104,104,104,0,0,0,0
72,127,0.08,11,11,11,11,0,0,0,0
73,1,1,14,14,0,0,14,14,0,0
73,4,1,101,101,101,101,0,0,0,0
73,14,2.04,137,137,137,137,0,0,0,0
73,15,3.45,578,578,571,571,7,7,0,0
73,19,0.44,26,26,26,26,0,0,0,0
73,20,4.17,524,524,524,524,0,0,0,0
73,21,3.47,478,478,478,478,0,0,0,0
73,24,3.4,184,184,171,171,13,13,0,0
73,25,0.6,34,34,34,34,0,0,0,0
73,35,0.31,247,247,247,247,0,0,0,0
73,36,2.4,406,406,397,397,8,8,0,0
73,60,0.01,4,4,4,4,0,0,0,0
73,61,2.36,456,456,330,330,42,42,0,0
73,62,4,447,447,241,241,86,86,0,0
73,63,0.21,3,3,0,0,3,3,0,0
73,64,2,155,155,123,123,32,32,0,0
73,65,1,434,434,434,434,0,0,0,0
73,66,2.8,797,797,797,797,0,0,0,0
73,67,2.92,1366,1366,1366,1366,0,0,0,0
73,68,1,35,35,35,35,0,0,0,0
73,73,0.01,0,0,0,0,0,0,0,0
73,74,2.99,249,249,226,226,23,23,13,13
73,76,2,245,245,223,223,22,22,0,0
73,77,1,57,57,57,57,0,0,0,0
73,78,2.22,261,261,261,261,0,0,0,0
73,79,4.57,416,416,302,302,55,55,0,0
73,80,3.43,150,150,75,75,75,75,0,0
73,81,1,27,27,0,0,27,27,0,0
73,86,1,223,223,223,223,0,0,0,0
73,87,0.9,11,11,0,0,11,11,0,0
73,88,1.1,75,75,74,74,1,1,0,0
73,90,2,147,147,147,147,0,0,0,0
73,91,1,28,28,0,0,28,28,0,0
73,97,2.99,598,598,0,0,598,598,0,0
73,98,1,334,334,0,0,334,334,0,0
73,103,1,18,18,0,0,18,18,0,0
73,105,1,30,30,0,0,30,30,0,0
73,106,2,59,59,52,52,7,7,0,0
73,108,1,100,100,100,100,0,0,0,0
73,109,1,35,35,35,35,0,0,0,0
73,111,1,41,41,41,41,0,0,0,0
73,112,1.22,56,56,30,30,26,26,0,0
73,113,0.25,34,34,34,34,0,0,0,0
73,114,1,99,99,99,99,0,0,0,0
73,115,1,16,16,0,0,16,16,0,0
73,116,2,97,97,97,97,0,0,0,0
73,122,0.38,60,60,60,60,0,0,0,0
73,123,0.72,164,164,164,164,0,0,0,0
73,124,1.62,266,266,185,185,81,81,0,0
73,125,3.94,1989,1989,1952,1952,0,0,37,37
73,127,1.75,664,664,664,664,0,0,0,0
74,9,1,6,6,0,0,6,6,0,0
74,11,1.9,710,710,698,698,12,12,0,0
74,12,0.14,14,14,14,14,0,0,0,0
74,14,1,18,18,0,0,18,18,0,0
74,18,4,207,207,179,179,28,28,0,0
74,19,1,20,20,0,0,20,20,0,0
74,20,1.52,169,169,158,158,12,12,0,0
74,23,0.88,143,143,143,143,0,0,0,0
74,35,0.26,211,211,211,211,0,0,0,0
74,36,0.03,2,2,2,2,0,0,0,0
74,57,1.08,68,68,65,65,3,3,0,0
74,58,1.92,77,77,0,0,77,77,0,0
74,60,3.16,422,422,422,422,0,0,0,0
74,61,0.47,240,240,240,240,0,0,0,0
74,62,1,319,319,319,319,0,0,0,0
74,63,0.68,91,91,91,91,0,0,0,0
74,65,2,134,134,134,134,0,0,0,0
74,66,1.48,333,333,333,333,0,0,0,0
74,67,0.1,18,18,18,18,0,0,0,0
74,68,1,39,39,39,39,0,0,0,0
74,69,1.1,14,14,0,0,14,14,0,0
74,70,1,42,42,42,42,0,0,0,0
74,71,2.95,106,106,51,51,55,55,13,13
74,73,1,62,62,0,0,62,62,0,0
74,74,1.05,30,30,0,0,30,30,0,0
74,75,1.95,42,42,0,0,42,42,0,0
74,78,1.76,118,118,94,94,23,23,0,0
74,80,1,34,34,0,0,34,34,0,0
74,81,1,116,116,116,116,0,0,0,0
74,84,2,110,110,82,82,28,28,0,0
74,85,2,55,55,38,38,17,17,0,0
74,88,0.55,32,32,32,32,0,0,0,0
74,89,0.59,47,47,36,36,4,4,0,0
74,90,0.94,234,234,59,59,59,59,0,0
74,93,1.74,603,603,603,603,0,0,0,0
74,95,1,20,20,0,0,20,20,0,0
74,98,0.01,5,5,0,0,5,5,0,0
74,100,4,142,142,76,76,66,66,0,0
74,102,1,26,26,0,0,26,26,0,0
74,105,2,24,24,0,0,24,24,0,0
74,106,1.98,35,35,0,0,35,35,0,0
74,108,1,72,72,72,72,0,0,0,0
74,109,1,9,9,0,0,9,9,0,0
74,110,1,84,84,84,84,0,0,0,0
74,112,1.23,49,49,31,31,18,18,0,0
74,113,2.31,206,206,179,179,27,27,0,0
74,115,1.58,59,59,46,46,12,12,0,0
74,116,0.42,9,9,0,0,9,9,0,0
74,117,0.01,1,1,1,1,0,0,0,0
74,121,3.98,254,254,192,192,61,61,0,0
74,122,3.61,510,510,510,510,0,0,0,0
74,123,1,28,28,0,0,28,28,0,0
74,124,2.12,1071,1071,111,111,960,960,0,0
74,125,5.88,2934,2934,2934,2934,0,0,0,0
74,126,2.64,1516,1516,1516,1516,0,0,0,0
74,127,3.51,2096,2096,2096,2096,0,0,0,0
75,10,1,130,130,130,130,0,0,0,0
75,11,1.1,121,121,121,121,0,0,0,0
75,12,1.86,100,100,83,83,16,16,0,0
75,20,1.48,158,158,152,152,6,6,0,0
75,23,0.12,20,20,20,20,0,0,0,0
75,25,1.82,103,103,103,103,0,0,0,0
75,26,0.18,14,14,14,14,0,0,0,0
75,29,1,7,7,0,0,7,7,7,7
75,57,1,267,267,267,267,0,0,0,0
75,58,1,41,41,0,0,41,41,0,0
75,62,1,165,165,165,165,0,0,0,0
75,63,0.32,42,42,42,42,0,0,0,0
75,65,1,8,8,0,0,8,8,0,0
75,67,0.9,168,168,168,168,0,0,0,0
75,68,1,247,247,247,247,0,0,0,0
75,69,0.9,15,15,0,0,15,15,0,0
75,71,2.05,198,198,180,180,17,17,1,1
75,72,2,45,45,0,0,45,45,0,0
75,73,1,60,60,0,0,60,60,60,60
75,75,1,31,31,0,0,31,31,0,0
75,77,1,168,168,168,168,0,0,0,0
75,78,3,505,505,485,485,20,20,0,0
75,79,2.99,386,386,386,386,0,0,0,0
75,80,0.01,3,3,3,3,0,0,0,0
75,82,1,16,16,0,0,16,16,0,0
75,84,1,50,50,50,50,0,0,0,0
75,85,1.07,21,21,9,9,12,12,0,0
75,86,1.93,153,153,125,125,28,28,0,0
75,87,1,24,24,0,0,24,24,0,0
75,88,2,29,29,0,0,29,29,0,0
75,89,0.92,63,63,63,63,0,0,0,0
75,91,3,78,78,47,47,31,31,0,0
75,92,3,86,86,0,0,86,86,0,0
75,93,0.26,30,30,30,30,0,0,0,0
75,94,1,30,30,0,0,30,30,0,0
75,99,1,8,8,0,0,8,8,8,8
75,100,1,28,28,0,0,28,28,0,0
75,101,1,69,69,69,69,0,0,0,0
75,104,1,4,4,0,0,4,4,0,0
75,106,1.02,17,17,0,0,17,17,0,0
75,107,0.32,15,15,15,15,0,0,0,0
75,111,3,92,92,49,49,43,43,0,0
75,112,3,214,214,95,95,0,0,119,119
75,113,1,61,61,61,61,0,0,0,0
75,114,2,198,198,164,164,34,34,0,0
75,115,3.18,488,488,474,474,14,14,0,0
75,116,2.79,243,243,243,243,0,0,0,0
75,117,2.99,278,278,278,278,0,0,0,0
75,121,0.02,0,0,0,0,0,0,0,0
75,122,1,39,39,39,39,0,0,0,0
75,123,2,98,98,79,79,19,19,0,0
75,124,3.66,701,701,686,686,15,15,0,0
75,125,4.35,3079,3079,3079,3079,0,0,0,0
75,126,3.1,4514,4514,4514,4514,0,0,0,0
75,127,4.34,2099,2099,2099,2099,0,0,0,0
76,7,1,119,119,119,119,0,0,0,0
76,9,1,58,58,58,58,0,0,0,0
76,12,1,231,231,231,231,0,0,0,0
76,13,3.04,219,219,219,219,0,0,0,0
76,17,0.18,18,18,18,18,0,0,0,0
76,18,0.82,84,84,84,84,0,0,0,0
76,19,0.1,14,14,14,14,0,0,0,0
76,20,1.9,163,163,132,132,31,31,0,0
76,22,1,223,223,223,223,0,0,0,0
76,25,0.03,4,4,4,4,0,0,0,0
76,53,1,167,167,167,167,0,0,0,0
76,54,2,136,136,126,126,10,10,10,10
76,63,1,160,160,160,160,0,0,0,0
76,64,2,306,306,306,306,0,0,0,0
76,65,2,326,326,326,326,0,0,0,0
76,67,1,118,118,118,118,0,0,0,0
76,69,1,30,30,0,0,30,30,30,30
76,70,1,45,45,45,45,0,0,0,0
76,71,1,19,19,0,0,19,19,19,19
76,72,1,17,17,0,0,17,17,0,0
76,73,2,95,95,95,95,0,0,0,0
76,75,1.82,140,140,115,115,26,26,0,0
76,76,0.02,4,4,4,4,0,0,0,0
76,78,4,391,391,366,366,25,25,0,0
76,79,1,17,17,0,0,17,17,0,0
76,80,0.98,161,161,161,161,0,0,0,0
76,82,1,29,29,0,0,29,29,0,0
76,84,0.76,8,8,2,2,7,7,0,0
76,85,0.22,24,24,24,24,0,0,0,0
76,86,1,130,130,130,130,0,0,0,0
76,88,0.27,54,54,54,54,0,0,0,0
76,94,1,4,4,0,0,4,4,0,0
76,95,1,23,23,0,0,23,23,0,0
76,97,2,48,48,0,0,48,48,0,0
76,98,2,185,185,172,172,13,13,0,0
76,100,2,27,27,0,0,27,27,0,0
76,101,1.08,6,6,0,0,6,6,0,0
76,103,1,72,72,0,0,72,72,0,0
76,107,1.68,42,42,32,32,10,10,0,0
76,110,1,26,26,0,0,26,26,0,0
76,111,1,13,13,0,0,13,13,0,0
76,112,2,39,39,0,0,39,39,29,29
76,115,4.1,350,350,309,309,42,42,0,0
76,116,1.06,101,101,101,101,0,0,0,0
76,117,5.7,508,508,508,508,0,0,0,0
76,118,2,823,823,823,823,0,0,0,0
76,122,1,68,68,68,68,0,0,0,0
76,123,3.17,809,809,809,809,0,0,0,0
76,124,10.35,3545,3545,3545,3545,0,0,0,0
76,125,2.85,2559,2559,1372,1372,1187,1187,0,0
76,126,4.15,3502,3502,3162,3162,244,244,97,97
76,127,5.96,2398,2398,2398,2398,0,0,0,0
77,6,1,14,14,0,0,14,14,0,0
77,12,1,21,21,0,0,21,21,0,0
77,13,2.96,1054,1054,1054,1054,0,0,0,0
77,25,1.97,208,208,208,208,0,0,0,0
77,26,2,50,50,0,0,50,50,0,0
77,27,1.76,263,263,263,263,0,0,0,0
77,28,0.67,31,31,31,31,0,0,0,0
77,35,1,21,21,0,0,21,21,0,0
77,49,0.85,11,11,0,0,11,11,11,11
77,50,0.15,2,2,0,0,2,2,2,2
77,53,2.03,298,298,298,298,0,0,0,0
77,61,1,74,74,74,74,0,0,0,0
77,64,0.18,95,95,95,95,0,0,0,0
77,65,1,23,23,0,0,23,23,0,0
77,66,1,117,117,117,117,0,0,0,0
77,68,0.99,39,39,39,39,0,0,0,0
77,69,1,66,66,66,66,0,0,0,0
77,70,1,255,255,255,255,0,0,0,0
77,73,1.2,170,170,170,170,0,0,0,0
77,74,1.8,83,83,74,74,9,9,0,0
77,75,0.18,25,25,25,25,0,0,0,0
77,76,1.99,471,471,471,471,0,0,0,0
77,77,3,540,540,540,540,0,0,0,0
77,79,3,627,627,627,627,0,0,0,0
77,80,2.02,266,266,266,266,0,0,0,0
77,81,2.05,48,48,15,15,32,32,0,0
77,82,2,276,276,276,276,0,0,0,0
77,83,0.04,5,5,5,5,0,0,0,0
77,84,1.08,12,12,2,2,9,9,0,0
77,85,2.95,155,155,139,139,16,16,0,0
77,88,3.57,308,308,259,259,50,50,0,0
77,89,0.16,4,4,0,0,4,4,0,0
77,90,2,52,52,40,40,12,12,0,0
77,91,1,44,44,44,44,0,0,0,0
77,93,3,87,87,58,58,29,29,0,0
77,94,2,68,68,35,35,33,33,0,0
77,95,2,52,52,39,39,14,14,14,14
77,96,1,20,20,0,0,20,20,0,0
77,97,1,119,119,119,119,0,0,0,0
77,98,2,50,50,40,40,10,10,0,0
77,99,1,74,74,74,74,0,0,0,0
77,100,2,53,53,0,0,53,53,0,0
77,101,2.92,47,47,0,0,47,47,0,0
77,109,3,49,49,0,0,49,49,0,0
77,111,2,30,30,0,0,30,30,0,0
77,112,1.05,6,6,0,0,6,6,0,0
77,114,3,33,33,0,0,33,33,12,12
77,115,1,106,106,106,106,0,0,0,0
77,116,1.88,60,60,33,33,27,27,0,0
77,117,0.83,117,117,117,117,0,0,0,0
77,118,2.05,138,138,122,122,16,16,0,0
77,121,2,217,217,182,182,35,35,0,0
77,123,6.37,2607,2607,2607,2607,0,0,0,0
77,124,6.72,3639,3639,3573,3573,0,0,65,65
77,125,3.04,5026,5026,4884,4884,0,0,141,141
77,126,6.23,5181,5181,5181,5181,0,0,0,0
77,127,5.97,4003,4003,4003,4003,0,0,0,0
78,5,1,21,21,0,0,21,21,0,0
78,15,2,142,142,128,128,14,14,0,0
78,16,1,24,24,0,0,24,24,0,0
78,20,1,26,26,0,0,26,26,0,0
78,27,0.24,52,52,52,52,0,0,0,0
78,28,0.9,54,54,54,54,0,0,0,0
78,29,2.3,522,522,507,507,15,15,0,0
78,44,0.3,137,137,0,0,137,137,0,0
78,53,0.97,179,179,179,179,0,0,0,0
78,64,0.82,433,433,433,433,0,0,0,0
78,67,2,567,567,142,142,142,142,0,0
78,68,1.01,13,13,0,0,13,13,0,0
78,71,1,100,100,100,100,0,0,0,0
78,72,1,178,178,178,178,0,0,0,0
78,73,1,75,75,75,75,0,0,0,0
78,74,2,28,28,0,0,28,28,0,0
78,76,0.35,13,13,13,13,0,0,0,0
78,77,0.65,23,23,23,23,0,0,0,0
78,78,1,23,23,0,0,23,23,23,23
78,79,2.27,471,471,471,471,0,0,0,0
78,80,2.72,245,245,238,238,7,7,0,0
78,81,1.88,195,195,171,171,24,24,0,0
78,82,3,67,67,43,43,25,25,0,0
78,83,0.96,123,123,123,123,0,0,0,0
78,85,1,494,494,494,494,0,0,0,0
78,87,1,78,78,78,78,0,0,0,0
78,88,3,150,150,133,133,16,16,0,0
78,90,2,67,67,53,53,14,14,0,0
78,91,1,11,11,0,0,11,11,0,0
78,92,1,93,93,93,93,0,0,0,0
78,97,1,12,12,0,0,12,12,0,0
78,98,1.18,22,22,11,11,11,11,0,0
78,99,1,40,40,40,40,0,0,0,0
78,100,2.74,93,93,45,45,48,48,0,0
78,103,1,39,39,0,0,39,39,39,39
78,109,0.95,14,14,0,0,14,14,0,0
78,110,3.83,58,58,0,0,58,58,0,0
78,111,1,21,21,0,0,21,21,0,0
78,112,0.95,13,13,0,0,13,13,0,0
78,113,1,20,20,0,0,20,20,0,0
78,114,3,19,19,0,0,19,19,7,7
78,115,3,67,67,46,46,20,20,0,0
78,116,1,5,5,0,0,5,5,0,0
78,118,2.23,947,947,936,936,11,11,0,0
78,119,1.97,634,634,634,634,0,0,0,0
78,120,0.77,203,203,203,203,0,0,0,0
78,121,1,198,198,198,198,0,0,0,0
78,122,1.73,308,308,308,308,0,0,0,0
78,123,6.37,2832,2832,2832,2832,0,0,0,0
78,124,9.18,5448,5448,5421,5421,0,0,27,27
78,125,3.05,5214,5214,5214,5214,0,0,0,0
78,126,5.66,4233,4233,4233,4233,0,0,0,0
78,127,3.51,4685,4685,4302,4302,0,0,383,383
79,1,1,10,10,0,0,10,10,0,0
79,16,1,22,22,0,0,22,22,0,0
79,24,1,251,251,251,251,0,0,0,0
79,29,1.13,227,227,227,227,0,0,0,0
79,31,1,11,11,0,0,11,11,0,0
79,43,2.24,930,930,365,365,565,565,0,0
79,44,2.3,1494,1494,328,328,1166,1166,0,0
79,52,1,203,203,203,203,0,0,0,0
79,53,1,293,293,293,293,0,0,0,0
79,59,1,111,111,111,111,0,0,0,0
79,60,1,64,64,64,64,0,0,0,0
79,62,0.96,83,83,83,83,0,0,0,0
79,64,2,83,83,64,64,19,19,0,0
79,70,3,110,110,98,98,12,12,0,0
79,71,1,8,8,0,0,8,8,0,0
79,72,1,14,14,0,0,14,14,0,0
79,76,1,19,19,0,0,19,19,0,0
79,78,3,127,127,103,103,24,24,0,0
79,79,2.73,494,494,494,494,0,0,0,0
79,80,1.04,190,190,190,190,0,0,0,0
79,81,2.29,136,136,104,104,32,32,0,0
79,82,2.99,486,486,486,486,0,0,0,0
79,83,2,175,175,148,148,27,27,0,0
79,85,1,21,21,0,0,21,21,0,0
79,86,3,103,103,47,47,56,56,0,0
79,87,5,284,284,214,214,69,69,37,37
79,90,2,26,26,0,0,26,26,0,0
79,91,1.68,110,110,81,81,29,29,0,0
79,92,1.12,239,239,237,237,1,1,0,0
79,93,2.88,205,205,98,98,42,42,0,0
79,95,4,79,79,0,0,79,79,0,0
79,97,0.87,67,67,0,0,67,67,67,67
79,98,0.82,51,51,51,51,0,0,0,0
79,99,1.99,57,57,0,0,57,57,37,37
79,100,2.27,41,41,16,16,25,25,0,0
79,106,2.25,337,337,337,337,0,0,0,0
79,107,0.4,266,266,266,266,0,0,0,0
79,109,1.22,34,34,0,0,34,34,0,0
79,110,1,5,5,0,0,5,5,0,0
79,112,1,5,5,0,0,5,5,0,0
79,114,1,9,9,0,0,9,9,0,0
79,115,1,5,5,0,0,5,5,0,0
79,116,0.05,13,13,13,13,0,0,0,0
79,117,2.26,293,293,278,278,16,16,0,0
79,118,1.2,218,218,218,218,0,0,0,0
79,119,1,280,280,280,280,0,0,0,0
79,120,1.23,222,222,222,222,0,0,0,0
79,122,0.75,394,394,394,394,0,0,0,0
79,123,9.77,3786,3786,3786,3786,0,0,0,0
79,124,6.16,2829,2829,2826,2826,3,3,0,0
79,125,4.58,4097,4097,4097,4097,0,0,0,0
79,126,7.5,4215,4215,3906,3906,309,309,0,0
79,127,7.04,4492,4492,4459,4459,11,11,0,0
80,6,1,36,36,36,36,0,0,0,0
80,15,1,119,119,119,119,0,0,0,0
80,21,1,49,49,49,49,0,0,0,0
80,37,0.81,417,417,104,104,104,104,0,0
80,39,0.98,256,256,256,256,0,0,0,0
80,40,3.02,896,896,874,874,22,22,0,0
80,43,0.13,38,38,38,38,0,0,0,0
80,44,2.24,590,590,571,571,19,19,0,0
80,45,0.27,671,671,671,671,0,0,0,0
80,50,1,209,209,52,52,52,52,0,0
80,51,1,317,317,317,317,0,0,0,0
80,55,1,106,106,106,106,0,0,0,0
80,57,3,137,137,108,108,28,28,0,0
80,58,1,87,87,87,87,0,0,0,0
80,59,1,45,45,45,45,0,0,0,0
80,60,1.84,253,253,240,240,12,12,0,0
80,61,0.31,40,40,40,40,0,0,0,0
80,62,3.04,204,204,204,204,0,0,0,0
80,66,1.52,50,50,38,38,12,12,0,0
80,67,0.72,98,98,51,51,16,16,0,0
80,68,1.27,78,78,18,18,24,24,0,0
80,69,1,116,116,116,116,0,0,0,0
80,70,1,249,249,62,62,62,62,0,0
80,71,1,102,102,102,102,0,0,0,0
80,72,1.07,70,70,70,70,0,0,0,0
80,73,0.93,271,271,271,271,0,0,0,0
80,74,2,163,163,152,152,11,11,11,11
80,75,0.46,153,153,153,153,0,0,0,0
80,76,0.54,176,176,176,176,0,0,0,0
80,79,1,259,259,259,259,0,0,0,0
80,80,2.15,406,406,406,406,0,0,0,0
80,81,1.88,200,200,61,61,46,46,0,0
80,82,0.9,259,259,259,259,0,0,0,0
80,83,2.96,277,277,259,259,18,18,0,0
80,84,1.49,211,211,80,80,44,44,0,0
80,86,1,55,55,55,55,0,0,0,0
80,87,2,46,46,37,37,9,9,9,9
80,88,3,110,110,82,82,27,27,27,27
80,90,3,149,149,84,84,65,65,0,0
80,91,0.32,38,38,38,38,0,0,0,0
80,93,1,40,40,40,40,0,0,0,0
80,95,1,79,79,79,79,0,0,0,0
80,96,2,54,54,46,46,8,8,0,0
80,97,1.13,22,22,0,0,22,22,22,22
80,98,1,6,6,0,0,6,6,0,0
80,100,1,7,7,0,0,7,7,0,0
80,101,2,16,16,0,0,16,16,10,10
80,106,2.34,253,253,224,224,29,29,0,0
80,107,4.01,564,564,564,564,0,0,0,0
80,109,1.01,71,71,71,71,0,0,0,0
80,110,1.99,85,85,60,60,25,25,0,0
80,111,1,36,36,36,36,0,0,0,0
80,112,1,6,6,0,0,6,6,6,6
80,113,2.09,198,198,41,41,76,76,0,0
80,114,0.94,31,31,0,0,31,31,0,0
80,115,1,39,39,39,39,0,0,0,0
80,116,1,11,11,0,0,11,11,0,0
80,117,5.88,648,648,563,563,85,85,0,0
80,118,2.39,961,961,961,961,0,0,0,0
80,119,3.15,1036,1036,1036,1036,0,0,0,0
80,120,1.08,130,130,130,130,0,0,0,0
80,121,1.8,473,473,0,0,473,473,0,0
80,122,2,101,101,48,48,53,53,0,0
80,123,2.23,89,89,64,64,24,24,0,0
80,124,0.99,521,521,0,0,521,521,0,0
80,125,4.33,1077,1077,1077,1077,0,0,0,0
80,126,3.11,958,958,958,958,0,0,0,0
80,127,6.87,1967,1967,1927,1927,0,0,40,40
81,26,1,34,34,0,0,34,34,0,0
81,27,1,159,159,159,159,0,0,0,0
81,29,1.34,435,435,429,429,7,7,0,0
81,30,0.66,13,13,0,0,13,13,0,0
81,36,0.13,272,272,68,68,68,68,0,0
81,37,1.06,1868,1868,467,467,467,467,0,0
81,40,2,32,32,0,0,32,32,0,0
81,43,1,46,46,46,46,0,0,0,0
81,44,3.44,2422,2422,2422,2422,0,0,0,0
81,45,0.08,131,131,131,131,0,0,0,0
81,54,1,57,57,57,57,0,0,0,0
81,57,1,167,167,167,167,0,0,0,0
81,58,1.01,417,417,417,417,0,0,0,0
81,59,0.99,187,187,187,187,0,0,0,0
81,60,0.2,51,51,51,51,0,0,0,0
81,61,1.65,194,194,194,194,0,0,0,0
81,63,1.96,126,126,97,97,29,29,29,29
81,64,1.04,132,132,132,132,0,0,0,0
81,65,1.06,31,31,7,7,10,10,0,0
81,67,2.16,327,327,303,303,24,24,0,0
81,68,1.11,165,165,68,68,32,32,0,0
81,69,0.38,22,22,22,22,0,0,0,0
81,70,1,29,29,0,0,29,29,0,0
81,71,2.6,300,300,268,268,32,32,0,0
81,72,0.69,159,159,159,159,0,0,0,0
81,73,1,89,89,89,89,0,0,0,0
81,74,3,464,464,464,464,0,0,0,0
81,75,1,309,309,309,309,0,0,0,0
81,76,1,2029,2029,2029,2029,0,0,0,0
81,78,3,532,532,532,532,0,0,0,0
81,79,6.25,2309,2309,2303,2303,2,2,0,0
81,80,13.04,2882,2882,2528,2528,118,118,0,0
81,81,5.94,2008,2008,1649,1649,120,120,0,0
81,82,1.86,293,293,293,293,0,0,0,0
81,83,1.59,119,119,99,99,20,20,0,0
81,84,0.77,98,98,98,98,0,0,0,0
81,85,3,87,87,46,46,41,41,0,0
81,86,1,87,87,87,87,0,0,0,0
81,87,3.92,112,112,57,57,56,56,0,0
81,88,0.08,3,3,0,0,3,3,0,0
81,89,3,32,32,0,0,32,32,0,0
81,92,2,48,48,0,0,48,48,0,0
81,97,1,14,14,0,0,14,14,0,0
81,98,3,115,115,94,94,21,21,0,0
81,99,3,126,126,78,78,48,48,0,0
81,100,3,51,51,0,0,51,51,0,0
81,102,1,27,27,0,0,27,27,0,0
81,103,0.99,7,7,0,0,7,7,0,0
81,109,1,10,10,0,0,10,10,10,10
81,113,1.97,68,68,38,38,30,30,0,0
81,114,5,578,578,550,550,28,28,0,0
81,115,1,22,22,0,0,22,22,0,0
81,117,2.19,332,332,332,332,0,0,0,0
81,118,3.99,165,165,83,83,81,81,32,32
81,119,1,220,220,0,0,220,220,0,0
81,120,1,66,66,66,66,0,0,0,0
81,122,3,413,413,412,412,0,0,0,0
81,124,1,31,31,0,0,31,31,0,0
81,126,4.19,639,639,639,639,0,0,0,0
81,127,0.06,15,15,15,15,0,0,0,0
82,28,1.91,203,203,203,203,0,0,0,0
82,29,0.09,8,8,8,8,0,0,0,0
82,41,1,18,18,0,0,18,18,0,0
82,54,1.12,159,159,155,155,4,4,0,0
82,59,1,290,290,290,290,0,0,0,0
82,61,1,19,19,0,0,19,19,0,0
82,64,2,75,75,53,53,22,22,0,0
82,65,2.94,455,455,112,112,121,121,0,0
82,66,3.97,445,445,433,433,12,12,0,0
82,67,3.17,2252,2252,202,202,2050,2050,0,0
82,68,1.35,3533,3533,104,104,3429,3429,0,0
82,69,1.33,183,183,183,183,0,0,0,0
82,70,2.34,1225,1225,1225,1225,0,0,0,0
82,71,4.93,2044,2044,2044,2044,0,0,0,0
82,72,4.58,668,668,513,513,60,60,0,0
82,73,1.09,347,347,347,347,0,0,0,0
82,74,3.31,184,184,184,184,0,0,0,0
82,75,1,17,17,0,0,17,17,0,0
82,76,0.31,10,10,0,0,10,10,0,0
82,77,1,25,25,0,0,25,25,0,0
82,79,5.49,1678,1678,1610,1610,68,68,0,0
82,80,3.26,1026,1026,1026,1026,0,0,0,0
82,81,0.52,646,646,646,646,0,0,0,0
82,82,1,312,312,312,312,0,0,0,0
82,83,2,258,258,258,258,0,0,0,0
82,84,1.23,119,119,119,119,0,0,0,0
82,91,1,27,27,0,0,27,27,0,0
82,92,3,99,99,58,58,41,41,0,0
82,93,1,15,15,0,0,15,15,0,0
82,94,3,95,95,0,0,95,95,44,44
82,96,0.03,0,0,0,0,0,0,0,0
82,97,1.97,35,35,0,0,35,35,0,0
82,98,2,88,88,69,69,19,19,19,19
82,99,2.51,65,65,39,39,27,27,0,0
82,100,1,31,31,0,0,31,31,0,0
82,101,2.75,55,55,0,0,55,55,20,20
82,102,1,50,50,50,50,0,0,0,0
82,103,2.01,142,142,114,114,28,28,0,0
82,108,0.15,3,3,0,0,3,3,0,0
82,109,1,32,32,0,0,32,32,0,0
82,110,1,28,28,0,0,28,28,0,0
82,111,2.19,397,397,384,384,13,13,0,0
82,112,1.17,356,356,356,356,0,0,0,0
82,113,1,143,143,143,143,0,0,0,0
82,114,0.09,3,3,3,3,0,0,0,0
82,115,1,47,47,47,47,0,0,0,0
82,116,1,103,103,103,103,0,0,0,0
82,117,0.04,13,13,0,0,13,13,0,0
82,118,2.01,45,45,0,0,44,44,0,0
82,121,1,43,43,43,43,0,0,0,0
82,123,1,5,5,0,0,5,5,0,0
82,124,1,11,11,0,0,11,11,11,11
82,125,5,330,330,285,285,45,45,20,20
82,126,0.75,17,17,17,17,0,0,0,0
82,127,2.25,69,69,24,24,45,45,16,16
83,1,1,126,126,126,126,0,0,0,0
83,17,1,30,30,0,0,30,30,0,0
83,18,1,45,45,45,45,0,0,0,0
83,21,1,47,47,47,47,0,0,0,0
83,26,0.01,2,2,2,2,0,0,0,0
83,32,2,311,311,70,70,102,102,0,0
83,54,2.88,177,177,152,152,25,25,0,0
83,58,1,116,116,116,116,0,0,0,0
83,59,0.37,37,37,37,37,0,0,0,0
83,60,1.63,153,153,153,153,0,0,0,0
83,62,0.67,11,11,0,0,11,11,0,0
83,63,2.33,193,193,188,188,5,5,0,0
83,64,2,72,72,12,12,36,36,0,0
83,65,2.77,265,265,237,237,28,28,0,0
83,66,2.23,242,242,210,210,33,33,0,0
83,67,6,935,935,935,935,0,0,0,0
83,68,2.95,302,302,270,270,32,32,0,0
83,69,1.95,165,165,140,140,25,25,0,0
83,70,3.25,568,568,568,568,0,0,0,0
83,71,8.33,2419,2419,2419,2419,0,0,0,0
83,72,2.26,2186,2186,2169,2169,6,6,0,0
83,73,4.49,2156,2156,2156,2156,0,0,0,0
83,74,2.82,1953,1953,1953,1953,0,0,0,0
83,75,2,53,53,0,0,53,53,0,0
83,76,0.69,22,22,0,0,22,22,0,0
83,77,1,78,78,78,78,0,0,0,0
83,78,1.44,533,533,384,384,50,50,0,0
83,79,7.59,3206,3206,2963,2963,81,81,0,0
83,80,2.37,2522,2522,2214,2214,308,308,0,0
83,81,1.83,1134,1134,1134,1134,0,0,0,0
83,82,2,283,283,283,283,0,0,0,0
83,83,1,5,5,0,0,5,5,0,0
83,84,3.52,113,113,48,48,65,65,0,0
83,88,1,146,146,146,146,0,0,0,0
83,89,0.77,252,252,252,252,0,0,0,0
83,93,1,34,34,0,0,34,34,0,0
83,94,1,47,47,47,47,0,0,0,0
83,95,2,67,67,58,58,9,9,0,0
83,98,1,54,54,54,54,0,0,0,0
83,99,1.49,43,43,0,0,43,43,0,0
83,101,0.25,7,7,0,0,7,7,0,0
83,103,2,20,20,0,0,20,20,0,0
83,104,1,24,24,0,0,24,24,0,0
83,106,1,21,21,0,0,21,21,0,0
83,107,1.42,71,71,0,0,71,71,4,4
83,108,4.62,93,93,60,60,33,33,0,0
83,109,3,589,589,543,543,46,46,0,0
83,110,2,56,56,0,0,56,56,0,0
83,111,1.33,105,105,81,81,23,23,0,0
83,112,2.31,124,124,78,78,46,46,11,11
83,114,0.91,34,34,34,34,0,0,0,0
83,115,0.47,3,3,0,0,3,3,0,0
83,116,1.93,38,38,14,14,24,24,0,0
83,117,0.96,352,352,0,0,352,352,0,0
83,118,1,79,79,79,79,0,0,0,0
83,119,1,19,19,0,0,19,19,0,0
83,121,1,42,42,0,0,42,42,42,42
83,122,2,22,22,0,0,22,22,0,0
83,123,0.33,17,17,0,0,17,17,0,0
83,124,1.67,69,69,0,0,69,69,0,0
83,126,2,94,94,63,63,32,32,0,0
83,127,0.75,74,74,74,74,0,0,0,0
84,10,0.47,236,236,232,232,5,5,0,0
84,11,1.51,275,275,57,57,218,218,0,0
84,25,2.56,481,481,481,481,0,0,0,0
84,26,2.43,723,723,697,697,26,26,0,0
84,33,1,71,71,71,71,0,0,0,0
84,49,1,71,71,71,71,0,0,0,0
84,53,1,32,32,0,0,32,32,0,0
84,57,2,109,109,103,103,6,6,0,0
84,59,0.65,43,43,43,43,0,0,0,0
84,65,0.32,20,20,20,20,0,0,0,0
84,67,1,9,9,0,0,9,9,0,0
84,69,0.66,325,325,325,325,0,0,0,0
84,70,6.13,2386,2386,2386,2386,0,0,0,0
84,71,5.91,3449,3449,3449,3449,0,0,0,0
84,72,6.47,2903,2903,2903,2903,0,0,0,0
84,73,4.53,3265,3265,3265,3265,0,0,0,0
84,74,4.48,3242,3242,3242,3242,0,0,0,0
84,75,1,17,17,0,0,17,17,0,0
84,76,4,442,442,442,442,0,0,0,0
84,77,1,87,87,87,87,0,0,0,0
84,78,4.33,2729,2729,2729,2729,0,0,0,0
84,79,3.47,3892,3892,3389,3389,503,503,0,0
84,80,3.33,2476,2476,454,454,2022,2022,0,0
84,81,4,274,274,274,274,0,0,0,0
84,82,2,29,29,0,0,29,29,0,0
84,83,6,374,374,296,296,78,78,0,0
84,84,2.48,595,595,0,0,595,595,0,0
84,85,1,27,27,0,0,27,27,0,0
84,86,2.67,64,64,10,10,34,34,0,0
84,87,2.02,62,62,42,42,20,20,0,0
84,88,2,53,53,39,39,14,14,14,14
84,89,3.23,640,640,604,604,36,36,0,0
84,91,0.81,11,11,0,0,11,11,0,0
84,93,1,8,8,0,0,8,8,0,0
84,94,2.23,19,19,0,0,19,19,6,6
84,95,8.77,221,221,117,117,104,104,13,13
84,97,3,92,92,43,43,48,48,0,0
84,98,1,30,30,0,0,30,30,0,0
84,99,0.61,39,39,39,39,0,0,0,0
84,100,0.39,25,25,25,25,0,0,0,0
84,101,3,60,60,0,0,60,60,11,11
84,102,1,7,7,0,0,7,7,7,7
84,103,0.9,55,55,55,55,0,0,0,0
84,106,0.1,1108,1108,0,0,1108,1108,0,0
84,107,3.12,4149,4149,0,0,4149,4149,55,55
84,108,2.65,666,666,99,99,567,567,0,0
84,111,1,175,175,175,175,0,0,0,0
84,112,0.95,51,51,51,51,0,0,0,0
84,113,0.05,3,3,3,3,0,0,0,0
84,114,3,51,51,0,0,51,51,0,0
84,115,2,36,36,0,0,36,36,0,0
84,116,0.59,21,21,21,21,0,0,0,0
84,118,2,74,74,58,58,16,16,0,0
84,120,1,42,42,42,42,0,0,0,0
84,121,1,25,25,0,0,25,25,0,0
84,123,1,13,13,0,0,13,13,0,0
84,126,2.71,286,286,161,161,59,59,0,0
85,6,1,9,9,0,0,9,9,0,0
85,7,1,133,133,133,133,0,0,0,0
85,8,6,430,430,430,430,0,0,0,0
85,10,1.8,493,493,308,308,185,185,0,0
85,11,0.23,113,113,0,0,113,113,0,0
85,14,3.6,197,197,169,169,28,28,0,0
85,15,3,207,207,164,164,43,43,0,0
85,16,2,141,141,127,127,13,13,0,0
85,17,1,27,27,0,0,27,27,0,0
85,22,0.01,0,0,0,0,0,0,0,0
85,23,0.99,41,41,41,41,0,0,0,0
85,33,2,144,144,144,144,0,0,0,0
85,34,1,22,22,0,0,22,22,0,0
85,46,2.62,719,719,0,0,719,719,0,0
85,47,0.03,16,16,0,0,16,16,0,0
85,57,1,88,88,88,88,0,0,0,0
85,58,1,13,13,0,0,13,13,0,0
85,59,1.35,53,53,23,23,30,30,30,30
85,60,1,58,58,58,58,0,0,0,0
85,63,1,259,259,259,259,0,0,0,0
85,65,0.68,42,42,42,42,0,0,0,0
85,68,3,259,259,259,259,0,0,0,0
85,69,7.92,2835,2835,2835,2835,0,0,0,0
85,70,7.14,3681,3681,3681,3681,0,0,0,0
85,71,6.18,3466,3466,3466,3466,0,0,0,0
85,72,8.58,3578,3578,3394,3394,61,61,0,0
85,73,3.32,4275,4275,4275,4275,0,0,0,0
85,74,3.64,2086,2086,2086,2086,0,0,0,0
85,75,0.01,4,4,4,4,0,0,0,0
85,76,6.49,530,530,347,347,183,183,0,0
85,77,1.77,332,332,332,332,0,0,0,0
85,78,3.59,3065,3065,3065,3065,0,0,0,0
85,79,5.1,4759,4759,4597,4597,162,162,0,0
85,80,4.32,2595,2595,2474,2474,121,121,0,0
85,81,1.44,602,602,602,602,0,0,0,0
85,82,1,7,7,0,0,7,7,0,0
85,83,2.42,36,36,0,0,36,36,0,0
85,84,2,18,18,0,0,18,18,0,0
85,85,2.47,79,79,62,62,17,17,0,0
85,86,0.84,80,80,72,72,7,7,0,0
85,87,2,79,79,79,79,0,0,0,0
85,88,2,172,172,156,156,16,16,0,0
85,89,1.29,28,28,0,0,28,28,0,0
85,91,1.19,36,36,0,0,36,36,0,0
85,92,1,14,14,0,0,14,14,0,0
85,93,0.67,42,42,42,42,0,0,0,0
85,94,0.33,21,21,21,21,0,0,0,0
85,95,1,205,205,51,51,51,51,0,0
85,96,1,63,63,63,63,0,0,0,0
85,97,3,159,159,129,129,30,30,0,0
85,98,1,11,11,0,0,11,11,0,0
85,101,2,85,85,57,57,29,29,0,0
85,103,3.19,568,568,513,513,55,55,0,0
85,104,0.9,56,56,56,56,0,0,0,0
85,107,0.4,4285,4285,0,0,4285,4285,0,0
85,108,2.53,2079,2079,0,0,2079,2079,0,0
85,109,0.28,2111,2111,0,0,2111,2111,0,0
85,111,1,44,44,44,44,0,0,0,0
85,112,1,46,46,46,46,0,0,0,0
85,113,1,15,15,0,0,15,15,15,15
85,114,3.85,102,102,64,64,38,38,0,0
85,115,2,114,114,114,114,0,0,0,0
85,117,1,13,13,0,0,13,13,0,0
85,119,0.9,65,65,65,65,0,0,0,0
85,123,1,24,24,0,0,24,24,0,0
85,124,1,56,56,56,56,0,0,0,0
85,125,1,27,27,0,0,27,27,0,0
85,126,2.29,211,211,158,158,27,27,0,0
85,127,1,34,34,0,0,34,34,34,34
86,11,1,7,7,0,0,7,7,0,0
86,12,1.93,289,289,289,289,0,0,0,0
86,13,0.79,80,80,80,80,0,0,0,0
86,14,2.82,246,246,246,246,0,0,0,0
86,15,4.01,229,229,209,209,20,20,0,0
86,17,1,61,61,61,61,0,0,0,0
86,27,1,18,18,0,0,18,18,0,0
86,28,0.51,52,52,52,52,0,0,0,0
86,39,1,48,48,48,48,0,0,0,0
86,45,2,309,309,0,0,309,309,0,0
86,46,2.35,375,375,0,0,375,375,0,0
86,49,1,82,82,82,82,0,0,0,0
86,51,1,181,181,181,181,0,0,0,0
86,53,1,96,96,96,96,0,0,0,0
86,61,1.28,22,22,0,0,22,22,0,0
86,62,2.72,130,130,122,122,8,8,0,0
86,65,0.03,7,7,7,7,0,0,0,0
86,66,3.97,400,400,374,374,26,26,0,0
86,67,1,30,30,30,30,0,0,0,0
86,68,1,68,68,68,68,0,0,0,0
86,69,1.19,504,504,504,504,0,0,0,0
86,70,5.34,3220,3220,3220,3220,0,0,0,0
86,71,3.53,5219,5219,5219,5219,0,0,0,0
86,72,8.99,3102,3102,3004,3004,33,33,0,0
86,73,6.22,2499,2499,2337,2337,0,0,162,162
86,74,4.23,3502,3502,2622,2622,880,880,0,0
86,75,1.4,588,588,587,587,1,1,0,0
86,76,1.81,2395,2395,2395,2395,0,0,0,0
86,77,4.96,417,417,417,417,0,0,0,0
86,78,9.41,2526,2526,2526,2526,0,0,0,0
86,79,4.9,3518,3518,3518,3518,0,0,0,0
86,80,6.59,3755,3755,3755,3755,0,0,0,0
86,81,6.76,2160,2160,2160,2160,0,0,0,0
86,82,0.95,239,239,239,239,0,0,0,0
86,83,5,477,477,447,447,31,31,0,0
86,84,10.57,711,711,632,632,79,79,0,0
86,85,5,395,395,332,332,63,63,0,0
86,86,3,42,42,0,0,42,42,21,21
86,87,1,33,33,0,0,33,33,0,0
86,88,0.56,23,23,23,23,0,0,0,0
86,89,2.15,66,66,58,58,8,8,0,0
86,92,2,119,119,119,119,0,0,0,0
86,93,1,48,48,48,48,0,0,0,0
86,95,2,381,381,347,347,34,34,0,0
86,97,1,11,11,0,0,11,11,11,11
86,100,2,64,64,50,50,14,14,14,14
86,101,1,19,19,0,0,19,19,0,0
86,102,2,61,61,53,53,8,8,0,0
86,103,2,81,81,68,68,13,13,0,0
86,107,0.06,191,191,0,0,191,191,0,0
86,108,1.03,3830,3830,0,0,3830,3830,0,0
86,109,0.9,7572,7572,0,0,7572,7572,0,0
86,110,2.66,5195,5195,86,86,5110,5110,0,0
86,111,1.8,153,153,59,59,94,94,0,0
86,112,3,202,202,193,193,9,9,0,0
86,113,1,495,495,0,0,495,495,0,0
86,114,1.2,66,66,62,62,4,4,0,0
86,115,3.88,249,249,77,77,101,101,0,0
86,116,1.07,55,55,46,46,3,3,0,0
86,117,2,147,147,147,147,0,0,0,0
86,118,1,7,7,0,0,7,7,7,7
86,119,0.1,7,7,7,7,0,0,0,0
86,121,1,14,14,0,0,14,14,0,0
86,122,2,58,58,0,0,58,58,0,0
86,126,1,30,30,0,0,30,30,30,30
86,127,1,27,27,0,0,27,27,27,27
87,11,3,193,193,184,184,9,9,0,0
87,12,2.85,184,184,184,184,0,0,0,0
87,13,2.22,98,98,94,94,4,4,0,0
87,14,3.74,548,548,534,534,14,14,0,0
87,15,1.37,218,218,218,218,0,0,0,0
87,16,0.67,31,31,31,31,0,0,0,0
87,17,0.92,184,184,184,184,0,0,0,0
87,27,0.19,10,10,10,10,0,0,0,0
87,28,1.3,93,93,93,93,0,0,0,0
87,35,2,196,196,196,196,0,0,0,0
87,47,1,51,51,51,51,0,0,0,0
87,55,1,34,34,0,0,34,34,0,0
87,61,2.69,313,313,304,304,9,9,0,0
87,62,1.31,66,66,64,64,2,2,0,0
87,65,1.73,247,247,247,247,0,0,0,0
87,67,1,32,32,0,0,32,32,0,0
87,68,4.32,780,780,575,575,81,81,0,0
87,69,1.66,1027,1027,1027,1027,0,0,0,0
87,70,2.26,4799,4799,4799,4799,0,0,0,0
87,71,7.09,4191,4191,4191,4191,0,0,0,0
87,72,3.9,4504,4504,4504,4504,0,0,0,0
87,73,3.38,2824,2824,2824,2824,0,0,0,0
87,74,3.51,4247,4247,3825,3825,422,422,0,0
87,75,3.59,6429,6429,6429,6429,0,0,0,0
87,76,2.07,6062,6062,6062,6062,0,0,0,0
87,77,5.1,5165,5165,5165,5165,0,0,0,0
87,78,5.51,4403,4403,4403,4403,0,0,0,0
87,79,3.67,3572,3572,3572,3572,0,0,0,0
87,80,5.24,2323,2323,2120,2120,68,68,0,0
87,81,6.06,2010,2010,2010,2010,0,0,0,0
87,82,1.05,85,85,85,85,0,0,0,0
87,83,3,378,378,0,0,378,378,0,0
87,84,2,53,53,43,43,10,10,0,0
87,85,4.34,942,942,942,942,0,0,0,0
87,86,4.64,720,720,692,692,28,28,0,0
87,87,1.93,150,150,143,143,7,7,0,0
87,88,2,258,258,235,235,23,23,0,0
87,91,1,42,42,42,42,0,0,0,0
87,94,1.19,37,37,0,0,37,37,0,0
87,96,1,30,30,0,0,30,30,0,0
87,100,1.55,70,70,47,47,23,23,0,0
87,101,3.02,67,67,36,36,31,31,0,0
87,102,0.9,19,19,0,0,19,19,0,0
87,103,1,29,29,0,0,29,29,0,0
87,104,1,8,8,0,0,8,8,0,0
87,105,2,142,142,135,135,7,7,0,0
87,106,1,45,45,45,45,0,0,0,0
87,107,1,214,214,0,0,214,214,0,0
87,108,2.29,2869,2869,0,0,2869,2869,0,0
87,109,0.52,4401,4401,0,0,4401,4401,0,0
87,110,1.2,2103,2103,0,0,2103,2103,0,0
87,112,1,93,93,93,93,0,0,0,0
87,113,1.21,181,181,178,178,3,3,0,0
87,114,0.48,7,7,0,0,7,7,0,0
87,115,3,38,38,0,0,38,38,26,26
87,116,2.09,72,72,66,66,6,6,0,0
87,117,1,72,72,0,0,72,72,72,72
87,118,1,32,32,0,0,32,32,0,0
87,124,1,14,14,0,0,14,14,14,14
87,127,1,19,19,0,0,19,19,19,19
88,3,0.08,60,60,60,60,0,0,0,0
88,4,1.92,764,764,764,764,0,0,0,0
88,11,1.13,30,30,9,9,21,21,0,0
88,12,2,32,32,0,0,32,32,0,0
88,13,5,188,188,135,135,53,53,0,0
88,14,3,217,217,176,176,41,41,0,0
88,15,1.2,126,126,126,126,0,0,0,0
88,16,1,77,77,77,77,0,0,0,0
88,17,2.08,137,137,120,120,17,17,0,0
88,18,1,98,98,98,98,0,0,0,0
88,33,1,36,36,36,36,0,0,0,0
88,34,0.69,40,40,34,34,6,6,0,0
88,35,7.93,1161,1161,1073,1073,88,88,0,0
88,59,1,37,37,37,37,0,0,0,0
88,63,2,47,47,0,0,47,47,0,0
88,65,0.27,66,66,66,66,0,0,0,0
88,67,0.48,13,13,0,0,13,13,0,0
88,68,3.49,1247,1247,1247,1247,0,0,0,0
88,69,6.36,3298,3298,2918,2918,127,127,0,0
88,70,8.66,3897,3897,3897,3897,0,0,0,0
88,71,4.09,3070,3070,3070,3070,0,0,0,0
88,72,6.57,4082,4082,3987,3987,32,32,0,0
88,73,4.59,4184,4184,4148,4148,36,36,0,0
88,74,0.86,143,143,116,116,26,26,0,0
88,75,2.91,3830,3830,3042,3042,788,788,788,788
88,76,4.67,5607,5607,5558,5558,7,7,49,49
88,77,2.83,6761,6761,6729,6729,0,0,33,33
88,78,7.01,3799,3799,3141,3141,0,0,658,658
88,79,5.88,3708,3708,3708,3708,0,0,0,0
88,80,3.59,3314,3314,3314,3314,0,0,0,0
88,81,3.79,1567,1567,1567,1567,0,0,0,0
88,82,2,67,67,63,63,4,4,0,0
88,83,0.32,61,61,61,61,0,0,0,0
88,84,3.26,209,209,128,128,21,21,61,61
88,85,0.02,6,6,6,6,0,0,0,0
88,87,0.07,10,10,10,10,0,0,0,0
88,88,2,147,147,140,140,7,7,0,0
88,92,0.01,0,0,0,0,0,0,0,0
88,94,4.81,160,160,115,115,45,45,0,0
88,95,2,53,53,38,38,14,14,14,14
88,96,4,140,140,100,100,41,41,0,0
88,97,1,17,17,0,0,17,17,0,0
88,98,0.23,189,189,189,189,0,0,0,0
88,99,1.09,84,84,69,69,15,15,0,0
88,100,0.45,38,38,38,38,0,0,0,0
88,101,1.74,1077,1077,1075,1075,2,2,0,0
88,102,3,62,62,0,0,62,62,0,0
88,103,1.45,55,55,25,25,29,29,0,0
88,105,1.47,834,834,834,834,0,0,0,0
88,107,1.84,849,849,0,0,849,849,0,0
88,108,0.21,546,546,0,0,546,546,0,0
88,109,0.22,1793,1793,0,0,1793,1793,0,0
88,110,2,483,483,457,457,26,26,0,0
88,112,1,45,45,45,45,0,0,0,0
88,113,1.1,39,39,38,38,1,1,0,0
88,114,1.21,36,36,0,0,36,36,0,0
88,115,3,131,131,79,79,52,52,0,0
88,116,2.91,408,408,408,408,0,0,0,0
88,119,2,107,107,79,79,27,27,0,0
88,121,1,26,26,0,0,26,26,0,0
88,123,1,9,9,0,0,9,9,9,9
88,126,1,31,31,0,0,31,31,0,0
89,11,1.87,77,77,62,62,15,15,0,0
89,12,4,184,184,184,184,0,0,0,0
89,13,1.92,153,153,153,153,0,0,0,0
89,14,2,358,358,358,358,0,0,0,0
89,15,1.8,199,199,199,199,0,0,0,0
89,16,2.03,53,53,2,2,51,51,0,0
89,17,1.97,77,77,51,51,26,26,0,0
89,18,1.97,48,48,0,0,48,48,0,0
89,19,0.03,1,1,0,0,1,1,0,0
89,29,0.84,318,318,318,318,0,0,0,0
89,31,1.75,76,76,43,43,33,33,0,0
89,32,3.25,209,209,209,209,0,0,0,0
89,33,1,27,27,0,0,27,27,0,0
89,34,2,107,107,107,107,0,0,0,0
89,35,2.38,229,229,229,229,0,0,0,0
89,39,2,50,50,0,0,50,50,0,0
89,53,2,286,286,286,286,0,0,0,0
89,54,0.98,183,183,183,183,0,0,0,0
89,55,1.02,139,139,139,139,0,0,0,0
89,61,2,216,216,47,47,75,75,0,0
89,63,1,31,31,0,0,31,31,0,0
89,64,1,55,55,55,55,0,0,0,0
89,67,0.52,15,15,0,0,15,15,0,0
89,68,1,233,233,233,233,0,0,0,0
89,69,4.36,1244,1244,1244,1244,0,0,0,0
89,70,4.88,1027,1027,1027,1027,0,0,0,0
89,71,4.62,1583,1583,1305,1305,93,93,0,0
89,72,5.62,1704,1704,1529,1529,59,59,0,0
89,73,6.1,3106,3106,3106,3106,0,0,0,0
89,74,1.86,3314,3314,3314,3314,0,0,0,0
89,75,2.85,4003,4003,2519,2519,1485,1485,1485,1485
89,76,2.79,5205,5205,4055,4055,1150,1150,344,344
89,77,7.95,5506,5506,5091,5091,0,0,415,415
89,78,5.43,5113,5113,5113,5113,0,0,0,0
89,79,7.21,4672,4672,4672,4672,0,0,0,0
89,80,3.74,4350,4350,4350,4350,0,0,0,0
89,81,3.24,1031,1031,812,812,73,73,0,0
89,83,1,176,176,176,176,0,0,0,0
89,84,3.3,54,54,0,0,54,54,0,0
89,85,2.12,91,91,57,57,33,33,0,0
89,89,1,4,4,0,0,4,4,4,4
89,90,1,12,12,0,0,12,12,0,0
89,92,1.9,29,29,0,0,29,29,0,0
89,93,1.08,22,22,0,0,22,22,0,0
89,94,1,22,22,0,0,22,22,0,0
89,95,3,32,32,0,0,32,32,0,0
89,96,2.55,99,99,67,67,32,32,0,0
89,97,1.74,32,32,0,0,32,32,0,0
89,98,7.31,673,673,589,589,83,83,0,0
89,99,3.37,156,156,127,127,29,29,0,0
89,101,1.35,562,562,553,553,10,10,0,0
89,102,1,32,32,0,0,32,32,0,0
89,103,0.55,30,30,30,30,0,0,0,0
89,105,1.82,958,958,958,958,0,0,0,0
89,107,1.95,90,90,0,0,90,90,0,0
89,109,1,23,23,0,0,23,23,0,0
89,112,1,139,139,139,139,0,0,0,0
89,114,6,130,130,75,75,55,55,0,0
89,117,1,31,31,0,0,31,31,0,0
89,118,2,75,75,70,70,5,5,0,0
89,119,1,26,26,0,0,26,26,0,0
89,120,1,55,55,55,55,0,0,0,0
89,124,1,16,16,0,0,16,16,16,16
89,126,1,33,33,0,0,33,33,0,0
90,2,1,37,37,37,37,0,0,0,0
90,12,2,184,184,184,184,0,0,0,0
90,13,2.08,355,355,355,355,0,0,0,0
90,14,1,63,63,63,63,0,0,0,0
90,16,3,258,258,229,229,29,29,0,0
90,18,1,15,15,0,0,15,15,0,0
90,19,1.2,28,28,0,0,28,28,0,0
90,20,0.8,26,26,0,0,26,26,0,0
90,28,0.42,184,184,0,0,184,184,0,0
90,29,2.16,172,172,60,60,113,113,113,113
90,32,1,162,162,162,162,0,0,0,0
90,33,1,283,283,283,283,0,0,0,0
90,34,3,158,158,82,82,76,76,76,76
90,35,3,140,140,112,112,28,28,0,0
90,41,0.65,19,19,0,0,19,19,0,0
90,42,0.61,89,89,79,79,10,10,0,0
90,57,0.22,8,8,8,8,0,0,0,0
90,58,2,89,89,89,89,0,0,0,0
90,59,1.02,51,51,51,51,0,0,0,0
90,60,0.98,142,142,142,142,0,0,0,0
90,63,1,6,6,0,0,6,6,0,0
90,67,2,107,107,94,94,13,13,0,0
90,68,4,287,287,267,267,20,20,0,0
90,69,2.35,192,192,192,192,0,0,0,0
90,70,4.05,466,466,466,466,0,0,0,0
90,71,4.11,747,747,747,747,0,0,0,0
90,72,1.15,108,108,108,108,0,0,0,0
90,73,0.26,132,132,132,132,0,0,0,0
90,74,7.25,3808,3808,3808,3808,0,0,0,0
90,75,6.67,4128,4128,4128,4128,0,0,0,0
90,76,3.63,5065,5065,5065,5065,0,0,0,0
90,77,2.55,4817,4817,4817,4817,0,0,0,0
90,78,6.52,4850,4850,4850,4850,0,0,0,0
90,79,6.25,3744,3744,3744,3744,0,0,0,0
90,80,5.11,3333,3333,3333,3333,0,0,0,0
90,81,2.33,1185,1185,1184,1184,0,0,0,0
90,82,1,21,21,0,0,21,21,0,0
90,83,1,16,16,0,0,16,16,0,0
90,84,2,96,96,77,77,19,19,0,0
90,85,0.4,5,5,0,0,5,5,0,0
90,86,2.6,704,704,682,682,22,22,0,0
90,87,1,11,11,0,0,11,11,0,0
90,88,2.12,147,147,113,113,34,34,0,0
90,89,0.22,46,46,46,46,0,0,0,0
90,91,5.61,419,419,389,389,30,30,0,0
90,92,0.39,56,56,56,56,0,0,0,0
90,95,1,7,7,0,0,7,7,0,0
90,96,1.71,47,47,40,40,7,7,0,0
90,97,2,37,37,0,0,37,37,0,0
90,101,1.42,2284,2284,2284,2284,0,0,0,0
90,102,0.67,191,191,191,191,0,0,0,0
90,103,0.82,68,68,68,68,0,0,0,0
90,104,2,129,129,96,96,33,33,33,33
90,105,0.69,48,48,48,48,0,0,0,0
90,106,0.02,1,1,1,1,0,0,0,0
90,107,3.05,141,141,0,0,141,141,0,0
90,108,1,39,39,39,39,0,0,0,0
90,110,1,16,16,0,0,16,16,0,0
90,111,2,41,41,0,0,41,41,0,0
90,113,3,136,136,115,115,21,21,0,0
90,114,1,30,30,0,0,30,30,0,0
90,115,1,13,13,0,0,13,13,13,13
90,116,1,43,43,43,43,0,0,0,0
90,123,2,45,45,37,37,8,8,8,8
90,126,1.6,112,112,0,0,112,112,112,112
91,9,3.87,589,589,567,567,22,22,0,0
91,12,1,6,6,0,0,6,6,0,0
91,15,0.93,12,12,0,0,12,12,0,0
91,16,1,71,71,71,71,0,0,0,0
91,20,1.62,19,19,0,0,19,19,0,0
91,21,0.38,9,9,0,0,9,9,0,0
91,28,2.58,544,544,0,0,544,544,0,0
91,36,0.12,13,13,13,13,0,0,0,0
91,37,1.35,183,183,183,183,0,0,0,0
91,40,0.2,20,20,17,17,3,3,0,0
91,41,1.48,109,109,6,6,98,98,0,0
91,42,2.72,1668,1668,579,579,363,363,0,0
91,56,4,379,379,379,379,0,0,0,0
91,57,2,83,83,71,71,12,12,0,0
91,58,1.78,97,97,75,75,21,21,0,0
91,62,2,35,35,0,0,35,35,0,0
91,63,1,50,50,0,0,50,50,50,50
91,64,2.83,158,158,136,136,22,22,0,0
91,65,0.17,14,14,14,14,0,0,0,0
91,66,2,51,51,39,39,13,13,0,0
91,67,4.56,273,273,273,273,0,0,0,0
91,68,3.44,281,281,281,281,0,0,0,0
91,69,1,65,65,65,65,0,0,0,0
91,71,3,61,61,0,0,61,61,0,0
91,72,1,11,11,0,0,11,11,0,0
91,73,3.47,1582,1582,1582,1582,0,0,0,0
91,74,5.68,4128,4128,4128,4128,0,0,0,0
91,75,5.33,3514,3514,3506,3506,8,8,0,0
91,76,3.61,4478,4478,2898,2898,1580,1580,0,0
91,77,4.3,3908,3908,3908,3908,0,0,0,0
91,78,5.14,3494,3494,3494,3494,0,0,0,0
91,79,4.55,4244,4244,4244,4244,0,0,0,0
91,80,3.93,3243,3243,3243,3243,0,0,0,0
91,81,5.12,1080,1080,1080,1080,0,0,0,0
91,82,3.1,202,202,47,47,73,73,0,0
91,83,0.05,9,9,2,2,2,2,0,0
91,84,2,392,392,392,392,0,0,0,0
91,85,2,198,198,170,170,28,28,0,0
91,86,1,66,66,66,66,0,0,0,0
91,87,0.38,87,87,87,87,0,0,0,0
91,88,1.27,75,75,55,55,20,20,0,0
91,89,2.41,127,127,109,109,19,19,13,13
91,90,3,130,130,110,110,20,20,0,0
91,91,5,81,81,0,0,81,81,13,13
91,93,2,182,182,182,182,0,0,0,0
91,95,1.07,295,295,69,69,87,87,0,0
91,96,0.4,1538,1538,384,384,384,384,0,0
91,97,2.65,229,229,229,229,0,0,0,0
91,98,4.35,528,528,489,489,39,39,0,0
91,100,0.99,79,79,79,79,0,0,0,0
91,101,0.01,1,1,1,1,0,0,0,0
91,103,5.3,113,113,60,60,53,53,0,0
91,106,3,547,547,547,547,0,0,0,0
91,111,1,12,12,0,0,12,12,0,0
91,112,1,28,28,0,0,28,28,0,0
91,113,2,110,110,78,78,31,31,0,0
91,115,2.13,122,122,101,101,21,21,0,0
91,116,0.43,31,31,31,31,0,0,0,0
91,118,2,60,60,44,44,16,16,0,0
91,119,0.87,123,123,123,123,0,0,0,0
91,121,1,19,19,0,0,19,19,0,0
91,122,0.09,6,6,6,6,0,0,0,0
91,123,1,10,10,0,0,10,10,0,0
91,124,0.37,28,28,28,28,0,0,0,0
91,125,0.63,47,47,47,47,0,0,0,0
91,126,0.56,34,34,0,0,34,34,30,30
91,127,0.84,18,18,0,0,18,18,0,0
92,9,2.13,203,203,179,179,24,24,0,0
92,12,1,58,58,58,58,0,0,0,0
92,14,2.9,338,338,328,328,11,11,0,0
92,15,0.17,32,32,31,31,1,1,0,0
92,20,1,37,37,37,37,0,0,0,0
92,32,1,11,11,0,0,11,11,0,0
92,36,0.88,94,94,94,94,0,0,0,0
92,37,2.65,321,321,321,321,0,0,0,0
92,39,0.73,265,265,0,0,265,265,0,0
92,40,3.07,705,705,245,245,461,461,0,0
92,41,5.38,1406,1406,1216,1216,144,144,0,0
92,42,2.38,211,211,211,211,0,0,0,0
92,43,0.62,15,15,0,0,15,15,0,0
92,52,0.99,196,196,196,196,0,0,0,0
92,53,5.14,747,747,723,723,23,23,0,0
92,54,0.09,42,42,42,42,0,0,0,0
92,57,0.37,16,16,16,16,0,0,0,0
92,59,1,7,7,0,0,7,7,0,0
92,61,2,129,129,97,97,32,32,0,0
92,62,1,32,32,0,0,32,32,0,0
92,63,4,136,136,38,38,97,97,0,0
92,64,1,128,128,128,128,0,0,0,0
92,65,1,85,85,85,85,0,0,0,0
92,66,2,190,190,168,168,22,22,0,0
92,69,3,165,165,144,144,21,21,0,0
92,70,3,622,622,608,608,13,13,0,0
92,71,3,92,92,63,63,29,29,0,0
92,72,1,63,63,63,63,0,0,0,0
92,73,5.29,1122,1122,1097,1097,24,24,24,24
92,74,5.49,3264,3264,3264,3264,0,0,0,0
92,75,5.16,3847,3847,3847,3847,0,0,0,0
92,76,4.92,3057,3057,2384,2384,673,673,0,0
92,77,5.87,2322,2322,2322,2322,0,0,0,0
92,78,1.22,688,688,688,688,0,0,0,0
92,79,4.43,3073,3073,3073,3073,0,0,0,0
92,80,3.05,1850,1850,1850,1850,0,0,0,0
92,81,1.36,172,172,172,172,0,0,0,0
92,82,2.74,997,997,292,292,705,705,0,0
92,83,1,36,36,36,36,0,0,0,0
92,84,1.67,503,503,488,488,15,15,0,0
92,85,1.33,278,278,278,278,0,0,0,0
92,87,1.66,314,314,291,291,23,23,0,0
92,88,1.94,310,310,289,289,20,20,0,0
92,89,3,71,71,37,37,34,34,0,0
92,91,6,105,105,43,43,63,63,0,0
92,93,0.86,185,185,185,185,0,0,0,0
92,94,1,27,27,0,0,27,27,0,0
92,95,1.11,441,441,108,108,118,118,0,0
92,96,0.41,1590,1590,397,397,397,397,0,0
92,97,2.01,265,265,174,174,90,90,0,0
92,98,1.42,3161,3161,3,3,3158,3158,0,0
92,99,0.31,783,783,0,0,783,783,0,0
92,101,3,229,229,229,229,0,0,0,0
92,103,2.8,145,145,145,145,0,0,0,0
92,104,2,25,25,0,0,25,25,14,14
92,109,1,34,34,0,0,34,34,0,0
92,110,2,52,52,0,0,52,52,0,0
92,111,4,201,201,142,142,58,58,0,0
92,113,1,6,6,0,0,6,6,0,0
92,114,1,82,82,82,82,0,0,0,0
92,115,1.01,13,13,0,0,13,13,0,0
92,116,1.43,41,41,31,31,10,10,0,0
92,117,2,81,81,56,56,25,25,0,0
92,118,2.84,124,124,87,87,37,37,0,0
92,119,4.29,398,398,342,342,57,57,0,0
92,120,1,136,136,34,34,34,34,0,0
92,121,0.01,1,1,1,1,0,0,0,0
92,122,1.9,126,126,126,126,0,0,0,0
92,124,1,17,17,0,0,17,17,0,0
92,127,2.47,99,99,70,70,29,29,0,0
93,11,1.81,107,107,107,107,0,0,0,0
93,12,4.19,247,247,107,107,70,70,0,0
93,27,1.52,69,69,62,62,7,7,0,0
93,28,1.35,14,14,0,0,14,14,0,0
93,29,0.13,11,11,10,10,1,1,0,0
93,30,4,173,173,124,124,49,49,0,0
93,39,1,165,165,165,165,0,0,0,0
93,41,0.15,7,7,7,7,0,0,0,0
93,42,2.62,223,223,223,223,0,0,0,0
93,43,1.59,246,246,189,189,25,25,0,0
93,44,0.79,243,243,61,61,61,61,0,0
93,46,0.02,3,3,3,3,0,0,0,0
93,53,1.78,394,394,394,394,0,0,0,0
93,57,0.63,28,28,28,28,0,0,0,0
93,59,2,48,48,0,0,48,48,0,0
93,60,3.64,349,349,336,336,14,14,0,0
93,62,3,198,198,176,176,22,22,0,0
93,63,0.71,12,12,0,0,12,12,0,0
93,64,1,100,100,100,100,0,0,0,0
93,65,2,128,128,128,128,0,0,0,0
93,66,2.02,63,63,4,4,59,59,0,0
93,67,3,234,234,234,234,0,0,0,0
93,70,6,220,220,112,112,108,108,22,22
93,71,1,64,64,64,64,0,0,0,0
93,73,2.2,824,824,824,824,0,0,0,0
93,74,4.84,2379,2379,2379,2379,0,0,0,0
93,75,6.48,2348,2348,2348,2348,0,0,0,0
93,76,2.8,4141,4141,4141,4141,0,0,0,0
93,77,6.38,4146,4146,3968,3968,177,177,0,0
93,78,6.25,3492,3492,2858,2858,578,578,55,55
93,79,5.12,2216,2216,1830,1830,386,386,0,0
93,80,5.86,2410,2410,1297,1297,1113,1113,0,0
93,81,2.27,429,429,429,429,0,0,0,0
93,82,1.54,495,495,495,495,0,0,0,0
93,84,2.16,66,66,52,52,13,13,0,0
93,85,0.84,25,25,0,0,25,25,0,0
93,88,2,492,492,481,481,11,11,0,0
93,89,2,50,50,46,46,4,4,0,0
93,90,2,38,38,0,0,38,38,0,0
93,91,4,68,68,0,0,68,68,0,0
93,92,1.32,15,15,0,0,15,15,0,0
93,93,4.82,138,138,30,30,107,107,13,13
93,96,0.51,715,715,0,0,715,715,0,0
93,97,3.23,1804,1804,415,415,682,682,0,0
93,98,1.26,580,580,58,58,522,522,0,0
93,100,1,12,12,0,0,12,12,12,12
93,101,2.02,22,22,0,0,22,22,10,10
93,102,0.98,30,30,0,0,30,30,0,0
93,103,3,83,83,36,36,47,47,0,0
93,106,4,197,197,151,151,47,47,0,0
93,111,3,75,75,58,58,18,18,0,0
93,113,5,92,92,0,0,92,92,40,40
93,114,0.21,6,6,0,0,6,6,0,0
93,115,2.79,137,137,114,114,23,23,0,0
93,117,0.45,11,11,0,0,11,11,0,0
93,118,1.55,82,82,69,69,13,13,0,0
93,119,5,186,186,88,88,98,98,14,14
93,120,1.01,64,64,64,64,0,0,0,0
93,121,1.99,172,172,172,172,0,0,0,0
93,126,0.94,40,40,0,0,40,40,40,40
93,127,0.59,30,30,28,28,2,2,2,2
94,1,1.95,987,987,987,987,0,0,0,0
94,10,1.62,176,176,176,176,0,0,0,0
94,11,3.37,283,283,263,263,20,20,0,0
94,12,3,158,158,127,127,31,31,0,0
94,14,1,125,125,125,125,0,0,0,0
94,15,1,178,178,44,44,44,44,0,0
94,27,1,16,16,0,0,16,16,0,0
94,28,5.84,194,194,125,125,69,69,0,0
94,29,1.94,168,168,147,147,21,21,0,0
94,37,3,393,393,290,290,34,34,0,0
94,38,1,154,154,39,39,39,39,0,0
94,42,1,72,72,72,72,0,0,0,0
94,45,4.57,2285,2285,0,0,2285,2285,0,0
94,46,1.63,177,177,120,120,58,58,0,0
94,56,1,31,31,0,0,31,31,0,0
94,59,3,224,224,202,202,21,21,0,0
94,60,3.29,278,278,261,261,18,18,0,0
94,61,0.36,26,26,25,25,1,1,0,0
94,62,0.71,60,60,60,60,0,0,0,0
94,63,2.19,97,97,61,61,36,36,0,0
94,64,0.09,6,6,6,6,0,0,0,0
94,66,0.98,200,200,200,200,0,0,0,0
94,69,3.28,135,135,95,95,40,40,19,19
94,70,3,304,304,298,298,7,7,0,0
94,71,3,95,95,57,57,38,38,0,0
94,72,1,27,27,0,0,27,27,0,0
94,73,4,184,184,184,184,0,0,0,0
94,74,0.46,511,511,511,511,0,0,0,0
94,75,7.2,2117,2117,2117,2117,0,0,0,0
94,76,4.29,1541,1541,1541,1541,0,0,0,0
94,77,4.94,1806,1806,1804,1804,2,2,0,0
94,78,3.57,1788,1788,1500,1500,288,288,0,0
94,79,1.12,194,194,194,194,0,0,0,0
94,80,2.53,439,439,166,166,273,273,0,0
94,87,1,197,197,197,197,0,0,0,0
94,88,0.11,148,148,0,0,148,148,0,0
94,89,1.91,1692,1692,0,0,1692,1692,0,0
94,90,0.63,551,551,8,8,543,543,0,0
94,91,0.84,42,42,42,42,0,0,0,0
94,92,1,7,7,0,0,7,7,0,0
94,97,0.26,370,370,0,0,370,370,0,0
94,102,4,59,59,0,0,59,59,0,0
94,103,1,23,23,0,0,23,23,0,0
94,104,1,44,44,44,44,0,0,0,0
94,106,1,64,64,64,64,0,0,0,0
94,107,1,13,13,0,0,13,13,13,13
94,108,3,81,81,41,41,40,40,0,0
94,110,1.98,152,152,152,152,0,0,0,0
94,111,0.02,1,1,1,1,0,0,0,0
94,112,1,23,23,0,0,23,23,0,0
94,113,1.69,78,78,50,50,28,28,0,0
94,114,2.31,75,75,61,61,14,14,14,14
94,115,1,13,13,0,0,13,13,0,0
94,117,1,372,372,372,372,0,0,0,0
94,118,3,272,272,267,267,5,5,0,0
94,119,2,51,51,43,43,8,8,0,0
94,121,1,22,22,0,0,22,22,0,0
94,123,1,68,68,17,17,17,17,0,0
94,124,1,165,165,0,0,0,0,165,165
94,126,1,12,12,0,0,12,12,12,12
95,0,6.3,1323,1323,1195,1195,43,43,0,0
95,1,1.67,965,965,965,965,0,0,0,0
95,4,2,167,167,167,167,0,0,0,0
95,10,1.8,127,127,107,107,21,21,0,0
95,11,5.16,376,376,218,218,98,98,0,0
95,12,0.06,6,6,6,6,0,0,0,0
95,13,1.94,187,187,187,187,0,0,0,0
95,14,1,59,59,59,59,0,0,0,0
95,15,2.55,353,353,353,353,0,0,0,0
95,27,2,55,55,0,0,55,55,0,0
95,28,1.23,82,82,74,74,8,8,0,0
95,29,1,17,17,0,0,17,17,0,0
95,30,1,23,23,0,0,23,23,0,0
95,44,2.27,1403,1403,1403,1403,0,0,0,0
95,45,4.57,1758,1758,742,742,1016,1016,0,0
95,46,1.3,120,120,0,0,120,120,0,0
95,60,2,100,100,77,77,23,23,23,23
95,62,1.32,49,49,28,28,21,21,0,0
95,63,1,27,27,0,0,27,27,0,0
95,65,2,74,74,61,61,13,13,0,0
95,66,3,81,81,39,39,42,42,0,0
95,69,0.72,59,59,59,59,0,0,0,0
95,70,2,49,49,0,0,49,49,0,0
95,71,2,51,51,0,0,51,51,0,0
95,72,2,23,23,0,0,23,23,0,0
95,73,4.74,486,486,486,486,0,0,0,0
95,74,0.14,1,1,0,0,1,1,1,1
95,75,3.86,54,54,13,13,41,41,9,9
95,76,4.23,2415,2415,2246,2246,56,56,0,0
95,77,4.31,1761,1761,1637,1637,42,42,0,0
95,78,1,99,99,99,99,0,0,0,0
95,79,4.6,762,762,762,762,0,0,0,0
95,80,0.41,99,99,99,99,0,0,0,0
95,81,2.04,197,197,172,172,25,25,0,0
95,85,1,23,23,0,0,23,23,0,0
95,87,3.01,2386,2386,85,85,2301,2301,0,0
95,88,3.03,1854,1854,272,272,1582,1582,0,0
95,89,1.49,2949,2949,0,0,2949,2949,0,0
95,90,4.81,2624,2624,0,0,2624,2624,18,18
95,94,3,225,225,210,210,14,14,0,0
95,96,1,12,12,0,0,12,12,0,0
95,101,3,55,55,41,41,14,14,0,0
95,102,5,98,98,41,41,57,57,37,37
95,103,1,33,33,0,0,33,33,0,0
95,108,3.54,130,130,98,98,32,32,0,0
95,109,2,17,17,0,0,17,17,0,0
95,110,2,47,47,0,0,47,47,0,0
95,112,1,25,25,0,0,25,25,0,0
95,113,1.62,82,82,67,67,15,15,0,0
95,114,1.38,68,68,42,42,26,26,0,0
95,115,2,57,57,44,44,14,14,0,0
95,116,1,89,89,89,89,0,0,0,0
95,117,2,124,124,113,113,10,10,0,0
95,118,1.81,338,338,338,338,0,0,0,0
95,119,1.19,96,96,96,96,0,0,0,0
96,0,0.58,202,202,202,202,0,0,0,0
96,1,0.5,180,180,180,180,0,0,0,0
96,3,1,20,20,0,0,20,20,0,0
96,10,1,120,120,120,120,0,0,0,0
96,11,1.05,65,65,60,60,2,2,0,0
96,15,0.45,22,22,22,22,0,0,0,0
96,25,1.35,29,29,0,0,29,29,0,0
96,27,1,30,30,0,0,30,30,0,0
96,28,4.97,214,214,188,188,26,26,0,0
96,29,1.97,46,46,36,36,10,10,0,0
96,30,2.06,97,97,65,65,32,32,0,0
96,37,0.05,7,7,7,7,0,0,0,0
96,38,0.95,144,144,144,144,0,0,0,0
96,44,0.27,118,118,118,118,0,0,0,0
96,45,0.36,48,48,43,43,6,6,0,0
96,59,3,154,154,107,107,47,47,0,0
96,62,3.41,112,112,59,59,53,53,0,0
96,63,0.26,5,5,0,0,5,5,0,0
96,65,4.99,212,212,78,78,134,134,67,67
96,66,1.01,15,15,0,0,15,15,0,0
96,67,2,131,131,106,106,25,25,0,0
96,69,1,30,30,0,0,30,30,0,0
96,70,1,35,35,0,0,35,35,0,0
96,71,2.18,336,336,113,113,77,77,0,0
96,72,5,251,251,232,232,19,19,0,0
96,73,1.26,177,177,177,177,0,0,0,0
96,74,1,292,292,292,292,0,0,0,0
96,75,1,33,33,0,0,33,33,0,0
96,76,3,587,587,435,435,51,51,0,0
96,79,0.12,5,5,5,5,0,0,0,0
96,80,1.05,59,59,59,59,0,0,0,0
96,81,5.84,248,248,195,195,52,52,0,0
96,83,3,38,38,0,0,38,38,10,10
96,86,1,591,591,0,0,591,591,0,0
96,87,1.05,2315,2315,0,0,2315,2315,0,0
96,88,1.13,2031,2031,0,0,2031,2031,0,0
96,89,0.83,1626,1626,0,0,1626,1626,0,0
96,90,1.9,637,637,637,637,0,0,0,0
96,91,1.48,93,93,66,66,26,26,0,0
96,92,2,67,67,40,40,27,27,0,0
96,93,2,122,122,122,122,0,0,0,0
96,94,1,53,53,53,53,0,0,0,0
96,97,2,20,20,0,0,20,20,0,0
96,98,1,49,49,49,49,0,0,0,0
96,100,1,23,23,0,0,23,23,0,0
96,101,1,35,35,35,35,0,0,0,0
96,102,2,86,86,86,86,0,0,0,0
96,104,2,175,175,153,153,22,22,0,0
96,108,1.46,17,17,0,0,17,17,0,0
96,109,1,99,99,99,99,0,0,0,0
96,111,1.05,15,15,0,0,15,15,0,0
96,112,1.26,40,40,12,12,28,28,0,0
96,113,0.73,32,32,32,32,0,0,0,0
96,116,2,60,60,53,53,6,6,0,0
96,117,2,118,118,118,118,0,0,0,0
96,118,3.89,135,135,117,117,18,18,0,0
96,119,1.14,207,207,207,207,0,0,0,0
96,120,1.97,57,57,38,38,19,19,19,19
96,121,2,226,226,226,226,0,0,0,0
96,124,0.71,281,281,281,281,0,0,0,0
96,125,1.29,243,243,243,243,0,0,0,0
96,126,1,171,171,171,171,0,0,0,0
97,10,1,97,97,97,97,0,0,0,0
97,11,6.85,564,564,544,544,20,20,0,0
97,12,0.6,59,59,59,59,0,0,0,0
97,20,1,9,9,0,0,9,9,0,0
97,24,1,4,4,0,0,4,4,0,0
97,25,0.65,16,16,0,0,16,16,0,0
97,26,1,6,6,0,0,6,6,0,0
97,37,1,360,360,360,360,0,0,0,0
97,38,2.85,347,347,347,347,0,0,0,0
97,39,3.43,356,356,356,356,0,0,0,0
97,55,1,212,212,0,0,212,212,0,0
97,58,0.56,39,39,39,39,0,0,0,0
97,59,0.44,31,31,31,31,0,0,0,0
97,60,1,13,13,0,0,13,13,0,0
97,65,1.99,41,41,0,0,40,40,0,0
97,66,2,22,22,0,0,22,22,0,0
97,67,1.03,85,85,85,85,0,0,0,0
97,68,1.27,8,8,0,0,8,8,0,0
97,69,1,146,146,146,146,0,0,0,0
97,70,2,49,49,0,0,49,49,0,0
97,71,0.82,23,23,0,0,23,23,0,0
97,72,1.35,94,94,62,62,33,33,0,0
97,73,1.65,165,165,165,165,0,0,0,0
97,74,1,11,11,0,0,11,11,0,0
97,75,1,234,234,234,234,0,0,0,0
97,76,1,8,8,0,0,8,8,0,0
97,77,1,16,16,0,0,16,16,0,0
97,79,1.51,81,81,81,81,0,0,0,0
97,80,0.33,14,14,14,14,0,0,0,0
97,81,1.12,16,16,0,0,16,16,0,0
97,82,2.55,302,302,302,302,0,0,0,0
97,84,1,18,18,0,0,18,18,17,17
97,85,1.32,1618,1618,0,0,1618,1618,0,0
97,86,1.14,1383,1383,0,0,1383,1383,0,0
97,87,0.86,1204,1204,0,0,1204,1204,0,0
97,88,0.06,166,166,0,0,166,166,0,0
97,90,2,179,179,168,168,12,12,12,12
97,91,0.62,15,15,0,0,15,15,0,0
97,92,1,48,48,48,48,0,0,0,0
97,94,0.14,14,14,14,14,0,0,0,0
97,96,1.94,123,123,74,74,48,48,48,48
97,97,0.06,5,5,5,5,0,0,0,0
97,98,3.15,37,37,0,0,37,37,3,3
97,99,1.96,148,148,148,148,0,0,0,0
97,101,2,29,29,0,0,29,29,0,0
97,102,1,17,17,0,0,17,17,17,17
97,104,1,12,12,0,0,12,12,0,0
97,108,1,16,16,0,0,16,16,0,0
97,109,1,21,21,0,0,21,21,0,0
97,111,0.96,10,10,0,0,10,10,0,0
97,114,1.74,50,50,34,34,16,16,0,0
97,116,2.4,83,83,37,37,46,46,0,0
97,117,0.66,62,62,62,62,0,0,0,0
97,120,0.34,17,17,17,17,0,0,0,0
97,121,1.66,65,65,32,32,33,33,0,0
97,127,1,9,9,0,0,9,9,0,0
98,8,1.05,75,75,74,74,0,0,0,0
98,9,1,141,141,141,141,0,0,0,0
98,10,0.69,242,242,242,242,0,0,0,0
98,11,1.86,203,203,203,203,0,0,0,0
98,12,0.23,78,78,78,78,0,0,0,0
98,21,2.03,187,187,0,0,187,187,0,0
98,22,1.97,1995,1995,0,0,1995,1995,0,0
98,23,1,26,26,0,0,26,26,0,0
98,24,3,45,45,0,0,45,45,0,0
98,26,0.87,18,18,0,0,18,18,0,0
98,27,0.13,3,3,0,0,3,3,0,0
98,29,0.28,11,11,11,11,0,0,0,0
98,30,0.72,28,28,28,28,0,0,0,0
98,37,3,188,188,173,173,15,15,0,0
98,38,1.98,223,223,223,223,0,0,0,0
98,39,0.74,180,180,180,180,0,0,0,0
98,50,1.99,96,96,66,66,30,30,0,0
98,51,0.01,1,1,1,1,0,0,0,0
98,54,0.44,88,88,0,0,88,88,0,0
98,58,1,16,16,0,0,16,16,0,0
98,60,1,164,164,164,164,0,0,0,0
98,65,0.43,11,11,0,0,11,11,0,0
98,66,2.57,171,171,156,156,15,15,0,0
98,67,1.54,103,103,17,17,51,51,0,0
98,68,5.88,267,267,206,206,61,61,0,0
98,69,2,123,123,123,123,0,0,0,0
98,70,1.46,142,142,142,142,0,0,0,0
98,71,2.57,198,198,198,198,0,0,0,0
98,72,3,266,266,250,250,16,16,0,0
98,73,4,137,137,87,87,37,37,0,0
98,74,2,94,94,94,94,0,0,0,0
98,75,2,42,42,0,0,42,42,0,0
98,76,1,33,33,0,0,33,33,0,0
98,78,3,128,128,119,119,10,10,0,0
98,79,1,11,11,0,0,11,11,0,0
98,82,1.45,85,85,71,71,14,14,14,14
98,85,1.36,731,731,0,0,731,731,0,0
98,86,0.42,676,676,0,0,676,676,0,0
98,87,1.71,1833,1833,0,0,1833,1833,0,0
98,89,2.98,57,57,0,0,57,57,17,17
98,90,0.02,0,0,0,0,0,0,0,0
98,92,1,14,14,0,0,14,14,14,14
98,94,0.86,89,89,89,89,0,0,0,0
98,95,2,121,121,121,121,0,0,0,0
98,96,0.98,15,15,0,0,15,15,0,0
98,98,5.85,123,123,0,0,123,123,31,31
98,99,0.04,3,3,3,3,0,0,0,0
98,100,3,117,117,102,102,15,15,0,0
98,102,1,42,42,42,42,0,0,0,0
98,105,2,161,161,161,161,0,0,0,0
98,111,3,105,105,89,89,16,16,16,16
98,114,0.26,12,12,12,12,0,0,0,0
98,115,1,31,31,0,0,31,31,0,0
98,116,1,58,58,58,58,0,0,0,0
98,117,1.94,159,159,159,159,0,0,0,0
98,119,1,10,10,0,0,10,10,0,0
98,121,1,95,95,95,95,0,0,0,0
98,122,1,32,32,0,0,32,32,0,0
98,124,1,36,36,0,0,36,36,36,36
99,0,1,18,18,0,0,18,18,0,0
99,7,0.95,135,135,135,135,0,0,0,0
99,8,4,102,102,59,59,43,43,0,0
99,9,2.46,45,45,0,0,45,45,0,0
99,10,0.54,13,13,0,0,13,13,0,0
99,12,4.73,462,462,447,447,15,15,0,0
99,21,2,204,204,204,204,0,0,0,0
99,24,1,20,20,0,0,20,20,0,0
99,25,1,22,22,0,0,22,22,0,0
99,27,3,119,119,95,95,23,23,0,0
99,34,1.53,502,502,502,502,0,0,0,0
99,39,0.99,90,90,90,90,0,0,0,0
99,53,0.43,383,383,0,0,383,383,0,0
99,54,0.87,384,384,0,0,384,384,0,0
99,60,1,9,9,0,0,9,9,0,0
99,63,0.33,98,98,98,98,0,0,0,0
99,64,0.01,4,4,4,4,0,0,0,0
99,66,5.1,473,473,421,421,52,52,0,0
99,67,0.5,64,64,19,19,15,15,0,0
99,68,0.85,13,13,0,0,13,13,0,0
99,69,2,217,217,85,85,44,44,0,0
99,70,2.79,428,428,428,428,0,0,0,0
99,71,2.19,99,99,41,41,58,58,0,0
99,72,0.01,0,0,0,0,0,0,0,0
99,73,1.99,43,43,0,0,43,43,0,0
99,75,2.83,73,73,0,0,73,73,0,0
99,77,2,50,50,36,36,14,14,0,0
99,78,1,16,16,0,0,16,16,0,0
99,79,1,41,41,41,41,0,0,0,0
99,80,3,107,107,81,81,27,27,0,0
99,81,3.05,330,330,228,228,102,102,0,0
99,82,0.36,623,623,0,0,623,623,0,0
99,86,2,21,21,0,0,21,21,10,10
99,87,1.29,757,757,0,0,757,757,15,15
99,89,1,28,28,0,0,28,28,0,0
99,90,2,63,63,39,39,23,23,23,23
99,92,2,53,53,0,0,53,53,30,30
99,93,2,74,74,0,0,74,74,60,60
99,96,4.02,98,98,48,48,50,50,0,0
99,98,3,39,39,0,0,39,39,18,18
99,101,0.86,17,17,0,0,17,17,0,0
99,102,2.14,83,83,52,52,31,31,0,0
99,104,2,198,198,184,184,14,14,0,0
99,107,1,24,24,0,0,24,24,0,0
99,108,1,38,38,0,0,38,38,0,0
99,109,2.39,75,75,43,43,32,32,20,20
99,110,1,42,42,42,42,0,0,0,0
99,111,0.74,15,15,0,0,15,15,15,15
99,112,1,22,22,0,0,22,22,0,0
99,114,1,22,22,0,0,22,22,22,22
99,116,2,168,168,149,149,20,20,0,0
99,118,1,14,14,0,0,14,14,0,0
99,119,1,45,45,45,45,0,0,0,0
99,120,1,20,20,0,0,20,20,0,0
99,121,3,69,69,0,0,69,69,0,0
99,122,1,98,98,98,98,0,0,0,0
100,3,1,12,12,0,0,12,12,0,0
100,4,4.69,620,620,572,572,48,48,0,0
100,5,3,152,152,94,94,58,58,0,0
100,8,1.18,106,106,106,106,0,0,0,0
100,9,3.82,284,284,234,234,50,50,0,0
100,10,3.03,321,321,262,262,60,60,0,0
100,11,0.35,656,656,0,0,656,656,0,0
100,12,0.04,3,3,3,3,0,0,0,0
100,21,1,8,8,0,0,8,8,0,0
100,22,1,23,23,0,0,23,23,0,0
100,23,1.37,24,24,16,16,9,9,0,0
100,24,1.63,32,32,26,26,5,5,0,0
100,27,1,72,72,72,72,0,0,0,0
100,30,3,57,57,0,0,57,57,0,0
100,34,1.47,491,491,491,491,0,0,0,0
100,53,0.62,7,7,0,0,7,7,0,0
100,54,0.63,227,227,0,0,227,227,0,0
100,55,1,81,81,0,0,81,81,0,0
100,61,0.19,5,5,0,0,5,5,0,0
100,62,1.28,28,28,0,0,28,28,0,0
100,63,1.72,259,259,243,243,16,16,0,0
100,64,0.66,123,123,123,123,0,0,0,0
100,65,2,74,74,47,47,27,27,27,27
100,66,0.86,211,211,211,211,0,0,0,0
100,67,0.1,13,13,13,13,0,0,0,0
100,68,3.03,272,272,170,170,49,49,0,0
100,70,1.93,105,105,25,25,30,30,0,0
100,71,3.07,180,180,162,162,15,15,0,0
100,73,2,106,106,93,93,13,13,0,0
100,74,1,11,11,0,0,11,11,0,0
100,75,2.17,79,79,43,43,35,35,0,0
100,76,2,21,21,0,0,21,21,0,0
100,77,1,12,12,0,0,12,12,0,0
100,78,2,102,102,102,102,0,0,0,0
100,79,0.41,69,69,69,69,0,0,0,0
100,80,2.59,235,235,235,235,0,0,0,0
100,81,0.04,75,75,0,0,75,75,0,0
100,82,1.55,964,964,0,0,964,964,0,0
100,83,0.7,90,90,90,90,0,0,0,0
100,84,4,56,56,0,0,56,56,0,0
100,87,1.19,21,21,0,0,21,21,0,0
100,88,2.81,83,83,43,43,41,41,0,0
100,90,2,31,31,0,0,31,31,0,0
100,91,2,66,66,54,54,12,12,0,0
100,92,2,68,68,0,0,68,68,68,68
100,93,1,45,45,45,45,0,0,0,0
100,94,2.92,82,82,69,69,14,14,8,8
100,97,1.52,66,66,54,54,13,13,0,0
100,99,1,12,12,0,0,12,12,12,12
100,100,4,187,187,112,112,54,54,43,43
100,101,2,130,130,58,58,72,72,72,72
100,103,1,15,15,0,0,15,15,0,0
100,104,1,21,21,0,0,21,21,21,21
100,106,0.54,5,5,0,0,5,5,0,0
100,107,0.46,4,4,0,0,4,4,0,0
100,109,0.61,67,67,67,67,0,0,0,0
100,111,0.26,5,5,0,0,5,5,5,5
100,112,1.1,76,76,0,0,76,76,0,0
100,113,1.9,834,834,193,193,641,641,0,0
100,115,2,129,129,129,129,0,0,0,0
100,116,1,5,5,0,0,5,5,0,0
100,117,0.19,27,27,27,27,0,0,0,0
100,118,3,60,60,0,0,60,60,0,0
100,119,1,27,27,0,0,27,27,27,27
100,122,1,45,45,45,45,0,0,0,0
100,123,2,74,74,49,49,25,25,0,0
100,125,1,8,8,0,0,8,8,0,0
101,3,1.59,92,92,70,70,22,22,0,0
101,4,5.28,521,521,514,514,7,7,0,0
101,5,4.29,353,353,340,340,14,14,0,0
101,6,0.89,67,67,67,67,0,0,0,0
101,7,1.1,18,18,7,7,11,11,0,0
101,9,1,211,211,211,211,0,0,0,0
101,10,4.19,868,868,459,459,409,409,0,0
101,11,1.43,830,830,0,0,830,830,0,0
101,17,2,50,50,0,0,50,50,0,0
101,18,2,20,20,0,0,20,20,0,0
101,22,1.51,80,80,80,80,0,0,0,0
101,23,0.49,19,19,19,19,0,0,0,0
101,25,2,61,61,44,44,17,17,0,0
101,26,2,30,30,0,0,30,30,0,0
101,29,1,180,180,45,45,45,45,0,0
101,31,2,125,125,113,113,13,13,0,0
101,34,2.68,152,152,152,152,0,0,0,0
101,35,0.32,21,21,21,21,0,0,0,0
101,52,1,208,208,0,0,208,208,0,0
101,53,1,114,114,0,0,114,114,0,0
101,56,1,2587,2587,0,0,2587,2587,0,0
101,59,1,62,62,0,0,62,62,0,0
101,60,2.35,291,291,0,0,291,291,0,0
101,61,0.81,20,20,0,0,20,20,0,0
101,62,2,116,116,116,116,0,0,0,0
101,63,2,56,56,38,38,18,18,0,0
101,66,0.14,8,8,8,8,0,0,0,0
101,67,1.84,97,97,85,85,12,12,0,0
101,68,1.2,253,253,253,253,0,0,0,0
101,70,1,229,229,229,229,0,0,0,0
101,71,2,78,78,69,69,9,9,0,0
101,72,1,17,17,0,0,17,17,0,0
101,73,1.13,23,23,6,6,18,18,0,0
101,74,1.87,89,89,89,89,0,0,0,0
101,75,3.57,175,175,165,165,10,10,0,0
101,76,1,19,19,0,0,19,19,0,0
101,77,2,38,38,0,0,38,38,0,0
101,79,3,97,97,60,60,37,37,0,0
101,80,2,343,343,343,343,0,0,0,0
101,81,2.47,391,391,66,66,325,325,0,0
101,82,2.79,1611,1611,56,56,1556,1556,0,0
101,83,0.3,38,38,38,38,0,0,0,0
101,87,1,18,18,0,0,18,18,0,0
101,89,2,54,54,0,0,54,54,26,26
101,91,1,58,58,0,0,58,58,58,58
101,93,1,66,66,0,0,66,66,66,66
101,94,2.08,38,38,0,0,38,38,1,1
101,95,1,100,100,100,100,0,0,0,0
101,97,0.48,12,12,0,0,12,12,0,0
101,99,1,28,28,0,0,28,28,0,0
101,103,2,149,149,149,149,0,0,0,0
101,105,0.05,3,3,3,3,0,0,0,0
101,106,1.95,80,80,67,67,13,13,0,0
101,107,1,52,52,52,52,0,0,0,0
101,109,3,104,104,71,71,34,34,0,0
101,111,1,4,4,0,0,4,4,0,0
101,117,3.81,558,558,550,550,7,7,0,0
101,121,2.99,188,188,92,92,96,96,0,0
101,122,0.01,1,1,1,1,0,0,0,0
102,4,3.44,355,355,257,257,33,33,0,0
102,5,3.75,202,202,151,151,51,51,0,0
102,6,2.03,209,209,209,209,0,0,0,0
102,7,1.2,37,37,0,0,36,36,0,0
102,11,1,34,34,0,0,34,34,0,0
102,22,0.4,22,22,22,22,0,0,0,0
102,23,1.6,69,69,69,69,0,0,0,0
102,24,2.52,190,190,190,190,0,0,0,0
102,25,1.47,26,26,20,20,6,6,0,0
102,27,1,21,21,0,0,21,21,0,0
102,28,2,144,144,131,131,13,13,0,0
102,29,2.58,196,196,131,131,64,64,0,0
102,30,3.34,236,236,224,224,12,12,0,0
102,31,1.08,20,20,9,9,11,11,0,0
102,33,0.06,2,2,0,0,2,2,0,0
102,34,2.94,300,300,272,272,28,28,0,0
102,40,1,251,251,63,63,63,63,0,0
102,47,2.14,275,275,275,275,0,0,0,0
102,48,0.86,132,132,132,132,0,0,0,0
102,49,0.64,203,203,0,0,203,203,0,0
102,50,0.36,116,116,0,0,116,116,0,0
102,57,1,22,22,0,0,22,22,22,22
102,59,1,12,12,0,0,12,12,0,0
102,60,2.65,920,920,0,0,920,920,0,0
102,61,0.66,19,19,0,0,19,19,0,0
102,62,0.34,10,10,0,0,10,10,0,0
102,66,0.86,48,48,48,48,0,0,0,0
102,67,1.83,58,58,36,36,22,22,0,0
102,69,1,37,37,37,37,0,0,0,0
102,70,1,6,6,0,0,6,6,6,6
102,71,1,16,16,0,0,16,16,0,0
102,72,0.49,56,56,14,14,14,14,0,0
102,73,2.15,156,156,111,111,37,37,0,0
102,74,2.35,46,46,12,12,34,34,0,0
102,75,2.08,178,178,178,178,0,0,0,0
102,80,0.23,1069,1069,0,0,1069,1069,0,0
102,81,3.41,3350,3350,0,0,3350,3350,0,0
102,82,1.13,2292,2292,0,0,2292,2292,0,0
102,83,1.71,1115,1115,38,38,1077,1077,0,0
102,87,2,64,64,51,51,13,13,13,13
102,89,1,27,27,0,0,27,27,0,0
102,90,1,16,16,0,0,16,16,0,0
102,91,2,58,58,46,46,12,12,0,0
102,92,1,15,15,0,0,15,15,0,0
102,93,0.61,63,63,63,63,0,0,0,0
102,94,0.39,40,40,40,40,0,0,0,0
102,97,0.92,35,35,35,35,0,0,0,0
102,98,0.08,3,3,3,3,0,0,0,0
102,99,1,131,131,131,131,0,0,0,0
102,103,1,11,11,0,0,11,11,0,0
102,104,2,73,73,44,44,29,29,0,0
102,108,2,134,134,122,122,11,11,11,11
102,110,1,49,49,49,49,0,0,0,0
102,112,2,96,96,61,61,35,35,35,35
102,114,4,366,366,353,353,13,13,0,0
102,118,1,249,249,249,249,0,0,0,0
102,119,1,56,56,56,56,0,0,0,0
102,122,0.9,159,159,159,159,0,0,0,0
102,124,1,7,7,0,0,7,7,0,0
102,127,1,95,95,95,95,0,0,0,0
103,2,1,218,218,54,54,54,54,0,0
103,5,3.36,244,244,225,225,19,19,0,0
103,6,1.73,93,93,66,66,27,27,0,0
103,7,0.81,13,13,0,0,13,13,0,0
103,8,1,21,21,0,0,21,21,0,0
103,15,0.03,42,42,42,42,0,0,0,0
103,16,0.97,1484,1484,1484,1484,0,0,0,0
103,20,1,9,9,0,0,9,9,0,0
103,21,1,10,10,0,0,10,10,0,0
103,22,1,12,12,0,0,12,12,0,0
103,24,0.01,1,1,1,1,0,0,0,0
103,27,1,10,10,0,0,10,10,0,0
103,28,2.99,112,112,101,101,10,10,0,0
103,30,1,44,44,44,44,0,0,0,0
103,31,1,92,92,92,92,0,0,0,0
103,32,2,105,105,75,75,30,30,0,0
103,33,2,68,68,42,42,26,26,0,0
103,34,2,181,181,146,146,35,35,0,0
103,35,1,8,8,0,0,8,8,0,0
103,39,1,175,175,44,44,44,44,0,0
103,40,1.28,85,85,85,85,0,0,0,0
103,41,1,190,190,48,48,48,48,0,0
103,42,1,157,157,39,39,39,39,0,0
103,54,1,438,438,0,0,438,438,0,0
103,57,1.76,366,366,306,306,60,60,60,60
103,58,0.24,18,18,0,0,18,18,18,18
103,59,2,26,26,0,0,26,26,26,26
103,60,1,10,10,0,0,10,10,10,10
103,61,1,24,24,0,0,24,24,24,24
103,65,1,12,12,0,0,12,12,0,0
103,68,1,21,21,0,0,21,21,0,0
103,71,1,22,22,0,0,22,22,0,0
103,72,1.11,199,199,169,169,10,10,0,0
103,73,2.04,46,46,5,5,40,40,0,0
103,74,1.15,72,72,72,72,0,0,0,0
103,75,1,66,66,66,66,0,0,0,0
103,77,1,53,53,53,53,0,0,0,0
103,78,1,31,31,0,0,31,31,31,31
103,79,1.76,2802,2802,0,0,2802,2802,0,0
103,80,1.12,4612,4612,0,0,4612,4612,0,0
103,81,0.02,90,90,0,0,90,90,0,0
103,82,0.48,1355,1355,0,0,1355,1355,0,0
103,83,1,8,8,0,0,8,8,8,8
103,84,1.13,91,91,91,91,0,0,0,0
103,85,0.87,33,33,33,33,0,0,0,0
103,86,1,647,647,162,162,162,162,0,0
103,87,1,59,59,59,59,0,0,0,0
103,89,1,15,15,0,0,15,15,0,0
103,90,8,222,222,147,147,75,75,0,0
103,91,3,83,83,57,57,26,26,0,0
103,92,4,84,84,44,44,40,40,0,0
103,93,1,10,10,0,0,10,10,0,0
103,94,1,9,9,0,0,9,9,9,9
103,96,2,27,27,0,0,27,27,13,13
103,97,1,41,41,41,41,0,0,0,0
103,98,1,19,19,0,0,19,19,0,0
103,99,2,56,56,48,48,7,7,0,0
103,100,1.29,17,17,0,0,17,17,4,4
103,101,1.71,40,40,0,0,40,40,40,40
103,102,0.98,69,69,69,69,0,0,0,0
103,103,0.02,2,2,2,2,0,0,0,0
103,104,0.98,22,22,0,0,22,22,0,0
103,105,1.02,26,26,0,0,26,26,0,0
103,106,1.99,121,121,39,39,82,82,82,82
103,110,0.7,88,88,88,88,0,0,0,0
103,111,1.27,100,100,100,100,0,0,0,0
103,112,1,24,24,0,0,24,24,0,0
103,114,1,84,84,84,84,0,0,0,0
103,116,2,71,71,46,46,24,24,0,0
103,120,0.07,123,123,0,0,123,123,0,0
103,121,2.9,2179,2179,456,456,1723,1723,0,0
103,122,2.1,121,121,93,93,28,28,0,0
103,124,2,408,408,92,92,131,131,39,39
103,125,0.15,57,57,14,14,14,14,0,0
103,126,1.9,365,365,85,85,114,114,31,31
103,127,1.96,85,85,85,85,0,0,0,0
104,1,1.16,22,22,14,14,8,8,0,0
104,2,4.84,384,384,384,384,0,0,0,0
104,3,1,85,85,85,85,0,0,0,0
104,5,2,345,345,312,312,33,33,0,0
104,6,4.24,147,147,70,70,62,62,0,0
104,7,0.62,44,44,12,12,11,11,0,0
104,18,1,9,9,0,0,9,9,0,0
104,20,1,18,18,0,0,18,18,0,0
104,25,0.14,5,5,5,5,0,0,0,0
104,26,2.86,136,136,136,136,0,0,0,0
104,28,0.01,0,0,0,0,0,0,0,0
104,29,1,20,20,0,0,20,20,0,0
104,31,2.33,138,138,135,135,3,3,0,0
104,32,2,118,118,118,118,0,0,0,0
104,33,1.07,22,22,6,6,16,16,0,0
104,34,3,134,134,122,122,12,12,0,0
104,37,1,86,86,86,86,0,0,0,0
104,39,1,109,109,109,109,0,0,0,0
104,40,1.72,187,187,187,187,0,0,0,0
104,41,1,186,186,46,46,46,46,0,0
104,55,1,17,17,0,0,17,17,17,17
104,57,0.14,346,346,0,0,346,346,0,0
104,58,0.02,58,58,0,0,58,58,0,0
104,64,1,9,9,0,0,9,9,9,9
104,65,2.05,40,40,12,12,28,28,0,0
104,67,2,34,34,0,0,34,34,15,15
104,68,2.59,117,117,85,85,32,32,0,0
104,70,1,9,9,0,0,9,9,0,0
104,71,1,13,13,0,0,13,13,0,0
104,72,1.22,56,56,45,45,11,11,0,0
104,73,3.17,219,219,184,184,34,34,0,0
104,74,1.66,118,118,74,74,43,43,43,43
104,77,0.65,17,17,0,0,17,17,0,0
104,78,1,23,23,0,0,23,23,0,0
104,79,1.88,1099,1099,0,0,1099,1099,0,0
104,83,2,91,91,75,75,17,17,17,17
104,84,1.34,78,78,78,78,0,0,0,0
104,85,1.57,101,101,101,101,0,0,0,0
104,86,3,143,143,109,109,34,34,15,15
104,87,1,13,13,0,0,13,13,0,0
104,88,1.71,63,63,51,51,12,12,0,0
104,90,3,86,86,50,50,36,36,0,0
104,92,1,29,29,0,0,29,29,0,0
104,94,2,89,89,89,89,0,0,0,0
104,96,1.11,47,47,9,9,38,38,0,0
104,101,2,36,36,0,0,36,36,12,12
104,105,2,49,49,0,0,49,49,0,0
104,106,0.22,7,7,0,0,7,7,0,0
104,107,3.78,102,102,0,0,102,102,38,38
104,108,1,40,40,40,40,0,0,0,0
104,109,2.6,47,47,0,0,47,47,10,10
104,110,0.42,15,15,3,3,12,12,0,0
104,111,1,48,48,48,48,0,0,0,0
104,113,1,57,57,57,57,0,0,0,0
104,114,1,23,23,0,0,23,23,23,23
104,115,2,65,65,40,40,26,26,0,0
104,120,2,343,343,343,343,0,0,0,0
104,121,2.81,1789,1789,50,50,1739,1739,0,0
104,122,0.02,34,34,0,0,34,34,0,0
104,124,2,844,844,211,211,211,211,0,0
104,125,1,372,372,93,93,93,93,0,0
104,127,1,58,58,58,58,0,0,0,0
105,2,1,5,5,0,0,5,5,0,0
105,6,1,82,82,82,82,0,0,0,0
105,9,1,27,27,0,0,27,27,0,0
105,13,1,11,11,0,0,11,11,0,0
105,14,0.05,1,1,0,0,1,1,0,0
105,15,0.08,1,1,0,0,1,1,0,0
105,18,1,7,7,0,0,7,7,0,0
105,28,1,21,21,0,0,21,21,0,0
105,29,1,30,30,0,0,30,30,0,0
105,30,1.02,72,72,72,72,0,0,0,0
105,31,5.65,356,356,350,350,6,6,0,0
105,32,0.98,196,196,196,196,0,0,0,0
105,33,1.15,93,93,93,93,0,0,0,0
105,42,1,40,40,40,40,0,0,0,0
105,54,1,26,26,0,0,26,26,0,0
105,55,1,13,13,0,0,13,13,0,0
105,56,1,25,25,0,0,25,25,0,0
105,57,0.72,1774,1774,0,0,1774,1774,0,0
105,58,1.12,327,327,0,0,327,327,25,25
105,60,1,8,8,0,0,8,8,0,0
105,65,0.95,225,225,225,225,0,0,0,0
105,67,3.7,163,163,113,113,50,50,16,16
105,68,1.41,212,212,199,199,13,13,0,0
105,69,1,47,47,47,47,0,0,0,0
105,70,1,16,16,0,0,16,16,0,0
105,71,2,60,60,38,38,22,22,0,0
105,75,1,43,43,43,43,0,0,0,0
105,76,1.81,66,66,36,36,29,29,0,0
105,77,0.53,18,18,8,8,9,9,0,0
105,79,1,12,12,0,0,12,12,0,0
105,82,1,60,60,60,60,0,0,0,0
105,84,3.05,150,150,126,126,24,24,0,0
105,85,2.04,71,71,40,40,31,31,0,0
105,88,0.29,5,5,0,0,5,5,0,0
105,90,1.79,1363,1363,0,0,1363,1363,0,0
105,93,1,13,13,0,0,13,13,0,0
105,96,1.89,95,95,71,71,24,24,0,0
105,99,1.39,27,27,0,0,27,27,0,0
105,100,0.61,11,11,0,0,11,11,0,0
105,102,2.66,148,148,148,148,0,0,0,0
105,106,2,54,54,37,37,17,17,0,0
105,110,2,355,355,299,299,55,55,55,55
105,111,1,7,7,0,0,7,7,0,0
105,112,1,17,17,0,0,17,17,0,0
105,113,0.92,48,48,48,48,0,0,0,0
105,116,1,21,21,0,0,21,21,21,21
105,119,2.5,126,126,117,117,9,9,0,0
105,120,1,47,47,47,47,0,0,0,0
105,121,1.98,412,412,212,212,200,200,0,0
105,122,1.79,382,382,259,259,123,123,0,0
105,123,2.43,182,182,167,167,16,16,16,16
105,125,1,495,495,124,124,124,124,0,0
105,126,1,493,493,123,123,123,123,0,0
106,9,1,34,34,0,0,34,34,0,0
106,10,1,27,27,0,0,27,27,0,0
106,14,1.42,21,21,0,0,21,21,0,0
106,15,0.45,7,7,0,0,7,7,0,0
106,23,1,11,11,0,0,11,11,0,0
106,30,1,66,66,66,66,0,0,0,0
106,33,2.53,112,112,87,87,25,25,0,0
106,34,1.73,116,116,103,103,13,13,0,0
106,35,4.31,309,309,274,274,36,36,8,8
106,36,0.99,112,112,112,112,0,0,0,0
106,37,2,191,191,191,191,0,0,0,0
106,38,3.04,87,87,0,0,87,87,0,0
106,39,0.09,4,4,4,4,0,0,0,0
106,41,1,12,12,0,0,12,12,0,0
106,42,3,134,134,103,103,31,31,0,0
106,44,2,856,856,835,835,21,21,0,0
106,49,2,176,176,78,78,98,98,0,0
106,52,0.15,5,5,0,0,5,5,0,0
106,54,2,154,154,125,125,28,28,0,0
106,60,1,28,28,0,0,28,28,0,0
106,66,1,10,10,0,0,10,10,0,0
106,67,3.29,338,338,317,317,21,21,0,0
106,68,1,83,83,83,83,0,0,0,0
106,74,0.01,0,0,0,0,0,0,0,0
106,75,3,71,71,0,0,71,71,0,0
106,76,1,115,115,115,115,0,0,0,0
106,77,1.03,16,16,0,0,16,16,0,0
106,78,1,17,17,0,0,17,17,17,17
106,79,1,28,28,0,0,28,28,0,0
106,80,1,16,16,0,0,16,16,0,0
106,82,1,30,30,0,0,30,30,0,0
106,86,0.97,513,513,513,513,0,0,0,0
106,87,3.9,1449,1449,751,751,233,233,0,0
106,89,2.01,2141,2141,42,42,2099,2099,0,0
106,90,1.2,355,355,96,96,260,260,0,0
106,91,0.18,237,237,0,0,237,237,0,0
106,98,2,104,104,95,95,9,9,0,0
106,102,0.34,28,28,28,28,0,0,0,0
106,104,1,93,93,93,93,0,0,0,0
106,106,2,81,81,0,0,81,81,48,48
106,108,1,500,500,500,500,0,0,0,0
106,109,5,313,313,289,289,25,25,0,0
106,110,1,169,169,42,42,42,42,0,0
106,111,1.92,219,219,219,219,0,0,0,0
106,112,0.08,5,5,5,5,0,0,0,0
106,113,2.08,66,66,49,49,17,17,17,17
106,116,1.82,138,138,114,114,24,24,0,0
106,117,1.18,45,45,40,40,5,5,0,0
106,118,3,123,123,97,97,26,26,0,0
106,119,0.78,109,109,109,109,0,0,0,0
106,120,4,129,129,76,76,53,53,0,0
106,122,2.45,188,188,178,178,11,11,0,0
106,123,1,25,25,0,0,25,25,0,0
106,124,1,30,30,0,0,30,30,0,0
106,127,3,220,220,220,220,0,0,0,0
107,10,2,64,64,42,42,22,22,0,0
107,13,4,321,321,292,292,29,29,0,0
107,16,1.48,96,96,96,96,0,0,0,0
107,17,1.52,131,131,131,131,0,0,0,0
107,32,1,88,88,88,88,0,0,0,0
107,33,2.62,188,188,181,181,7,7,0,0
107,34,4.18,934,934,934,934,0,0,0,0
107,35,0.43,63,63,63,63,0,0,0,0
107,36,0.01,1,1,1,1,0,0,0,0
107,37,4,375,375,375,375,0,0,0,0
107,38,0.96,30,30,0,0,30,30,0,0
107,39,1.91,41,41,34,34,7,7,7,7
107,41,3,80,80,0,0,80,80,0,0
107,43,0.74,13,13,0,0,13,13,0,0
107,52,1.85,54,54,0,0,54,54,0,0
107,53,1.62,169,169,159,159,10,10,0,0
107,54,0.38,96,96,96,96,0,0,0,0
107,58,2,285,285,285,285,0,0,0,0
107,65,0.91,81,81,81,81,0,0,0,0
107,66,0.09,8,8,8,8,0,0,0,0
107,68,2,129,129,109,109,20,20,0,0
107,69,1,320,320,320,320,0,0,0,0
107,71,0.33,169,169,169,169,0,0,0,0
107,74,2.99,45,45,0,0,45,45,0,0
107,75,1,26,26,0,0,26,26,0,0
107,76,3.07,64,64,0,0,64,64,44,44
107,77,1.91,41,41,0,0,41,41,1,1
107,78,3,92,92,71,71,22,22,0,0
107,80,1,27,27,0,0,27,27,0,0
107,81,2.22,237,237,214,214,24,24,0,0
107,82,4.34,312,312,312,312,0,0,0,0
107,83,1.66,134,134,134,134,0,0,0,0
107,84,2,151,151,151,151,0,0,0,0
107,86,3,582,582,388,388,65,65,0,0
107,87,1.13,123,123,123,123,0,0,0,0
107,88,1,162,162,162,162,0,0,0,0
107,89,0.08,344,344,0,0,344,344,0,0
107,90,2.91,4290,4290,111,111,4179,4179,0,0
107,91,0.87,1071,1071,5,5,1065,1065,0,0
107,92,2,14,14,0,0,14,14,0,0
107,96,1,19,19,0,0,19,19,0,0
107,97,1,18,18,0,0,18,18,0,0
107,98,1,52,52,52,52,0,0,0,0
107,99,0.06,27,27,27,27,0,0,0,0
107,104,3,160,160,114,114,46,46,20,20
107,105,1,6,6,0,0,6,6,0,0
107,107,0.08,5,5,5,5,0,0,0,0
107,108,1.78,113,113,101,101,12,12,0,0
107,110,0.58,39,39,39,39,0,0,0,0
107,111,1.46,50,50,28,28,22,22,0,0
107,113,1,11,11,0,0,11,11,0,0
107,114,2.49,122,122,122,122,0,0,0,0
107,115,0.51,28,28,28,28,0,0,0,0
107,118,0.78,36,36,0,0,36,36,36,36
107,119,2.3,487,487,487,487,0,0,0,0
107,120,0.42,47,47,47,47,0,0,0,0
107,121,0.73,129,129,129,129,0,0,0,0
107,122,4.82,615,615,615,615,0,0,0,0
107,123,2.16,142,142,112,112,30,30,0,0
107,124,0.84,121,121,121,121,0,0,0,0
108,0,0.29,46,46,46,46,0,0,0,0
108,2,1,13,13,0,0,13,13,13,13
108,4,0.72,21,21,0,0,21,21,0,0
108,5,1,26,26,0,0,26,26,0,0
108,10,2,129,129,120,120,9,9,0,0
108,14,2,63,63,45,45,18,18,0,0
108,15,1,151,151,38,38,38,38,0,0
108,16,4,562,562,534,534,28,28,0,0
108,17,1.13,99,99,99,99,0,0,0,0
108,18,3,556,556,556,556,0,0,0,0
108,21,1,121,121,121,121,0,0,0,0
108,22,1,23,23,0,0,23,23,0,0
108,23,1,186,186,186,186,0,0,0,0
108,24,1,33,33,0,0,33,33,0,0
108,25,3,239,239,239,239,0,0,0,0
108,26,1,7,7,0,0,7,7,0,0
108,28,1,32,32,0,0,32,32,0,0
108,30,1,27,27,0,0,27,27,0,0
108,33,5,423,423,232,232,101,101,0,0
108,35,4,166,166,128,128,37,37,0,0
108,36,1.2,94,94,69,69,25,25,0,0
108,38,1.44,95,95,84,84,12,12,0,0
108,39,3.3,111,111,51,51,60,60,0,0
108,40,1,29,29,0,0,29,29,0,0
108,41,1,11,11,0,0,11,11,0,0
108,43,2.79,515,515,0,0,515,515,0,0
108,44,0.56,119,119,0,0,119,119,0,0
108,45,1.72,76,76,56,56,20,20,0,0
108,46,2.28,720,720,720,720,0,0,0,0
108,53,1,16,16,0,0,16,16,0,0
108,54,1,24,24,0,0,24,24,0,0
108,64,0.42,418,418,0,0,418,418,0,0
108,65,0.22,1104,1104,0,0,1104,1104,0,0
108,68,1,64,64,64,64,0,0,0,0
108,70,1.58,72,72,0,0,72,72,0,0
108,71,3.09,1177,1177,1117,1117,60,60,0,0
108,72,1,139,139,139,139,0,0,0,0
108,74,2,46,46,0,0,46,46,0,0
108,76,2.98,238,238,218,218,20,20,0,0
108,78,3,120,120,82,82,37,37,0,0
108,80,1,21,21,0,0,21,21,0,0
108,81,1.35,78,78,55,55,22,22,0,0
108,82,1.7,101,101,77,77,24,24,0,0
108,83,0.74,97,97,97,97,0,0,0,0
108,84,2,32,32,0,0,32,32,0,0
108,85,1,22,22,0,0,22,22,0,0
108,86,0.99,281,281,281,281,0,0,0,0
108,87,0.01,1,1,1,1,0,0,0,0
108,88,2,120,120,100,100,20,20,0,0
108,89,0.32,138,138,138,138,0,0,0,0
108,90,3.81,2516,2516,2495,2495,20,20,0,0
108,91,2.16,1622,1622,475,475,1147,1147,0,0
108,96,1,75,75,0,0,75,75,0,0
108,97,1,170,170,170,170,0,0,0,0
108,98,1,94,94,94,94,0,0,0,0
108,99,2.32,166,166,137,137,30,30,0,0
108,100,0.61,257,257,257,257,0,0,0,0
108,102,1,55,55,55,55,0,0,0,0
108,103,2,65,65,53,53,12,12,0,0
108,104,1,34,34,0,0,34,34,0,0
108,105,3,70,70,0,0,70,70,0,0
108,106,1,18,18,0,0,18,18,0,0
108,107,1.92,106,106,106,106,0,0,0,0
108,108,0.22,3,3,0,0,3,3,0,0
108,109,3,93,93,49,49,44,44,30,30
108,111,3.19,98,98,14,14,84,84,22,22
108,112,1.17,67,67,67,67,0,0,0,0
108,113,3.61,141,141,114,114,26,26,0,0
108,116,4.02,409,409,402,402,7,7,0,0
108,118,4.22,156,156,91,91,65,65,10,10
108,120,1,50,50,50,50,0,0,0,0
108,121,3,134,134,111,111,23,23,0,0
108,122,1,25,25,0,0,25,25,0,0
108,123,1,15,15,0,0,15,15,0,0
108,125,1,27,27,0,0,27,27,0,0
108,127,1,113,113,113,113,0,0,0,0
109,0,1,51,51,51,51,0,0,0,0
109,1,1,59,59,59,59,0,0,0,0
109,4,1.28,15,15,0,0,15,15,0,0
109,8,2,571,571,537,537,34,34,0,0
109,17,3.07,208,208,208,208,0,0,0,0
109,18,3.15,264,264,264,264,0,0,0,0
109,19,3.65,476,476,476,476,0,0,0,0
109,21,2,175,175,175,175,0,0,0,0
109,22,0.15,8,8,8,8,0,0,0,0
109,23,2,185,185,185,185,0,0,0,0
109,25,2,187,187,187,187,0,0,0,0
109,26,2,145,145,129,129,16,16,0,0
109,27,1,23,23,0,0,23,23,0,0
109,28,1,22,22,0,0,22,22,0,0
109,30,1,30,30,0,0,30,30,0,0
109,32,1,264,264,264,264,0,0,0,0
109,33,1,80,80,80,80,0,0,0,0
109,34,2,259,259,65,65,65,65,0,0
109,36,1.8,320,320,320,320,0,0,0,0
109,37,1,285,285,285,285,0,0,0,0
109,38,0.07,2,2,0,0,2,2,0,0
109,39,0.2,6,6,0,0,6,6,0,0
109,40,0.15,4,4,0,0,4,4,0,0
109,41,1.85,54,54,0,0,54,54,0,0
109,42,3.21,1531,1531,0,0,1531,1531,0,0
109,43,3.83,1288,1288,0,0,1288,1288,0,0
109,44,1,216,216,0,0,216,216,0,0
109,45,1,24,24,0,0,24,24,0,0
109,46,1,18,18,0,0,18,18,0,0
109,47,2,81,81,53,53,27,27,0,0
109,54,0.25,57,57,57,57,0,0,0,0
109,55,0.75,173,173,173,173,0,0,0,0
109,64,0.55,548,548,0,0,548,548,0,0
109,65,0.7,3994,3994,0,0,3994,3994,0,0
109,66,0.12,674,674,0,0,674,674,0,0
109,68,0.01,3,3,3,3,0,0,0,0
109,69,1.28,230,230,230,230,0,0,0,0
109,71,1,26,26,0,0,26,26,0,0
109,72,1,85,85,85,85,0,0,0,0
109,73,1,113,113,113,113,0,0,0,0
109,76,0.02,2,2,2,2,0,0,0,0
109,77,1.65,226,226,44,44,95,95,51,51
109,80,0.33,10,10,0,0,10,10,1,1
109,84,1,13,13,0,0,13,13,0,0
109,85,2,48,48,0,0,48,48,0,0
109,86,1,60,60,60,60,0,0,0,0
109,87,2,104,104,93,93,11,11,0,0
109,89,1.68,347,347,347,347,0,0,0,0
109,90,1.55,784,784,169,169,615,615,0,0
109,91,2.45,1826,1826,0,0,1826,1826,0,0
109,92,2.92,1168,1168,1168,1168,0,0,0,0
109,93,3,1154,1154,1135,1135,19,19,0,0
109,96,3,127,127,97,97,30,30,0,0
109,97,3,104,104,65,65,40,40,0,0
109,99,1,44,44,44,44,0,0,0,0
109,102,2,36,36,0,0,36,36,0,0
109,104,2,83,83,83,83,0,0,0,0
109,105,2,45,45,0,0,45,45,0,0
109,106,2,75,75,55,55,20,20,0,0
109,107,2,74,74,49,49,25,25,0,0
109,109,1,28,28,0,0,28,28,0,0
109,112,0.1,19,19,5,5,5,5,0,0
109,113,2,94,94,64,64,29,29,0,0
109,114,1.12,55,55,51,51,4,4,4,4
109,115,0.88,27,27,0,0,27,27,27,27
109,116,2.98,307,307,293,293,13,13,0,0
109,118,0.14,8,8,8,8,0,0,0,0
109,119,2.86,177,177,148,148,29,29,0,0
109,122,1,217,217,217,217,0,0,0,0
109,123,1,50,50,50,50,0,0,0,0
109,124,3,189,189,151,151,39,39,0,0
109,125,2,437,437,437,437,0,0,0,0
109,126,1.77,250,250,220,220,31,31,0,0
110,0,2.77,171,171,171,171,0,0,0,0
110,1,1,31,31,0,0,31,31,0,0
110,5,1,10,10,0,0,10,10,10,10
110,8,1,85,85,21,21,21,21,0,0
110,10,2,94,94,67,67,26,26,0,0
110,12,2,86,86,74,74,12,12,0,0
110,18,2,198,198,198,198,0,0,0,0
110,19,1,105,105,105,105,0,0,0,0
110,22,1.85,122,122,122,122,0,0,0,0
110,23,1,25,25,0,0,25,25,0,0
110,24,2,69,69,44,44,25,25,0,0
110,25,1,112,112,112,112,0,0,0,0
110,27,2.37,132,132,132,132,0,0,0,0
110,28,1.63,172,172,172,172,0,0,0,0
110,29,1.01,97,97,97,97,0,0,0,0
110,30,1,134,134,134,134,0,0,0,0
110,32,0.04,3,3,3,3,0,0,0,0
110,33,2.94,235,235,235,235,0,0,0,0
110,36,0.21,34,34,34,34,0,0,0,0
110,37,0.15,24,24,24,24,0,0,0,0
110,38,1,101,101,101,101,0,0,0,0
110,40,1,19,19,0,0,19,19,0,0
110,42,1.79,492,492,0,0,492,492,0,0
110,43,3.79,578,578,0,0,578,578,0,0
110,44,0.13,19,19,0,0,19,19,0,0
110,45,5,103,103,49,49,54,54,0,0
110,46,4,92,92,44,44,48,48,0,0
110,48,1,142,142,142,142,0,0,0,0
110,53,1,43,43,43,43,0,0,0,0
110,58,2,295,295,295,295,0,0,0,0
110,66,1.19,689,689,0,0,689,689,0,0
110,67,3.92,3733,3733,0,0,3733,3733,0,0
110,68,2.98,3598,3598,1,1,3597,3597,0,0
110,69,0.71,245,245,245,245,0,0,0,0
110,70,1.36,1495,1495,51,51,1444,1444,0,0
110,71,1,160,160,160,160,0,0,0,0
110,73,0.97,25,25,0,0,25,25,0,0
110,75,4,195,195,140,140,55,55,27,27
110,76,1,34,34,0,0,34,34,34,34
110,77,1.35,150,150,79,79,24,24,0,0
110,78,3.98,191,191,191,191,0,0,0,0
110,79,1.02,32,32,1,1,31,31,0,0
110,80,1.67,64,64,0,0,64,64,44,44
110,81,5.01,216,216,34,34,121,121,0,0
110,82,1.99,278,278,278,278,0,0,0,0
110,86,1,18,18,0,0,18,18,0,0
110,88,0.01,2,2,2,2,0,0,0,0
110,90,2,101,101,77,77,24,24,24,24
110,91,1.08,393,393,393,393,0,0,0,0
110,92,1.01,320,320,320,320,0,0,0,0
110,93,1.99,766,766,766,766,0,0,0,0
110,94,1,15,15,0,0,15,15,0,0
110,95,0.53,21,21,21,21,0,0,0,0
110,96,0.47,19,19,19,19,0,0,0,0
110,97,0.06,1,1,0,0,1,1,0,0
110,98,5.94,522,522,467,467,55,55,0,0
110,100,1,29,29,0,0,29,29,0,0
110,102,2,98,98,79,79,19,19,0,0
110,104,1,18,18,0,0,18,18,0,0
110,106,2,161,161,161,161,0,0,0,0
110,108,0.4,22,22,22,22,0,0,0,0
110,109,1,29,29,0,0,29,29,0,0
110,110,1,32,32,0,0,32,32,0,0
110,111,2,35,35,0,0,35,35,16,16
110,112,2.9,246,246,43,43,115,115,55,55
110,113,3,242,242,207,207,34,34,0,0
110,114,3.43,179,179,150,150,29,29,0,0
110,115,4,157,157,116,116,41,41,17,17
110,118,2,218,218,196,196,22,22,22,22
110,120,1,24,24,0,0,24,24,24,24
110,121,2,90,90,90,90,0,0,0,0
110,123,3.53,529,529,529,529,0,0,0,0
110,125,2,49,49,38,38,11,11,0,0
110,126,0.23,64,64,64,64,0,0,0,0
111,0,1.87,70,70,53,53,16,16,0,0
111,1,2.16,49,49,3,3,46,46,0,0
111,2,3.97,220,220,204,204,17,17,0,0
111,3,2,59,59,42,42,17,17,0,0
111,10,2,62,62,47,47,15,15,0,0
111,11,0.11,21,21,5,5,5,5,0,0
111,18,2,159,159,159,159,0,0,0,0
111,19,2,104,104,104,104,0,0,0,0
111,24,1,29,29,0,0,29,29,0,0
111,25,0.8,34,34,34,34,0,0,0,0
111,26,0.2,9,9,9,9,0,0,0,0
111,27,3,274,274,260,260,14,14,0,0
111,28,1,111,111,111,111,0,0,0,0
111,29,0.99,55,55,55,55,0,0,0,0
111,30,1,83,83,83,83,0,0,0,0
111,32,1,32,32,0,0,32,32,0,0
111,33,0.02,2,2,2,2,0,0,0,0
111,35,1.6,91,91,64,64,27,27,0,0
111,36,1.69,356,356,356,356,0,0,0,0
111,37,0.36,58,58,58,58,0,0,0,0
111,39,1,31,31,0,0,31,31,0,0
111,40,0.4,87,87,87,87,0,0,0,0
111,41,0.6,129,129,129,129,0,0,0,0
111,43,0.16,11,11,0,0,11,11,0,0
111,45,2,81,81,47,47,34,34,0,0
111,46,2,73,73,42,42,31,31,0,0
111,52,1,214,214,214,214,0,0,0,0
111,60,2,501,501,501,501,0,0,0,0
111,62,0.7,6,6,0,0,6,6,0,0
111,63,4.3,204,204,0,0,204,204,0,0
111,64,0.36,341,341,0,0,341,341,0,0
111,65,2.15,3789,3789,0,0,3789,3789,0,0
111,66,1.62,2192,2192,0,0,2192,2192,0,0
111,67,2.51,2543,2543,0,0,2543,2543,0,0
111,68,0.07,111,111,0,0,111,111,0,0
111,69,0.74,2289,2289,0,0,2289,2289,0,0
111,70,2.15,3923,3923,36,36,3888,3888,0,0
111,72,2,171,171,155,155,16,16,0,0
111,73,2.03,187,187,186,186,1,1,0,0
111,75,1,53,53,53,53,0,0,0,0
111,78,2,34,34,0,0,34,34,0,0
111,86,0.05,11,11,11,11,0,0,0,0
111,87,3.95,468,468,429,429,38,38,0,0
111,88,3.34,289,289,257,257,33,33,14,14
111,89,3.93,308,308,285,285,23,23,0,0
111,90,1.97,445,445,445,445,0,0,0,0
111,91,3.03,565,565,565,565,0,0,0,0
111,93,1.01,113,113,113,113,0,0,0,0
111,96,1,114,114,114,114,0,0,0,0
111,101,0.04,2,2,2,2,0,0,0,0
111,102,0.96,54,54,54,54,0,0,0,0
111,103,2,102,102,72,72,30,30,0,0
111,106,1,24,24,0,0,24,24,0,0
111,108,0.6,32,32,32,32,0,0,0,0
111,109,2,95,95,67,67,28,28,0,0
111,111,1,69,69,69,69,0,0,0,0
111,112,0.11,5,5,5,5,0,0,0,0
111,113,0.9,41,41,41,41,0,0,0,0
111,114,0.82,124,124,124,124,0,0,0,0
111,115,0.16,2,2,0,0,2,2,2,2
111,116,4,362,362,339,339,23,23,0,0
111,117,1,16,16,0,0,16,16,0,0
111,118,0.77,104,104,104,104,0,0,0,0
111,119,0.54,59,59,59,59,0,0,0,0
111,122,1,103,103,103,103,0,0,0,0
111,123,2,724,724,676,676,16,16,0,0
111,124,1.14,590,590,76,76,514,514,0,0
111,125,2.3,129,129,72,72,57,57,0,0
111,126,0.03,1,1,0,0,1,1,0,0
112,0,1,14,14,0,0,14,14,0,0
112,1,0.22,35,35,35,35,0,0,0,0
112,2,1,26,26,0,0,26,26,0,0
112,3,3,190,190,190,190,0,0,0,0
112,4,1,123,123,31,31,31,31,0,0
112,11,1.89,251,251,63,63,63,63,0,0
112,17,0.33,63,63,63,63,0,0,0,0
112,18,2.67,551,551,551,551,0,0,0,0
112,21,2.26,307,307,307,307,0,0,0,0
112,22,0.68,75,75,75,75,0,0,0,0
112,23,1,196,196,196,196,0,0,0,0
112,24,1.87,265,265,265,265,0,0,0,0
112,26,2,239,239,239,239,0,0,0,0
112,29,1,261,261,65,65,65,65,0,0
112,32,2,224,224,224,224,0,0,0,0
112,33,1,72,72,72,72,0,0,0,0
112,36,0.58,32,32,32,32,0,0,0,0
112,38,1,10,10,0,0,10,10,0,0
112,39,1,25,25,0,0,25,25,0,0
112,40,1,164,164,164,164,0,0,0,0
112,45,2.2,99,99,63,63,37,37,0,0
112,47,1,386,386,386,386,0,0,0,0
112,50,1.82,148,148,148,148,0,0,0,0
112,51,1,111,111,111,111,0,0,0,0
112,52,0.64,130,130,130,130,0,0,0,0
112,53,0.36,73,73,73,73,0,0,0,0
112,55,1,34,34,0,0,34,34,0,0
112,56,1,14,14,0,0,14,14,0,0
112,57,1,133,133,133,133,0,0,0,0
112,62,0.04,28,28,0,0,28,28,0,0
112,63,1,1355,1355,0,0,1355,1355,0,0
112,64,3.99,2108,2108,0,0,2108,2108,0,0
112,65,4.02,720,720,0,0,720,720,0,0
112,66,0.01,13,13,0,0,13,13,0,0
112,67,1.26,1130,1130,0,0,1130,1130,0,0
112,68,3.23,2707,2707,209,209,2499,2499,0,0
112,69,4.91,1859,1859,256,256,1603,1603,0,0
112,70,0.85,393,393,0,0,393,393,0,0
112,71,2,202,202,202,202,0,0,0,0
112,72,2,25,25,0,0,25,25,0,0
112,73,0.24,25,25,25,25,0,0,0,0
112,74,1,171,171,0,0,0,0,171,171
112,75,3,242,242,166,166,76,76,76,76
112,76,2,89,89,74,74,16,16,0,0
112,77,1,112,112,112,112,0,0,0,0
112,78,2,118,118,87,87,30,30,0,0
112,79,1.37,153,153,145,145,8,8,0,0
112,80,2,96,96,96,96,0,0,0,0
112,81,0.17,22,22,22,22,0,0,0,0
112,82,0.44,56,56,56,56,0,0,0,0
112,83,3,423,423,375,375,48,48,0,0
112,84,2.21,237,237,237,237,0,0,0,0
112,85,1,12,12,0,0,12,12,0,0
112,86,1,199,199,199,199,0,0,0,0
112,88,5.63,474,474,464,464,10,10,10,10
112,89,1.09,22,22,10,10,12,12,0,0
112,91,1,44,44,44,44,0,0,0,0
112,92,1,13,13,0,0,13,13,0,0
112,93,2,236,236,236,236,0,0,0,0
112,94,2.53,125,125,93,93,32,32,0,0
112,96,1,206,206,0,0,0,0,206,206
112,97,1,38,38,38,38,0,0,0,0
112,100,1,17,17,0,0,17,17,0,0
112,102,1,23,23,0,0,23,23,0,0
112,103,1,26,26,0,0,26,26,0,0
112,104,2,53,53,41,41,13,13,0,0
112,106,2.76,84,84,43,43,42,42,0,0
112,107,3.24,122,122,77,77,45,45,0,0
112,108,2,102,102,61,61,42,42,42,42
112,111,2,59,59,0,0,59,59,0,0
112,112,1,73,73,73,73,0,0,0,0
112,114,0.74,61,61,61,61,0,0,0,0
112,115,2.84,89,89,56,56,34,34,11,11
112,117,2,96,96,65,65,31,31,0,0
112,119,1.08,69,69,61,61,8,8,0,0
112,120,3,43,43,0,0,43,43,0,0
112,122,3.94,1818,1818,1818,1818,0,0,0,0
112,123,4.68,2178,2178,1852,1852,111,111,0,0
112,124,3.9,1277,1277,1098,1098,180,180,0,0
112,125,1.26,346,346,345,345,1,1,0,0
113,1,0.78,124,124,124,124,0,0,0,0
113,2,4,200,200,132,132,68,68,29,29
113,11,1,182,182,182,182,0,0,0,0
113,16,0.74,112,112,28,28,28,28,0,0
113,18,1,35,35,0,0,35,35,0,0
113,19,3,375,375,375,375,0,0,0,0
113,20,1,63,63,63,63,0,0,0,0
113,21,1.03,141,141,141,141,0,0,0,0
113,22,0.03,3,3,3,3,0,0,0,0
113,23,1.86,482,482,482,482,0,0,0,0
113,24,4.13,504,504,504,504,0,0,0,0
113,31,1,18,18,0,0,18,18,0,0
113,34,1,40,40,40,40,0,0,0,0
113,36,2.01,126,126,126,126,0,0,0,0
113,37,1.33,144,144,144,144,0,0,0,0
113,44,1,9,9,0,0,9,9,0,0
113,45,1.8,41,41,0,0,41,41,0,0
113,46,1,50,50,50,50,0,0,0,0
113,47,1.38,58,58,36,36,22,22,0,0
113,48,2,35,35,0,0,35,35,0,0
113,50,2.14,246,246,246,246,0,0,0,0
113,51,2,159,159,159,159,0,0,0,0
113,52,0.86,153,153,153,153,0,0,0,0
113,53,0.14,25,25,25,25,0,0,0,0
113,54,0.59,116,116,116,116,0,0,0,0
113,55,0.41,80,80,80,80,0,0,0,0
113,57,2,118,118,118,118,0,0,0,0
113,61,1.08,1371,1371,0,0,1371,1371,0,0
113,62,2.51,1330,1330,0,0,1330,1330,0,0
113,63,1.51,1719,1719,0,0,1719,1719,0,0
113,66,1.26,520,520,0,0,520,520,0,0
113,67,0.6,694,694,0,0,694,694,0,0
113,68,0.09,61,61,0,0,61,61,0,0
113,69,1.12,97,97,0,0,97,97,0,0
113,71,1,37,37,37,37,0,0,0,0
113,72,2.75,353,353,353,353,0,0,0,0
113,73,0.76,79,79,79,79,0,0,0,0
113,74,1,32,32,0,0,32,32,0,0
113,75,1,169,169,169,169,0,0,0,0
113,77,0.3,12,12,12,12,0,0,0,0
113,78,2.02,87,87,69,69,18,18,0,0
113,79,1.61,256,256,243,243,13,13,0,0
113,80,1,32,32,0,0,32,32,0,0
113,81,1.12,60,60,60,60,0,0,0,0
113,82,1.97,77,77,33,33,44,44,0,0
113,83,1.3,102,102,98,98,4,4,0,0
113,84,1.79,222,222,222,222,0,0,0,0
113,85,4,314,314,269,269,45,45,0,0
113,86,3,380,380,355,355,25,25,0,0
113,88,3,119,119,85,85,34,34,0,0
113,89,2.3,93,93,75,75,18,18,0,0
113,90,0.7,43,43,43,43,0,0,0,0
113,92,6,122,122,0,0,122,122,0,0
113,93,3,335,335,327,327,9,9,0,0
113,94,1.47,83,83,83,83,0,0,0,0
113,95,1,15,15,0,0,15,15,0,0
113,97,1,62,62,62,62,0,0,0,0
113,98,1.79,41,41,36,36,5,5,0,0
113,99,2,63,63,59,59,4,4,0,0
113,100,1,69,69,69,69,0,0,0,0
113,101,3,163,163,83,83,80,80,55,55
113,102,2,71,71,47,47,25,25,0,0
113,103,2,128,128,108,108,20,20,0,0
113,104,2.85,109,109,79,79,29,29,0,0
113,105,4.15,121,121,55,55,67,67,0,0
113,107,1,45,45,45,45,0,0,0,0
113,109,1,41,41,41,41,0,0,0,0
113,110,1.72,72,72,48,48,24,24,0,0
113,111,0.28,18,18,18,18,0,0,0,0
113,112,3,109,109,60,60,49,49,20,20
113,113,2,25,25,0,0,25,25,11,11
113,114,2,79,79,45,45,34,34,0,0
113,115,2,71,71,0,0,71,71,44,44
113,116,1,162,162,41,41,41,41,0,0
113,117,1,121,121,121,121,0,0,0,0
113,118,1,66,66,66,66,0,0,0,0
113,119,0.6,12,12,0,0,12,12,0,0
113,121,2,172,172,66,66,35,35,0,0
113,122,5,1002,1002,715,715,287,287,0,0
113,123,6.34,2407,2407,355,355,2051,2051,0,0
113,124,5.57,3377,3377,1458,1458,1917,1917,0,0
113,125,5.09,481,481,300,300,60,60,0,0
113,126,2,209,209,209,209,0,0,0,0
113,127,1,9,9,0,0,9,9,0,0
114,0,0.99,35,35,35,35,0,0,0,0
114,1,1.12,26,26,8,8,18,18,0,0
114,3,1,79,79,20,20,20,20,0,0
114,16,0.26,40,40,10,10,10,10,0,0
114,20,1,194,194,194,194,0,0,0,0
114,23,1.14,153,153,153,153,0,0,0,0
114,24,2.92,394,394,394,394,0,0,0,0
114,25,1.09,60,60,60,60,0,0,0,0
114,28,1,16,16,0,0,16,16,0,0
114,32,1,29,29,0,0,29,29,0,0
114,33,1,21,21,0,0,21,21,0,0
114,34,2,45,45,0,0,45,45,0,0
114,35,1,10,10,0,0,10,10,0,0
114,36,1.49,112,112,102,102,10,10,0,0
114,37,0.93,63,63,48,48,15,15,0,0
114,38,1.67,132,132,132,132,0,0,0,0
114,39,1,105,105,105,105,0,0,0,0
114,40,1,11,11,0,0,11,11,0,0
114,41,1,18,18,0,0,18,18,0,0
114,42,1,24,24,0,0,24,24,0,0
114,43,1,28,28,0,0,28,28,0,0
114,44,1.03,14,14,0,0,14,14,0,0
114,45,0.97,31,31,0,0,31,31,0,0
114,46,1.39,152,152,137,137,15,15,0,0
114,47,1.62,70,70,58,58,12,12,0,0
114,48,1,59,59,59,59,0,0,0,0
114,50,2.05,122,122,122,122,0,0,0,0
114,51,1.11,50,50,50,50,0,0,0,0
114,52,1.49,472,472,255,255,216,216,0,0
114,53,0.88,643,643,0,0,643,643,0,0
114,56,2,82,82,53,53,29,29,0,0
114,60,0.32,804,804,0,0,804,804,0,0
114,61,3.42,3718,3718,0,0,3718,3718,0,0
114,62,0.46,197,197,0,0,197,197,0,0
114,63,1.58,892,892,0,0,892,892,0,0
114,64,1,840,840,0,0,840,840,0,0
114,65,1,21,21,0,0,21,21,0,0
114,66,1.55,1417,1417,0,0,1417,1417,0,0
114,67,1.62,837,837,0,0,837,837,0,0
114,69,2.5,3045,3045,0,0,3045,3045,0,0
114,70,2.38,821,821,575,575,246,246,0,0
114,71,2,167,167,167,167,0,0,0,0
114,72,2.25,146,146,146,146,0,0,0,0
114,74,1,78,78,20,20,20,20,0,0
114,76,1,175,175,175,175,0,0,0,0
114,77,1.69,238,238,238,238,0,0,0,0
114,78,2.46,330,330,323,323,7,7,0,0
114,79,2.16,104,104,86,86,18,18,0,0
114,80,5.55,766,766,662,662,76,76,0,0
114,81,2.29,385,385,385,385,0,0,0,0
114,82,2,117,117,85,85,32,32,0,0
114,83,2.45,200,200,192,192,8,8,0,0
114,86,2,205,205,185,185,19,19,0,0
114,88,1,15,15,0,0,15,15,0,0
114,90,1,22,22,0,0,22,22,0,0
114,91,0.6,7,7,0,0,7,7,0,0
114,92,8.4,688,688,596,596,92,92,0,0
114,93,2.01,49,49,19,19,31,31,0,0
114,94,8.51,1352,1352,1262,1262,30,30,0,0
114,95,1.24,76,76,74,74,0,0,0,0
114,97,1.48,145,145,145,145,0,0,0,0
114,98,1.74,167,167,167,167,0,0,0,0
114,100,1,7,7,0,0,7,7,0,0
114,101,1,174,174,174,174,0,0,0,0
114,102,1.05,34,34,3,3,32,32,0,0
114,103,2,185,185,162,162,24,24,0,0
114,104,1,43,43,43,43,0,0,0,0
114,105,1,27,27,0,0,27,27,0,0
114,106,1,85,85,85,85,0,0,0,0
114,107,2,103,103,88,88,15,15,0,0
114,108,1,26,26,0,0,26,26,0,0
114,110,3,152,152,119,119,33,33,0,0
114,111,3,64,64,0,0,64,64,0,0
114,113,3.04,118,118,92,92,26,26,0,0
114,115,2,66,66,47,47,19,19,0,0
114,117,1.02,76,76,76,76,0,0,0,0
114,118,1,49,49,0,0,49,49,49,49
114,122,1.14,356,356,356,356,0,0,0,0
114,123,0.15,46,46,46,46,1,1,0,0
114,124,3.48,1290,1290,1250,1250,13,13,0,0
114,125,10.15,4511,4511,2791,2791,1602,1602,0,0
114,126,8.29,2266,2266,1848,1848,373,373,0,0
114,127,4.3,1833,1833,1330,1330,168,168,0,0
115,0,0.05,3,3,3,3,0,0,0,0
115,1,2.06,140,140,140,140,0,0,0,0
115,2,1.71,170,170,170,170,0,0,0,0
115,5,0.02,2,2,2,2,0,0,0,0
115,6,1,325,325,0,0,325,325,0,0
115,19,1,81,81,81,81,0,0,0,0
115,23,2.52,383,383,383,383,0,0,0,0
115,24,2.45,359,359,333,333,26,26,0,0
115,26,0.11,56,56,56,56,0,0,0,0
115,27,1.89,469,469,438,438,30,30,0,0
115,29,1,30,30,0,0,30,30,0,0
115,31,0.68,110,110,110,110,0,0,0,0
115,33,1,53,53,53,53,0,0,0,0
115,34,2.65,185,185,155,155,30,30,0,0
115,35,3,72,72,0,0,72,72,0,0
115,36,2,81,81,57,57,24,24,0,0
115,37,2.01,126,126,126,126,0,0,0,0
115,38,3.99,633,633,633,633,0,0,0,0
115,39,3.01,311,311,311,311,0,0,0,0
115,40,1,49,49,49,49,0,0,0,0
115,42,1,26,26,0,0,26,26,0,0
115,45,1,22,22,0,0,22,22,0,0
115,46,4.61,604,604,580,580,24,24,0,0
115,47,2,41,41,0,0,41,41,0,0
115,49,2,153,153,83,83,23,23,0,0
115,50,3.23,408,408,408,408,0,0,0,0
115,51,5.32,440,440,417,417,22,22,0,0
115,52,1.07,332,332,231,231,101,101,0,0
115,53,3.64,3518,3518,333,333,3185,3185,0,0
115,54,4.56,1259,1259,222,222,1037,1037,0,0
115,55,1.35,263,263,256,256,7,7,0,0
115,57,1,64,64,0,0,64,64,0,0
115,61,0.01,33,33,0,0,33,33,0,0
115,62,0.67,30,30,0,0,30,30,0,0
115,63,1.87,436,436,0,0,436,436,0,0
115,66,0.51,2005,2005,0,0,2005,2005,0,0
115,67,0.87,2487,2487,0,0,2487,2487,0,0
115,68,1.68,32,32,0,0,32,32,0,0
115,69,0.09,14,14,14,14,0,0,0,0
115,70,0.57,126,126,126,126,0,0,0,0
115,71,4.37,467,467,406,406,61,61,0,0
115,72,0.82,322,322,322,322,0,0,0,0
115,73,0.97,770,770,35,35,0,0,0,0
115,74,1.3,1011,1011,375,375,0,0,561,561
115,75,3.38,2430,2430,2430,2430,0,0,0,0
115,76,4.97,1189,1189,1189,1189,0,0,0,0
115,77,1.1,127,127,127,127,0,0,0,0
115,78,1.53,340,340,313,313,28,28,0,0
115,82,2,139,139,119,119,20,20,0,0
115,83,2.55,72,72,43,43,28,28,0,0
115,85,1,24,24,0,0,24,24,0,0
115,86,1.07,25,25,6,6,19,19,0,0
115,87,0.87,77,77,77,77,0,0,0,0
115,89,1,21,21,0,0,21,21,0,0
115,91,0.26,52,52,52,52,0,0,0,0
115,92,1,30,30,0,0,30,30,0,0
115,93,2,735,735,727,727,9,9,0,0
115,94,6.74,2583,2583,2583,2583,0,0,0,0
115,95,7.48,1823,1823,1808,1808,5,5,0,0
115,96,5.66,1226,1226,1051,1051,58,58,0,0
115,97,2.78,618,618,618,618,0,0,0,0
115,98,1.14,466,466,466,466,0,0,0,0
115,99,2,76,76,43,43,33,33,0,0
115,100,1,9,9,0,0,9,9,0,0
115,102,2.78,131,131,98,98,33,33,0,0
115,103,0.18,9,9,9,9,0,0,0,0
115,104,3,154,154,51,51,103,103,73,73
115,107,1,89,89,89,89,0,0,0,0
115,113,1.96,109,109,77,77,32,32,0,0
115,116,5.11,508,508,440,440,68,68,0,0
115,117,4.14,216,216,176,176,39,39,0,0
115,118,0.72,189,189,189,189,0,0,0,0
115,119,5.54,162,162,76,76,87,87,0,0
115,120,1.37,53,53,53,53,0,0,0,0
115,121,0.63,28,28,28,28,0,0,0,0
115,122,0.32,4,4,0,0,4,4,0,0
115,123,2.69,147,147,115,115,32,32,0,0
115,124,4.6,2504,2504,1316,1316,1187,1187,0,0
115,125,6.53,3573,3573,3573,3573,0,0,0,0
115,126,4.57,4461,4461,4461,4461,0,0,0,0
115,127,5.8,4507,4507,4507,4507,0,0,0,0
116,1,0.8,101,101,100,100,1,1,0,0
116,2,1.29,103,103,103,103,0,0,0,0
116,5,2.98,134,134,86,86,49,49,0,0
116,6,2,62,62,37,37,25,25,0,0
116,7,1,26,26,0,0,26,26,0,0
116,8,0.93,213,213,213,213,0,0,0,0
116,9,1.07,195,195,195,195,0,0,0,0
116,17,1.25,233,233,233,233,0,0,0,0
116,18,0.75,187,187,187,187,0,0,0,0
116,23,0.03,4,4,4,4,0,0,0,0
116,24,3,351,351,351,351,0,0,0,0
116,25,3,190,190,159,159,31,31,0,0
116,26,1.96,277,277,277,277,0,0,0,0
116,27,0.04,8,8,8,8,0,0,0,0
116,28,1.66,136,136,136,136,0,0,0,0
116,29,2,246,246,246,246,0,0,0,0
116,31,0.32,52,52,52,52,0,0,0,0
116,33,1,62,62,62,62,0,0,0,0
116,34,1.35,281,281,281,281,0,0,0,0
116,36,2.05,72,72,38,38,33,33,0,0
116,37,0.95,53,53,53,53,0,0,0,0
116,38,2,78,78,78,78,0,0,0,0
116,39,3.98,186,186,141,141,45,45,0,0
116,40,3.14,157,157,124,124,34,34,0,0
116,41,2.71,118,118,82,82,37,37,0,0
116,42,2,49,49,0,0,49,49,0,0
116,43,1,22,22,0,0,22,22,0,0
116,44,0.81,431,431,431,431,0,0,0,0
116,45,6.59,612,612,556,556,57,57,12,12
116,46,5,625,625,604,604,22,22,0,0
116,47,3.74,759,759,759,759,0,0,0,0
116,48,0.17,75,75,75,75,0,0,0,0
116,50,1.42,350,350,287,287,63,63,0,0
116,52,1,87,87,0,0,87,87,0,0
116,53,3.88,1381,1381,454,454,926,926,0,0
116,54,4.06,4097,4097,285,285,3812,3812,0,0
116,55,4.24,560,560,536,536,24,24,0,0
116,56,1.04,23,23,0,0,23,23,0,0
116,60,1,21,21,0,0,21,21,0,0
116,64,1,58,58,0,0,58,58,0,0
116,65,1,600,600,0,0,600,600,0,0
116,66,1,37,37,37,37,0,0,0,0
116,67,0.32,14,14,14,14,0,0,0,0
116,68,1,19,19,0,0,19,19,0,0
116,69,2.25,346,346,343,343,3,3,0,0
116,70,4.66,368,368,361,361,7,7,0,0
116,71,1.06,37,37,16,16,21,21,0,0
116,72,4.53,1617,1617,1324,1324,98,98,0,0
116,73,4.44,2796,2796,2796,2796,0,0,0,0
116,74,6.64,2323,2323,2323,2323,0,0,0,0
116,75,4.65,3462,3462,3462,3462,0,0,0,0
116,76,6.36,3555,3555,3555,3555,0,0,0,0
116,77,9.09,2079,2079,2079,2079,0,0,0,0
116,78,5.92,2881,2881,2818,2818,0,0,63,63
116,79,3.12,563,563,563,563,0,0,0,0
116,80,2,56,56,56,56,0,0,0,0
116,82,1,23,23,0,0,23,23,0,0
116,83,1,20,20,0,0,20,20,0,0
116,84,1,30,30,0,0,30,30,0,0
116,86,1,29,29,0,0,29,29,0,0
116,87,0.95,56,56,56,56,0,0,0,0
116,88,2,123,123,123,123,0,0,0,0
116,89,1,244,244,244,244,0,0,0,0
116,91,1.74,164,164,151,151,13,13,0,0
116,92,2.59,982,982,982,982,0,0,0,0
116,93,8.28,2601,2601,2601,2601,0,0,0,0
116,94,11.26,2708,2708,2708,2708,0,0,0,0
116,95,3.3,3420,3420,3420,3420,0,0,0,0
116,96,6.12,4689,4689,4126,4126,188,188,0,0
116,97,5.91,2239,2239,2239,2239,0,0,0,0
116,98,5.45,390,390,228,228,162,162,0,0
116,102,2,64,64,50,50,14,14,0,0
116,103,4,140,140,109,109,31,31,0,0
116,106,0.84,130,130,130,130,0,0,0,0
116,107,3.16,223,223,207,207,17,17,0,0
116,108,1,110,110,110,110,0,0,0,0
116,109,2,256,256,256,256,0,0,0,0
116,111,4,204,204,155,155,49,49,35,35
116,115,1,16,16,0,0,16,16,0,0
116,116,0.01,2,2,2,2,0,0,0,0
116,118,2,287,287,287,287,0,0,0,0
116,119,1.46,86,86,86,86,0,0,0,0
116,120,2,128,128,93,93,35,35,0,0
116,121,1,46,46,46,46,0,0,0,0
116,123,1.77,914,914,914,914,0,0,0,0
116,124,2.64,1617,1617,1617,1617,0,0,0,0
116,125,6.95,3655,3655,3655,3655,0,0,0,0
116,126,2.98,4946,4946,4946,4946,0,0,0,0
116,127,5.02,4673,4673,4673,4673,0,0,0,0
117,0,0.91,548,548,548,548,0,0,0,0
117,1,0.97,28,28,0,0,28,28,0,0
117,6,0.27,21,21,21,21,0,0,0,0
117,7,1.73,150,150,150,150,0,0,0,0
117,13,2.56,394,394,394,394,0,0,0,0
117,14,0.44,59,59,59,59,0,0,0,0
117,15,1,86,86,86,86,0,0,0,0
117,17,1,28,28,0,0,28,28,0,0
117,20,0.29,29,29,29,29,0,0,0,0
117,21,0.71,72,72,72,72,0,0,0,0
117,22,1,22,22,0,0,22,22,0,0
117,23,1,18,18,0,0,18,18,0,0
117,24,1,40,40,40,40,0,0,0,0
117,25,1,16,16,0,0,16,16,0,0
117,26,2,35,35,0,0,35,35,0,0
117,27,1,233,233,58,58,58,58,0,0
117,28,2.01,324,324,324,324,0,0,0,0
117,34,1.88,136,136,120,120,16,16,0,0
117,35,3,362,362,360,360,2,2,0,0
117,36,2.13,123,123,106,106,18,18,0,0
117,39,1.51,48,48,7,7,41,41,0,0
117,40,2.99,501,501,485,485,16,16,0,0
117,41,1.14,44,44,16,16,27,27,0,0
117,42,1,19,19,0,0,19,19,0,0
117,43,5.63,1215,1215,1184,1184,32,32,0,0
117,44,1.59,568,568,537,537,31,31,0,0
117,45,3.43,194,194,152,152,43,43,0,0
117,46,3.25,480,480,468,468,12,12,0,0
117,47,4.06,851,851,828,828,23,23,0,0
117,48,2.01,158,158,132,132,25,25,0,0
117,49,1,77,77,77,77,0,0,0,0
117,50,3.58,507,507,58,58,449,449,0,0
117,52,1.01,219,219,1,1,218,218,0,0
117,53,1.99,376,376,376,376,0,0,0,0
117,54,1.08,332,332,0,0,332,332,0,0
117,55,0.04,7,7,5,5,2,2,0,0
117,56,1,24,24,0,0,24,24,0,0
117,57,1.17,496,496,0,0,496,496,0,0
117,58,0.66,1903,1903,0,0,1903,1903,0,0
117,59,2,36,36,0,0,36,36,0,0
117,60,5,239,239,0,0,239,239,0,0
117,66,1,44,44,44,44,0,0,0,0
117,67,1.68,114,114,114,114,0,0,0,0
117,70,2,25,25,0,0,25,25,17,17
117,72,3.12,2163,2163,947,947,405,405,0,0
117,73,8.73,4410,4410,4410,4410,0,0,0,0
117,74,6.43,4163,4163,4163,4163,0,0,0,0
117,75,3.94,5820,5820,5820,5820,0,0,0,0
117,76,8.61,5480,5480,5423,5423,0,0,57,57
117,77,7.51,4798,4798,4768,4768,0,0,30,30
117,78,4.2,5677,5677,5677,5677,0,0,0,0
117,79,6,4904,4904,4904,4904,0,0,0,0
117,80,4.03,1204,1204,1107,1107,32,32,0,0
117,81,1,20,20,1,1,19,19,0,0
117,84,1,34,34,0,0,34,34,0,0
117,86,1.61,168,168,134,134,34,34,0,0
117,87,4.01,475,475,475,475,0,0,0,0
117,88,3.34,1546,1546,1546,1546,0,0,0,0
117,89,0.88,225,225,225,225,0,0,0,0
117,91,0.95,206,206,206,206,0,0,0,0
117,92,2.94,880,880,880,880,0,0,0,0
117,93,5.03,3440,3440,3440,3440,0,0,0,0
117,94,5.57,4468,4468,4468,4468,0,0,0,0
117,95,5.62,5880,5880,5880,5880,0,0,0,0
117,96,5.46,5591,5591,5591,5591,0,0,0,0
117,97,5.88,2878,2878,2878,2878,0,0,0,0
117,98,2.26,668,668,346,346,322,322,0,0
117,100,4.01,223,223,223,223,0,0,0,0
117,101,0.22,276,276,276,276,0,0,0,0
117,103,2,101,101,101,101,0,0,0,0
117,105,1,7,7,0,0,7,7,0,0
117,106,2,104,104,104,104,0,0,0,0
117,108,2,144,144,144,144,0,0,0,0
117,109,4.53,350,350,299,299,51,51,0,0
117,110,1.47,246,246,246,246,0,0,0,0
117,113,2,124,124,101,101,22,22,0,0
117,114,2.07,88,88,88,88,0,0,0,0
117,115,2.93,322,322,303,303,20,20,0,0
117,116,4,95,95,50,50,45,45,17,17
117,117,0.93,52,52,52,52,0,0,0,0
117,118,5.07,224,224,216,216,9,9,0,0
117,120,4.71,141,141,94,94,47,47,20,20
117,121,0.7,44,44,44,44,0,0,0,0
117,122,0.19,28,28,28,28,0,0,0,0
117,123,7.4,2337,2337,2337,2337,0,0,0,0
117,124,2.6,1454,1454,1454,1454,0,0,0,0
117,125,6.24,3254,3254,3254,3254,0,0,0,0
117,126,3.45,5236,5236,5236,5236,0,0,0,0
117,127,6.01,2477,2477,2477,2477,0,0,0,0
118,0,3.09,146,146,124,124,13,13,0,0
118,1,1,26,26,0,0,26,26,0,0
118,19,0.82,113,113,113,113,0,0,0,0
118,20,1.18,170,170,170,170,0,0,0,0
118,21,0.67,198,198,198,198,0,0,0,0
118,22,1,27,27,0,0,27,27,0,0
118,23,2,149,149,149,149,0,0,0,0
118,24,2.1,94,94,64,64,30,30,0,0
118,27,1,21,21,0,0,21,21,0,0
118,28,0.33,121,121,121,121,0,0,0,0
118,29,1,91,91,91,91,0,0,0,0
118,32,1,244,244,244,244,0,0,0,0
118,33,1,206,206,206,206,0,0,0,0
118,35,1,541,541,541,541,0,0,0,0
118,36,0.2,5,5,0,0,5,5,0,0
118,37,1.1,66,66,47,47,19,19,0,0
118,38,6.64,1205,1205,1187,1187,19,19,0,0
118,39,3.72,511,511,459,459,52,52,0,0
118,40,5.01,99,99,0,0,99,99,0,0
118,41,2,238,238,238,238,0,0,0,0
118,43,0.37,14,14,14,14,0,0,0,0
118,45,1.71,82,82,75,75,7,7,0,0
118,46,2.64,40,40,0,0,40,40,0,0
118,48,0.88,204,204,204,204,0,0,0,0
118,49,0.14,47,47,47,47,0,0,0,0
118,50,0.78,152,152,0,0,152,152,0,0
118,51,3.78,2883,2883,365,365,2518,2518,0,0
118,52,1.72,2641,2641,0,0,2641,2641,0,0
118,53,2.42,2471,2471,0,0,2471,2471,0,0
118,54,1.22,667,667,0,0,667,667,0,0
118,57,1.08,368,368,38,38,253,253,0,0
118,58,0.73,340,340,0,0,340,340,0,0
118,59,1,20,20,0,0,20,20,0,0
118,60,1,16,16,0,0,16,16,0,0
118,61,2.14,385,385,0,0,385,385,0,0
118,62,1.38,4720,4720,0,0,4720,4720,0,0
118,63,0.3,2993,2993,0,0,2993,2993,0,0
118,64,2.74,110,110,48,48,62,62,0,0
118,65,2.26,135,135,103,103,32,32,0,0
118,66,0.03,3,3,3,3,0,0,0,0
118,67,0.97,105,105,105,105,0,0,0,0
118,69,1.49,156,156,141,141,14,14,0,0
118,73,5.8,2818,2818,2818,2818,0,0,0,0
118,74,2.97,5138,5138,5138,5138,0,0,0,0
118,75,4,2669,2669,2669,2669,0,0,0,0
118,76,2.95,2600,2600,2600,2600,0,0,0,0
118,77,9.07,4032,4032,4032,4032,0,0,0,0
118,78,5.53,4901,4901,4901,4901,0,0,0,0
118,79,7.88,3491,3491,3491,3491,0,0,0,0
118,80,8.87,3407,3407,3343,3343,21,21,0,0
118,81,8.25,2155,2155,2155,2155,0,0,0,0
118,82,2.86,558,558,558,558,0,0,0,0
118,83,2.89,372,372,372,372,0,0,0,0
118,84,1,47,47,47,47,0,0,0,0
118,85,0.05,2,2,2,2,0,0,0,0
118,86,5.57,394,394,394,394,0,0,0,0
118,87,6.14,2483,2483,2415,2415,23,23,0,0
118,88,6.04,3043,3043,2989,2989,18,18,0,0
118,89,7.26,1567,1567,1406,1406,53,53,0,0
118,90,6.67,1671,1671,1671,1671,0,0,0,0
118,91,4.05,2272,2272,2272,2272,0,0,0,0
118,92,5.55,2846,2846,2846,2846,0,0,0,0
118,93,10.77,3424,3424,3424,3424,0,0,0,0
118,94,3.6,4628,4628,4628,4628,0,0,0,0
118,95,6.04,4519,4519,3691,3691,632,632,197,197
118,96,7.42,4220,4220,4220,4220,0,0,0,0
118,97,10.09,3553,3553,3553,3553,0,0,0,0
118,98,1.71,259,259,259,259,0,0,0,0
118,99,2.14,981,981,981,981,0,0,0,0
118,100,7.98,3774,3774,3774,3774,0,0,0,0
118,101,7.41,2060,2060,2060,2060,0,0,0,0
118,102,1.08,94,94,94,94,0,0,0,0
118,103,4,106,106,49,49,57,57,0,0
118,105,1,65,65,65,65,0,0,0,0
118,108,1.97,300,300,300,300,0,0,0,0
118,109,0.03,8,8,8,8,0,0,0,0
118,110,1,15,15,0,0,15,15,0,0
118,112,1,98,98,98,98,0,0,0,0
118,114,4,65,65,0,0,65,65,0,0
118,115,3,165,165,114,114,50,50,0,0
118,116,1,39,39,39,39,0,0,0,0
118,117,1,69,69,69,69,0,0,0,0
118,118,1.57,59,59,47,47,12,12,0,0
118,119,1.06,13,13,2,2,11,11,0,0
118,120,1,84,84,84,84,0,0,0,0
118,121,2.59,66,66,59,59,7,7,0,0
118,122,6.1,3017,3017,3017,3017,0,0,0,0
118,123,4.31,3437,3437,3437,3437,0,0,0,0
118,124,2.1,2586,2586,2586,2586,0,0,0,0
118,125,2.95,3905,3905,3905,3905,0,0,0,0
118,126,4.17,4642,4642,4642,4642,0,0,0,0
118,127,2.46,5505,5505,5505,5505,0,0,0,0
119,1,2,37,37,0,0,37,37,0,0
119,4,1,178,178,178,178,0,0,0,0
119,5,1.02,25,25,4,4,21,21,0,0
119,6,1.49,50,50,18,18,32,32,0,0
119,7,2.89,41,41,0,0,41,41,0,0
119,20,0.95,109,109,27,27,27,27,0,0
119,21,1.5,157,157,119,119,35,35,0,0
119,22,2.46,487,487,455,455,31,31,0,0
119,23,1,78,78,78,78,0,0,0,0
119,24,1.98,85,85,85,85,0,0,0,0
119,25,2,70,70,50,50,20,20,0,0
119,26,1.05,75,75,74,74,1,1,0,0
119,27,0.95,26,26,0,0,26,26,0,0
119,28,1,425,425,425,425,0,0,0,0
119,29,1,149,149,149,149,0,0,0,0
119,30,0.24,87,87,87,87,0,0,0,0
119,31,2,153,153,153,153,0,0,0,0
119,32,4,220,220,138,138,82,82,0,0
119,33,3.85,350,350,288,288,62,62,0,0
119,34,2.19,1253,1253,22,22,1231,1231,0,0
119,35,1.8,2311,2311,190,190,2121,2121,0,0
119,36,3.34,763,763,745,745,18,18,0,0
119,38,2.04,837,837,822,822,14,14,0,0
119,39,0.49,18,18,11,11,8,8,0,0
119,40,4.51,133,133,59,59,74,74,0,0
119,41,2,273,273,273,273,0,0,0,0
119,44,0.54,191,191,191,191,0,0,0,0
119,45,0.46,166,166,166,166,0,0,0,0
119,46,1,156,156,156,156,0,0,0,0
119,48,1.74,252,252,252,252,0,0,0,0
119,49,3.52,1928,1928,78,78,1850,1850,0,0
119,50,3.22,1636,1636,0,0,1636,1636,0,0
119,51,0.76,1009,1009,100,100,908,908,0,0
119,52,1.66,2649,2649,0,0,2649,2649,0,0
119,53,1.54,1687,1687,0,0,1687,1687,0,0
119,58,0.36,34,34,0,0,34,34,0,0
119,61,3.11,2999,2999,0,0,2999,2999,0,0
119,62,0.87,939,939,0,0,939,939,0,0
119,63,0.22,2158,2158,0,0,2158,2158,0,0
119,64,1,25,25,0,0,25,25,0,0
119,65,1,13,13,0,0,13,13,0,0
119,66,1.35,98,98,98,98,0,0,0,0
119,67,0.11,19,19,19,19,0,0,0,0
119,68,2,65,65,45,45,20,20,0,0
119,69,3.51,360,360,327,327,33,33,33,33
119,70,1,28,28,0,0,28,28,0,0
119,71,0.85,214,214,214,214,0,0,0,0
119,72,2.93,1940,1940,556,556,1384,1384,0,0
119,73,5.44,3294,3294,3294,3294,0,0,0,0
119,74,5.08,4186,4186,3443,3443,743,743,0,0
119,75,2.08,1451,1451,356,356,1095,1095,0,0
119,76,2.48,2452,2452,2452,2452,0,0,0,0
119,77,6.83,3282,3282,3036,3036,0,0,246,246
119,78,4.86,3641,3641,3641,3641,0,0,0,0
119,79,10.41,3935,3935,3935,3935,0,0,0,0
119,80,6.84,2820,2820,2482,2482,113,113,0,0
119,81,5.19,3603,3603,3603,3603,0,0,0,0
119,82,5.41,2894,2894,2894,2894,0,0,0,0
119,83,1.25,421,421,421,421,0,0,0,0
119,84,0.08,87,87,87,87,0,0,0,0
119,85,1.76,1005,1005,1005,1005,0,0,0,0
119,86,1.68,71,71,71,71,0,0,0,0
119,87,7.2,1708,1708,1708,1708,0,0,0,0
119,88,6.24,2825,2825,2825,2825,0,0,0,0
119,89,3.93,3768,3768,3768,3768,0,0,0,0
119,90,9.86,3741,3741,3741,3741,0,0,0,0
119,91,7.24,3297,3297,3152,3152,0,0,146,146
119,92,8.8,4942,4942,4942,4942,0,0,0,0
119,93,7.25,3639,3639,3639,3639,0,0,0,0
119,94,6.77,3248,3248,2313,2313,535,535,798,798
119,95,4.83,4538,4538,4048,4048,451,451,77,77
119,96,3.03,4332,4332,4143,4143,189,189,0,0
119,97,7.07,5399,5399,5399,5399,0,0,0,0
119,98,9.41,4046,4046,4046,4046,0,0,0,0
119,99,7.61,4333,4333,3622,3622,237,237,0,0
119,100,6.6,1114,1114,1114,1114,0,0,0,0
119,102,1.9,583,583,583,583,0,0,0,0
119,103,1,15,15,0,0,15,15,0,0
119,106,1,16,16,0,0,16,16,0,0
119,109,1,22,22,0,0,22,22,0,0
119,111,1,31,31,0,0,31,31,0,0
119,114,4,174,174,143,143,31,31,0,0
119,115,2,119,119,119,119,0,0,0,0
119,116,1,23,23,0,0,23,23,0,0
119,117,1.32,74,74,62,62,12,12,0,0
119,118,4.1,442,442,402,402,41,41,0,0
119,119,1.94,56,56,38,38,18,18,0,0
119,120,2.52,204,204,189,189,15,15,0,0
119,121,5.37,2123,2123,1484,1484,639,639,0,0
119,122,4.87,2394,2394,2394,2394,0,0,0,0
119,123,5.19,4097,4097,4097,4097,0,0,0,0
119,124,4.54,4334,4334,4334,4334,0,0,0,0
119,125,0.87,2307,2307,2307,2307,0,0,0,0
119,126,3.68,5609,5609,5609,5609,0,0,0,0
119,127,3.53,5502,5502,5336,5336,56,56,0,0
120,0,0.15,9,9,9,9,0,0,0,0
120,1,0.85,51,51,51,51,0,0,0,0
120,3,0.97,41,41,41,41,0,0,0,0
120,4,2.27,143,143,129,129,15,15,0,0
120,5,2.27,281,281,281,281,0,0,0,0
120,6,3.51,89,89,55,55,35,35,0,0
120,7,2.11,42,42,0,0,42,42,0,0
120,9,3,126,126,120,120,6,6,0,0
120,17,1,33,33,0,0,33,33,0,0
120,21,1.93,316,316,316,316,0,0,0,0
120,22,2.49,518,518,484,484,34,34,0,0
120,24,0.92,73,73,73,73,0,0,0,0
120,25,2,196,196,196,196,0,0,0,0
120,26,0.6,19,19,0,0,19,19,0,0
120,28,1,20,20,0,0,20,20,0,0
120,29,1.01,233,233,233,233,0,0,0,0
120,30,0.75,271,271,271,271,0,0,0,0
120,31,1,63,63,63,63,0,0,0,0
120,32,1,161,161,161,161,0,0,0,0
120,33,1.15,120,120,120,120,0,0,0,0
120,34,3.18,371,371,360,360,11,11,0,0
120,35,2.97,381,381,353,353,28,28,0,0
120,36,5.64,2009,2009,2009,2009,0,0,0,0
120,37,2.08,1011,1011,1011,1011,0,0,0,0
120,38,0.62,378,378,378,378,0,0,0,0
120,39,1,297,297,297,297,0,0,0,0
120,40,3.3,561,561,561,561,0,0,0,0
120,41,1.88,1172,1172,729,729,442,442,0,0
120,42,2.57,1515,1515,1515,1515,0,0,0,0
120,44,1,20,20,0,0,20,20,0,0
120,45,0.07,7,7,7,7,0,0,0,0
120,46,2.93,336,336,336,336,0,0,0,0
120,48,1.52,710,710,0,0,710,710,0,0
120,49,1.19,521,521,0,0,521,521,0,0
120,50,0.71,2348,2348,0,0,2348,2348,0,0
120,51,2.02,4428,4428,0,0,4428,4428,0,0
120,52,1.08,2067,2067,0,0,2067,2067,0,0
120,54,1.98,706,706,0,0,706,706,0,0
120,56,0.41,1527,1527,0,0,1527,1527,0,0
120,57,1.34,2651,2651,0,0,2651,2651,0,0
120,59,0.05,342,342,0,0,342,342,0,0
120,60,0.39,2746,2746,0,0,2746,2746,0,0
120,61,0.98,482,482,0,0,482,482,0,0
120,66,0.37,66,66,66,66,0,0,0,0
120,67,0.17,31,31,31,31,0,0,0,0
120,69,2,42,42,0,0,42,42,0,0
120,71,1.15,50,50,39,39,11,11,0,0
120,72,3.82,2460,2460,2460,2460,0,0,0,0
120,73,3.64,5509,5509,5509,5509,0,0,0,0
120,74,2.34,5191,5191,5191,5191,0,0,0,0
120,75,2.39,5605,5605,5597,5597,8,8,0,0
120,76,3.71,2422,2422,2422,2422,0,0,0,0
120,77,2.34,2497,2497,1929,1929,0,0,568,568
120,78,4.09,1860,1860,1860,1860,0,0,0,0
120,79,5.27,2717,2717,2616,2616,34,34,0,0
120,80,4.18,2386,2386,2310,2310,25,25,0,0
120,81,6.98,2436,2436,2259,2259,59,59,0,0
120,82,4.91,968,968,968,968,0,0,0,0
120,83,1.63,220,220,220,220,0,0,0,0
120,84,1.94,244,244,244,244,0,0,0,0
120,85,6.02,1056,1056,1056,1056,0,0,0,0
120,86,1.04,419,419,419,419,0,0,0,0
120,87,3,324,324,324,324,0,0,0,0
120,88,4.67,1284,1284,1284,1284,0,0,0,0
120,89,7.42,4002,4002,4002,4002,0,0,0,0
120,90,6.87,4330,4330,4330,4330,0,0,0,0
120,91,5.04,4466,4466,4463,4463,0,0,2,2
120,92,3.84,3912,3912,3912,3912,0,0,0,0
120,93,9.72,3011,3011,3011,3011,0,0,0,0
120,94,13.7,4505,4505,3991,3991,171,171,685,685
120,95,7.41,5313,5313,4608,4608,42,42,747,747
120,96,4.63,5898,5898,5641,5641,23,23,235,235
120,97,4.05,4484,4484,4484,4484,0,0,0,0
120,98,3.54,4619,4619,4619,4619,0,0,0,0
120,99,9.28,3011,3011,2924,2924,29,29,0,0
120,100,1.2,547,547,517,517,10,10,0,0
120,101,1.44,444,444,444,444,0,0,0,0
120,102,0.89,282,282,282,282,0,0,0,0
120,103,0.23,50,50,50,50,0,0,0,0
120,104,5,249,249,220,220,29,29,0,0
120,105,1.31,46,46,14,14,33,33,0,0
120,106,0.95,71,71,71,71,0,0,0,0
120,107,2,59,59,0,0,59,59,0,0
120,108,0.84,26,26,0,0,26,26,0,0
120,109,1.16,38,38,0,0,38,38,0,0
120,110,0.1,8,8,8,8,0,0,0,0
120,111,5.68,221,221,114,114,107,107,31,31
120,113,1,57,57,57,57,0,0,0,0
120,114,2,57,57,47,47,9,9,0,0
120,117,1,13,13,0,0,13,13,0,0
120,118,4,155,155,27,27,75,75,13,13
120,120,1.29,612,612,612,612,0,0,0,0
120,121,4.66,2707,2707,2192,2192,172,172,0,0
120,122,5.42,2148,2148,2148,2148,0,0,0,0
120,123,4.56,4728,4728,4728,4728,0,0,0,0
120,124,2.65,5068,5068,5068,5068,0,0,0,0
120,125,4.32,4929,4929,4207,4207,723,723,0,0
120,126,3.95,4192,4192,3287,3287,905,905,0,0
120,127,3.35,4617,4617,4617,4617,0,0,0,0
121,0,6,187,187,109,109,78,78,0,0
121,1,3,336,336,336,336,0,0,0,0
121,2,3.61,124,124,64,64,60,60,0,0
121,3,1.5,115,115,106,106,9,9,0,0
121,4,8.18,583,583,500,500,59,59,0,0
121,5,2,242,242,182,182,20,20,0,0
121,6,2,38,38,0,0,38,38,0,0
121,8,0.5,28,28,28,28,0,0,0,0
121,13,1,526,526,526,526,0,0,0,0
121,23,1,66,66,66,66,0,0,0,0
121,25,2,101,101,101,101,0,0,0,0
121,26,0.4,13,13,0,0,13,13,0,0
121,27,0.68,56,56,51,51,5,5,0,0
121,28,2.7,240,240,213,213,28,28,0,0
121,29,2.45,152,152,152,152,0,0,0,0
121,30,1.99,505,505,505,505,0,0,0,0
121,32,1.49,1159,1159,1159,1159,0,0,0,0
121,33,1.46,953,953,953,953,0,0,0,0
121,34,4.18,2587,2587,2587,2587,0,0,0,0
121,35,4.58,2564,2564,2564,2564,0,0,0,0
121,36,4.69,1333,1333,1150,1150,61,61,0,0
121,37,4.86,2193,2193,2193,2193,0,0,0,0
121,38,1.55,4344,4344,4344,4344,0,0,0,0
121,39,2.16,3942,3942,3942,3942,0,0,0,0
121,40,6.03,1989,1989,1989,1989,0,0,0,0
121,41,4.59,1576,1576,1128,1128,448,448,0,0
121,42,5.25,3707,3707,3707,3707,0,0,0,0
121,43,2.25,1044,1044,1044,1044,0,0,0,0
121,44,1,11,11,11,11,0,0,0,0
121,45,2,84,84,58,58,26,26,0,0
121,46,2.67,1580,1580,93,93,1487,1487,0,0
121,48,3.64,1534,1534,0,0,1534,1534,0,0
121,49,0.62,2621,2621,0,0,2621,2621,0,0
121,50,1.99,2732,2732,0,0,2732,2732,0,0
121,51,1.44,1185,1185,0,0,1185,1185,0,0
121,53,3.55,2035,2035,0,0,2035,2035,0,0
121,54,2.02,429,429,57,57,372,372,0,0
121,55,0.01,2,2,0,0,2,2,0,0
121,56,2.91,489,489,0,0,489,489,0,0
121,57,1.25,168,168,0,0,168,168,0,0
121,59,1.31,2174,2174,0,0,2174,2174,0,0
121,60,1.26,1964,1964,0,0,1964,1964,0,0
121,63,1,8,8,0,0,8,8,0,0
121,64,1,19,19,0,0,19,19,0,0
121,65,1,59,59,59,59,0,0,0,0
121,66,1,44,44,44,44,0,0,0,0
121,68,1,40,40,40,40,0,0,0,0
121,69,0.57,12,12,0,0,12,12,0,0
121,70,1.43,35,35,0,0,35,35,0,0
121,71,3.98,755,755,15,15,740,740,0,0
121,72,2.32,732,732,568,568,164,164,0,0
121,73,5.54,4097,4097,4097,4097,0,0,0,0
121,74,2.56,3355,3355,3355,3355,0,0,0,0
121,75,2.21,3818,3818,3810,3810,0,0,8,8
121,76,5.91,2063,2063,2007,2007,0,0,56,56
121,77,4,2829,2829,2829,2829,0,0,0,0
121,78,5.19,957,957,957,957,0,0,0,0
121,79,3.96,821,821,310,310,439,439,0,0
121,80,2.15,675,675,279,279,132,132,0,0
121,81,2.26,709,709,633,633,25,25,0,0
121,83,1.37,67,67,34,34,33,33,0,0
121,84,1,105,105,105,105,0,0,0,0
121,85,3.02,297,297,69,69,100,100,0,0
121,88,3.35,2127,2127,2127,2127,0,0,0,0
121,89,6.2,3043,3043,3043,3043,0,0,0,0
121,90,7.39,4182,4182,4090,4090,31,31,0,0
121,91,5.96,4808,4808,4808,4808,0,0,0,0
121,92,5.03,2009,2009,1917,1917,92,92,0,0
121,93,4.59,3430,3430,3325,3325,105,105,0,0
121,94,6.82,3846,3846,3846,3846,0,0,0,0
121,95,7.72,4261,4261,3848,3848,413,413,0,0
121,96,1.68,1349,1349,1083,1083,266,266,0,0
121,97,9.44,4747,4747,4747,4747,0,0,0,0
121,98,5.85,4581,4581,4516,4516,0,0,65,65
121,99,6.71,1819,1819,1819,1819,0,0,0,0
121,100,3.98,2921,2921,2921,2921,0,0,0,0
121,101,2.91,1788,1788,1788,1788,0,0,0,0
121,102,0.17,51,51,51,51,0,0,0,0
121,103,1.77,186,186,166,166,20,20,0,0
121,104,2.3,630,630,630,630,0,0,0,0
121,105,2.49,486,486,486,486,0,0,0,0
121,106,1.82,225,225,225,225,0,0,0,0
121,107,2.06,123,123,82,82,41,41,0,0
121,108,3.94,149,149,110,110,39,39,0,0
121,109,1,43,43,0,0,43,43,0,0
121,110,0.11,9,9,9,9,0,0,0,0
121,111,2.96,167,167,136,136,31,31,0,0
121,112,3.15,58,58,0,0,58,58,0,0
121,113,2,115,115,101,101,14,14,14,14
121,114,0.99,135,135,135,135,0,0,0,0
121,115,5.01,1332,1332,1309,1309,23,23,0,0
121,116,5,442,442,415,415,27,27,0,0
121,117,1.66,246,246,246,246,0,0,0,0
121,118,5.72,348,348,324,324,24,24,0,0
121,119,2.62,166,166,156,156,10,10,0,0
121,120,3,589,589,43,43,546,546,0,0
121,121,2.82,2065,2065,2062,2062,2,2,0,0
121,122,6.53,3661,3661,3661,3661,0,0,0,0
121,123,4.66,3378,3378,3378,3378,0,0,0,0
121,124,4.59,2421,2421,2421,2421,0,0,0,0
121,125,4.56,4260,4260,4243,4243,17,17,0,0
121,126,3.16,1706,1706,1698,1698,8,8,0,0
121,127,2.04,2805,2805,2805,2805,0,0,0,0
122,0,2.84,218,218,122,122,0,0,96,96
122,1,4.18,426,426,415,415,11,11,0,0
122,2,4.86,682,682,656,656,27,27,0,0
122,3,1,156,156,156,156,0,0,0,0
122,4,0.26,17,17,4,4,4,4,0,0
122,5,0.34,22,22,22,22,0,0,0,0
122,6,3,74,74,43,43,31,31,0,0
122,8,2.5,218,218,218,218,0,0,0,0
122,10,1,100,100,100,100,0,0,0,0
122,24,1,32,32,0,0,32,32,0,0
122,26,1,8,8,0,0,8,8,0,0
122,27,5.08,170,170,62,62,108,108,0,0
122,28,1.11,42,42,11,11,31,31,0,0
122,30,1,217,217,217,217,0,0,0,0
122,31,3.1,724,724,724,724,0,0,0,0
122,32,2.35,5262,5262,5262,5262,0,0,0,0
122,33,6.54,4280,4280,4280,4280,0,0,0,0
122,34,12.56,3955,3955,3955,3955,0,0,0,0
122,35,7.35,4340,4340,4340,4340,0,0,0,0
122,36,5.61,4039,4039,4039,4039,0,0,0,0
122,37,3.87,1142,1142,1142,1142,0,0,0,0
122,38,4.21,4021,4021,4021,4021,0,0,0,0
122,39,7.33,3487,3487,3487,3487,0,0,0,0
122,40,4.46,1887,1887,1887,1887,0,0,0,0
122,41,4.13,3190,3190,1632,1632,519,519,0,0
122,42,4.24,4339,4339,3571,3571,256,256,0,0
122,43,3.91,3916,3916,3916,3916,0,0,0,0
122,44,5.03,712,712,712,712,0,0,0,0
122,45,2.83,1022,1022,264,264,758,758,0,0
122,46,2.36,1961,1961,0,0,1961,1961,0,0
122,47,3.09,1698,1698,0,0,1698,1698,0,0
122,48,3.96,4212,4212,0,0,4212,4212,0,0
122,49,1.94,1829,1829,0,0,1829,1829,0,0
122,50,2.67,3144,3144,0,0,3144,3144,0,0
122,51,2,776,776,0,0,776,776,0,0
122,52,3.36,2667,2667,0,0,2667,2667,0,0
122,53,2.81,2668,2668,0,0,2668,2668,0,0
122,54,0.2,546,546,0,0,546,546,0,0
122,55,1.37,2005,2005,1057,1057,948,948,0,0
122,56,0.86,1863,1863,0,0,1863,1863,0,0
122,58,1.09,1953,1953,0,0,1953,1953,0,0
122,59,1.91,1068,1068,0,0,1068,1068,0,0
122,61,1.09,42,42,0,0,42,42,0,0
122,65,1,76,76,76,76,0,0,0,0
122,70,5.1,677,677,77,77,600,600,0,0
122,71,2,377,377,0,0,377,377,0,0
122,72,2.02,290,290,218,218,73,73,0,0
122,73,1.34,353,353,291,291,62,62,0,0
122,74,4.67,895,895,528,528,288,288,0,0
122,75,4.42,266,266,266,266,0,0,0,0
122,76,4.37,877,877,877,877,0,0,0,0
122,77,1.49,305,305,305,305,0,0,0,0
122,79,0.19,37,37,37,37,0,0,0,0
122,80,2.76,530,530,530,530,0,0,0,0
122,81,1,19,19,0,0,19,19,0,0
122,82,1,23,23,0,0,23,23,0,0
122,83,1,41,41,41,41,0,0,0,0
122,85,4.48,401,401,393,393,8,8,0,0
122,86,1.68,342,342,342,342,0,0,0,0
122,89,0.91,49,49,49,49,0,0,0,0
122,90,1,241,241,241,241,0,0,0,0
122,91,2.01,143,143,143,143,0,0,0,0
122,92,0.83,1461,1461,0,0,1461,1461,0,0
122,93,2.78,3008,3008,635,635,2374,2374,0,0
122,94,5.38,3941,3941,3941,3941,0,0,0,0
122,95,4.68,4613,4613,4607,4607,6,6,0,0
122,96,5.16,3657,3657,3657,3657,0,0,0,0
122,97,7.79,3878,3878,3878,3878,0,0,0,0
122,98,4.31,4465,4465,4465,4465,0,0,0,0
122,99,1.69,1325,1325,1325,1325,0,0,0,0
122,100,0.86,1235,1235,1235,1235,0,0,0,0
122,101,1.98,2853,2853,2853,2853,0,0,0,0
122,102,1.95,736,736,649,649,87,87,0,0
122,104,2.69,98,98,59,59,39,39,0,0
122,105,0.25,23,23,23,23,0,0,0,0
122,106,2.18,142,142,142,142,0,0,0,0
122,107,2.87,141,141,117,117,25,25,0,0
122,110,2.34,162,162,146,146,16,16,0,0
122,111,0.66,141,141,141,141,0,0,0,0
122,112,2,38,38,0,0,38,38,0,0
122,113,3,80,80,57,57,23,23,9,9
122,114,2,125,125,113,113,12,12,0,0
122,115,0.98,66,66,66,66,0,0,0,0
122,116,2.02,712,712,712,712,0,0,0,0
122,117,2,560,560,560,560,0,0,0,0
122,118,2.82,423,423,150,150,273,273,0,0
122,119,1.18,234,234,215,215,18,18,0,0
122,120,1.85,880,880,880,880,0,0,0,0
122,121,8,2085,2085,2085,2085,0,0,0,0
122,122,6.21,3314,3314,3314,3314,0,0,0,0
122,123,7.15,3810,3810,3810,3810,0,0,0,0
122,124,6.7,4032,4032,4032,4032,0,0,0,0
122,125,2.87,4845,4845,4845,4845,0,0,0,0
122,126,5.56,5342,5342,5285,5285,0,0,57,57
122,127,5.13,4391,4391,4121,4121,0,0,271,271
123,0,1,6,6,0,0,6,6,0,0
123,1,3.47,206,206,185,185,21,21,0,0
123,2,2.07,28,28,8,8,19,19,0,0
123,4,0.61,50,50,50,50,0,0,0,0
123,5,2.05,104,104,75,75,29,29,0,0
123,8,1,17,17,0,0,17,17,0,0
123,10,0.94,42,42,42,42,0,0,0,0
123,12,4,105,105,70,70,35,35,0,0
123,15,1,29,29,0,0,29,29,0,0
123,25,1.02,274,274,274,274,0,0,0,0
123,26,1,53,53,53,53,0,0,0,0
123,27,2,186,186,186,186,0,0,0,0
123,28,2,494,494,494,494,0,0,0,0
123,30,2,65,65,60,60,5,5,0,0
123,31,1.33,515,515,515,515,0,0,0,0
123,32,1.8,3099,3099,3099,3099,0,0,0,0
123,33,3.59,4049,4049,4049,4049,0,0,0,0
123,34,7.68,3587,3587,3587,3587,0,0,0,0
123,35,4.65,4407,4407,4407,4407,0,0,0,0
123,36,5.88,4937,4937,4210,4210,727,727,0,0
123,37,4.1,4949,4949,2391,2391,1839,1839,719,719
123,38,2.19,3518,3518,3518,3518,0,0,0,0
123,39,7.06,4030,4030,3023,3023,336,336,0,0
123,40,4.07,3975,3975,3879,3879,96,96,0,0
123,41,2.61,5316,5316,5316,5316,0,0,0,0
123,42,1.72,5287,5287,5287,5287,0,0,0,0
123,43,0.99,5459,5459,5459,5459,0,0,0,0
123,44,1.57,1301,1301,1301,1301,0,0,0,0
123,45,2.37,584,584,432,432,152,152,0,0
123,46,3.2,2031,2031,245,245,1786,1786,0,0
123,47,2.62,855,855,0,0,855,855,0,0
123,48,1.56,1679,1679,0,0,1679,1679,0,0
123,49,1.9,1068,1068,0,0,1068,1068,0,0
123,51,0.03,57,57,0,0,57,57,0,0
123,52,1.97,3348,3348,0,0,3348,3348,0,0
123,53,2.27,1407,1407,0,0,1407,1407,0,0
123,54,0.26,735,735,0,0,735,735,0,0
123,55,0.41,1142,1142,0,0,1142,1142,0,0
123,57,1.03,1541,1541,0,0,1541,1541,0,0
123,58,0.52,725,725,0,0,725,725,0,0
123,59,0.08,19,19,0,0,19,19,0,0
123,60,1,32,32,0,0,32,32,0,0
123,61,0.91,9,9,0,0,9,9,0,0
123,64,2,27,27,0,0,27,27,20,20
123,67,1,18,18,0,0,18,18,0,0
123,68,1,30,30,0,0,30,30,0,0
123,70,1.9,32,32,0,0,32,32,0,0
123,74,1.61,196,196,0,0,196,196,0,0
123,75,2.99,574,574,159,159,415,415,0,0
123,76,2.67,195,195,107,107,88,88,0,0
123,83,1,78,78,78,78,0,0,0,0
123,84,2,45,45,0,0,45,45,29,29
123,85,1,50,50,50,50,0,0,0,0
123,86,1.82,232,232,232,232,0,0,0,0
123,87,2,28,28,0,0,28,28,0,0
123,88,2,451,451,451,451,0,0,0,0
123,89,1.71,952,952,947,947,4,4,0,0
123,90,0.38,567,567,567,567,0,0,0,0
123,91,1,42,42,42,42,0,0,0,0
123,93,4,435,435,435,435,0,0,0,0
123,94,3.51,3290,3290,3290,3290,0,0,0,0
123,95,4.84,4605,4605,4605,4605,0,0,0,0
123,96,3.49,3698,3698,3698,3698,0,0,0,0
123,97,2.44,5101,5101,5101,5101,0,0,0,0
123,98,1.95,6248,6248,6248,6248,0,0,0,0
123,99,5.4,3143,3143,3143,3143,0,0,0,0
123,100,4.07,1607,1607,1404,1404,204,204,0,0
123,101,1.15,494,494,494,494,0,0,0,0
123,102,2.42,1391,1391,1391,1391,0,0,0,0
123,103,2.95,730,730,730,730,0,0,0,0
123,104,2.04,1646,1646,1646,1646,0,0,0,0
123,106,0.73,41,41,41,41,0,0,0,0
123,107,1.4,130,130,130,130,0,0,0,0
123,110,1,426,426,0,0,426,426,0,0
123,112,1,30,30,0,0,30,30,0,0
123,114,3,317,317,317,317,0,0,0,0
123,116,3,185,185,138,138,47,47,0,0
123,117,3,190,190,151,151,40,40,0,0
123,119,2,181,181,171,171,10,10,0,0
123,120,1.68,1578,1578,1578,1578,0,0,0,0
123,121,2.06,1026,1026,1026,1026,0,0,0,0
123,122,4.62,2828,2828,2828,2828,0,0,0,0
123,123,7.15,3142,3142,3142,3142,0,0,0,0
123,124,3.52,5020,5020,5020,5020,0,0,0,0
123,125,5.31,2640,2640,2640,2640,0,0,0,0
123,126,3.81,5626,5626,5155,5155,0,0,471,471
123,127,4.08,5680,5680,5370,5370,0,0,310,310
124,0,4.79,506,506,474,474,32,32,0,0
124,1,4.51,248,248,136,136,56,56,0,0
124,2,4,69,69,0,0,69,69,0,0
124,4,4,93,93,0,0,93,93,0,0
124,7,2,331,331,331,331,0,0,0,0
124,8,2,63,63,38,38,25,25,0,0
124,9,1.2,59,59,13,13,19,19,0,0
124,10,2.76,98,98,47,47,51,51,0,0
124,15,0.64,33,33,33,33,0,0,0,0
124,16,0.36,19,19,19,19,0,0,0,0
124,19,0.49,5,5,0,0,5,5,0,0
124,20,2,60,60,0,0,60,60,0,0
124,21,1,45,45,45,45,0,0,0,0
124,22,3.46,447,447,447,447,0,0,0,0
124,23,5.54,612,612,590,590,23,23,0,0
124,25,2.45,222,222,214,214,7,7,0,0
124,26,2.52,205,205,205,205,0,0,0,0
124,27,4,174,174,174,174,0,0,0,0
124,28,5.34,1816,1816,1816,1816,0,0,0,0
124,29,2.66,607,607,572,572,34,34,0,0
124,30,3.41,900,900,877,877,24,24,0,0
124,31,6.57,2192,2192,2192,2192,0,0,0,0
124,32,6.45,3187,3187,3187,3187,0,0,0,0
124,33,3.74,4278,4278,4278,4278,0,0,0,0
124,34,2.63,4876,4876,4876,4876,0,0,0,0
124,35,4.81,3702,3702,3702,3702,0,0,0,0
124,36,7.64,3584,3584,2502,2502,1082,1082,0,0
124,37,1.44,4823,4823,3145,3145,1678,1678,0,0
124,38,1.69,3782,3782,3499,3499,283,283,0,0
124,39,1.76,4312,4312,0,0,4312,4312,0,0
124,40,1.29,3340,3340,391,391,2949,2949,0,0
124,41,2.3,4289,4289,4289,4289,0,0,0,0
124,42,6.95,3292,3292,3292,3292,0,0,0,0
124,43,2.69,1976,1976,1976,1976,0,0,0,0
124,44,4.58,3675,3675,1583,1583,1813,1813,279,279
124,45,4.37,3208,3208,597,597,2611,2611,0,0
124,46,1.64,3226,3226,2819,2819,407,407,0,0
124,47,1.17,3200,3200,0,0,3200,3200,0,0
124,48,1.82,2320,2320,0,0,2320,2320,0,0
124,49,2.03,818,818,0,0,818,818,0,0
124,53,0.25,752,752,0,0,752,752,0,0
124,54,2.5,2578,2578,0,0,2578,2578,0,0
124,56,1.38,468,468,0,0,468,468,0,0
124,57,2.08,1092,1092,0,0,1092,1092,0,0
124,58,0.04,79,79,0,0,79,79,0,0
124,59,1.92,525,525,0,0,525,525,0,0
124,62,1,132,132,0,0,132,132,0,0
124,65,1,19,19,0,0,19,19,0,0
124,71,3,191,191,0,0,191,191,0,0
124,72,0.59,65,65,0,0,65,65,0,0
124,75,3.98,513,513,65,65,448,448,0,0
124,78,1,136,136,0,0,136,136,0,0
124,80,1,57,57,0,0,57,57,0,0
124,85,4,145,145,94,94,51,51,27,27
124,87,1,54,54,54,54,0,0,0,0
124,88,2,316,316,316,316,0,0,0,0
124,89,1,5,5,0,0,5,5,0,0
124,90,1,12,12,0,0,12,12,0,0
124,91,1,10,10,0,0,10,10,0,0
124,92,0.39,235,235,235,235,0,0,0,0
124,93,0.99,512,512,512,512,0,0,0,0
124,94,0.78,856,856,856,856,0,0,0,0
124,95,4.06,4052,4052,4052,4052,0,0,0,0
124,96,4.81,4446,4446,4446,4446,0,0,0,0
124,97,6.41,5534,5534,5534,5534,0,0,0,0
124,98,1.59,4998,4998,4998,4998,0,0,0,0
124,99,3.02,1766,1766,779,779,702,702,284,284
124,100,0.81,699,699,134,134,565,565,0,0
124,101,3.34,1444,1444,1444,1444,0,0,0,0
124,102,1.11,57,57,52,52,5,5,0,0
124,103,0.99,184,184,184,184,0,0,0,0
124,104,1.01,70,70,70,70,0,0,0,0
124,114,1,140,140,140,140,0,0,0,0
124,115,1,25,25,0,0,25,25,25,25
124,120,0.82,598,598,598,598,0,0,0,0
124,121,1.57,1265,1265,1265,1265,0,0,0,0
124,122,2.54,692,692,692,692,0,0,0,0
124,123,3.88,2427,2427,2161,2161,89,89,0,0
124,124,5.43,4329,4329,4329,4329,0,0,0,0
124,125,8.1,4953,4953,4953,4953,0,0,0,0
124,126,8.28,4301,4301,4301,4301,0,0,0,0
124,127,6.45,3259,3259,3259,3259,0,0,0,0
125,0,0.92,64,64,64,64,0,0,0,0
125,1,2.08,255,255,107,107,149,149,0,0
125,2,1,11,11,0,0,11,11,0,0
125,4,1,87,87,87,87,0,0,0,0
125,8,1,86,86,86,86,0,0,0,0
125,9,0.01,0,0,0,0,0,0,0,0
125,10,0.09,2,2,0,0,2,2,0,0
125,13,1.59,358,358,358,358,0,0,0,0
125,17,2,22,22,0,0,22,22,0,0
125,18,1,6,6,0,0,6,6,0,0
125,19,0.51,5,5,0,0,5,5,0,0
125,23,2,221,221,221,221,0,0,0,0
125,26,7.15,2261,2261,2261,2261,0,0,0,0
125,27,3.12,3529,3529,3529,3529,0,0,0,0
125,28,2,53,53,53,53,0,0,0,0
125,29,1.63,3214,3214,3214,3214,0,0,0,0
125,30,4.83,1943,1943,1943,1943,0,0,0,0
125,31,2.57,1140,1140,1140,1140,0,0,0,0
125,32,2.23,2255,2255,2255,2255,0,0,0,0
125,33,3.06,4205,4205,2474,2474,1731,1731,0,0
125,34,6.14,4871,4871,4871,4871,0,0,0,0
125,35,2.34,4866,4866,4532,4532,334,334,0,0
125,36,3.82,4511,4511,4148,4148,363,363,0,0
125,37,1.68,5017,5017,5017,5017,0,0,0,0
125,38,2.64,2781,2781,2781,2781,0,0,0,0
125,39,1.36,372,372,110,110,262,262,0,0
125,40,1.43,989,989,989,989,0,0,0,0
125,41,1.71,4110,4110,4110,4110,0,0,0,0
125,42,1.46,4736,4736,4736,4736,0,0,0,0
125,43,2.67,1568,1568,1568,1568,0,0,0,0
125,44,2.18,720,720,40,40,680,680,0,0
125,45,2.22,4390,4390,721,721,3669,3669,0,0
125,46,2.73,2462,2462,1602,1602,859,859,0,0
125,47,0.74,1960,1960,0,0,1960,1960,0,0
125,48,3.91,2919,2919,0,0,2919,2919,0,0
125,49,8.21,2826,2826,70,70,2616,2616,0,0
125,50,3.57,787,787,0,0,787,787,0,0
125,54,0.9,159,159,0,0,159,159,0,0
125,55,1.33,136,136,0,0,136,136,0,0
125,56,0.94,525,525,0,0,525,525,0,0
125,58,3,131,131,0,0,131,131,0,0
125,61,1.46,37,37,0,0,37,37,0,0
125,63,1,15,15,0,0,15,15,0,0
125,65,1,15,15,0,0,15,15,0,0
125,68,1.95,80,80,45,45,36,36,0,0
125,69,1,31,31,0,0,31,31,31,31
125,70,2,91,91,0,0,91,91,0,0
125,72,0.41,45,45,0,0,45,45,0,0
125,74,1,30,30,0,0,30,30,0,0
125,75,1.04,26,26,0,0,26,26,0,0
125,77,1,45,45,0,0,45,45,0,0
125,78,1.66,19,19,0,0,19,19,0,0
125,82,1.41,180,180,166,166,14,14,0,0
125,83,1.59,283,283,263,263,19,19,0,0
125,84,1,40,40,40,40,0,0,0,0
125,85,1,13,13,0,0,13,13,0,0
125,86,1.9,40,40,0,0,40,40,0,0
125,87,0.5,119,119,115,115,3,3,0,0
125,90,1,10,10,0,0,10,10,0,0
125,91,0.76,138,138,34,34,34,34,0,0
125,92,2.84,1191,1191,1191,1191,0,0,0,0
125,93,3.32,1162,1162,1162,1162,0,0,0,0
125,94,3.89,1485,1485,1485,1485,0,0,0,0
125,95,4.68,1124,1124,1124,1124,0,0,0,0
125,96,4.45,4440,4440,4440,4440,0,0,0,0
125,97,3.65,3926,3926,3926,3926,0,0,0,0
125,98,3.13,1606,1606,1606,1606,0,0,0,0
125,99,3,315,315,315,315,0,0,0,0
125,100,4.05,85,85,41,41,44,44,0,0
125,103,4,137,137,51,51,87,87,0,0
125,104,1,75,75,75,75,0,0,0,0
125,106,2.99,149,149,144,144,5,5,0,0
125,107,0.01,1,1,1,1,0,0,0,0
125,108,2,40,40,0,0,40,40,0,0
125,109,2,624,624,624,624,0,0,0,0
125,110,1,7,7,0,0,7,7,0,0
125,111,2,232,232,232,232,0,0,0,0
125,118,2,18,18,0,0,18,18,12,12
125,119,1.62,99,99,77,77,22,22,0,0
125,120,2.86,335,335,286,286,48,48,0,0
125,121,3.86,2922,2922,1987,1987,935,935,0,0
125,122,5.19,1964,1964,1801,1801,163,163,0,0
125,123,5.6,3747,3747,3747,3747,0,0,0,0
125,124,6.67,4461,4461,4461,4461,0,0,0,0
125,125,3.23,1521,1521,1521,1521,0,0,0,0
125,126,0.89,22,22,22,22,0,0,0,0
125,127,5,2008,2008,2008,2008,0,0,0,0
126,0,0.06,5,5,5,5,0,0,0,0
126,1,5.92,251,251,192,192,59,59,0,0
126,2,1,29,29,0,0,29,29,0,0
126,3,3,69,69,35,35,34,34,0,0
126,7,4,85,85,0,0,85,85,0,0
126,13,2.41,148,148,131,131,17,17,0,0
126,14,0.29,9,9,0,0,9,9,0,0
126,15,3.66,72,72,0,0,72,72,0,0
126,16,1.04,63,63,62,62,1,1,0,0
126,17,3.34,241,241,104,104,80,80,0,0
126,18,2.66,434,434,264,264,57,57,0,0
126,19,1,15,15,0,0,15,15,0,0
126,20,1,76,76,76,76,0,0,0,0
126,23,3,304,304,304,304,0,0,0,0
126,24,1,142,142,142,142,0,0,0,0
126,26,3.47,2538,2538,2538,2538,0,0,0,0
126,27,2.81,3069,3069,3069,3069,0,0,0,0
126,28,4.05,946,946,800,800,49,49,0,0
126,29,1.7,3056,3056,3056,3056,0,0,0,0
126,30,2.29,843,843,843,843,0,0,0,0
126,31,5,386,386,386,386,0,0,0,0
126,32,1.6,1190,1190,1190,1190,0,0,0,0
126,33,2.08,5014,5014,4287,4287,727,727,0,0
126,34,6.88,4742,4742,4742,4742,0,0,0,0
126,35,4.3,4846,4846,2623,2623,1922,1922,301,301
126,36,4.28,4585,4585,3686,3686,325,325,573,573
126,37,2.78,5556,5556,5556,5556,0,0,0,0
126,38,1.53,5041,5041,5041,5041,0,0,0,0
126,39,0.79,476,476,476,476,0,0,0,0
126,40,1.93,3980,3980,3935,3935,0,0,44,44
126,41,2.84,4774,4774,4586,4586,0,0,188,188
126,42,2.37,5933,5933,5933,5933,0,0,0,0
126,43,2.42,4109,4109,4109,4109,0,0,0,0
126,44,1.87,3898,3898,2645,2645,1252,1252,0,0
126,45,1.97,4042,4042,2956,2956,1086,1086,0,0
126,46,1.51,920,920,833,833,87,87,0,0
126,48,2.24,527,527,0,0,527,527,0,0
126,49,0.62,350,350,4,4,337,337,0,0
126,50,1.47,257,257,0,0,257,257,0,0
126,52,2,202,202,196,196,6,6,0,0
126,53,1,14,14,0,0,14,14,0,0
126,54,0.22,4,4,0,0,4,4,0,0
126,57,1,20,20,0,0,20,20,0,0
126,59,2,47,47,0,0,47,47,0,0
126,60,4,105,105,51,51,55,55,0,0
126,61,1.54,21,21,0,0,21,21,0,0
126,63,0.15,9,9,9,9,0,0,0,0
126,64,0.85,49,49,49,49,0,0,0,0
126,65,2,56,56,37,37,18,18,0,0
126,66,1,45,45,45,45,0,0,0,0
126,68,0.05,2,2,2,2,0,0,0,0
126,70,1,51,51,0,0,51,51,0,0
126,71,2.89,436,436,0,0,436,436,0,0
126,72,2,90,90,0,0,90,90,0,0
126,73,2,93,93,0,0,93,93,0,0
126,74,2,177,177,159,159,18,18,0,0
126,75,0.96,31,31,0,0,31,31,0,0
126,77,2,65,65,54,54,10,10,0,0
126,78,0.34,5,5,0,0,5,5,0,0
126,82,3,137,137,137,137,0,0,0,0
126,85,2,21,21,0,0,21,21,0,0
126,86,1,43,43,43,43,0,0,0,0
126,87,3.6,285,285,238,238,47,47,0,0
126,88,2,73,73,43,43,29,29,0,0
126,90,3,276,276,244,244,32,32,0,0
126,91,0.24,43,43,11,11,11,11,0,0
126,94,1.95,746,746,746,746,0,0,0,0
126,95,6.46,1763,1763,1763,1763,0,0,0,0
126,96,10.51,3748,3748,3748,3748,0,0,0,0
126,97,4.8,2446,2446,2446,2446,0,0,0,0
126,98,1.87,779,779,779,779,0,0,0,0
126,99,3.76,286,286,247,247,40,40,0,0
126,100,2.69,226,226,214,214,12,12,0,0
126,101,0.26,12,12,12,12,0,0,0,0
126,104,1.44,58,58,25,25,33,33,0,0
126,105,1,51,51,51,51,0,0,0,0
126,106,3,103,103,85,85,18,18,0,0
126,107,1,34,34,0,0,34,34,0,0
126,117,1,24,24,0,0,24,24,0,0
126,119,2,81,81,81,81,0,0,0,0
126,120,0.05,1,1,1,1,0,0,0,0
126,121,3.48,539,539,524,524,15,15,0,0
126,122,2.03,729,729,729,729,0,0,0,0
126,123,8.59,4639,4639,4639,4639,0,0,0,0
126,124,5,3693,3693,3693,3693,0,0,0,0
126,125,3.56,2473,2473,2473,2473,0,0,0,0
126,127,8.09,3334,3334,3334,3334,0,0,0,0
127,1,1.02,37,37,37,37,0,0,0,0
127,2,2.98,242,242,242,242,0,0,0,0
127,4,4,151,151,116,116,34,34,0,0
127,8,1,71,71,71,71,0,0,0,0
127,9,1.8,206,206,206,206,0,0,0,0
127,10,2.2,79,79,56,56,24,24,0,0
127,11,1,34,34,0,0,34,34,0,0
127,12,2,71,71,53,53,18,18,0,0
127,14,1.53,29,29,0,0,29,29,0,0
127,15,1.68,27,27,0,0,27,27,0,0
127,16,1.14,55,55,36,36,19,19,0,0
127,17,0.16,10,10,10,10,0,0,0,0
127,22,0.02,0,0,0,0,0,0,0,0
127,24,2,53,53,40,40,13,13,0,0
127,25,3,327,327,293,293,33,33,0,0
127,26,0.67,407,407,407,407,0,0,0,0
127,27,2.93,1191,1191,1191,1191,0,0,0,0
127,28,1.17,1139,1139,1139,1139,0,0,0,0
127,29,3.73,1180,1180,1180,1180,0,0,0,0
127,30,1,197,197,197,197,0,0,0,0
127,31,1.25,1124,1124,1124,1124,0,0,0,0
127,32,3.94,4895,4895,4895,4895,0,0,0,0
127,33,1.42,5837,5837,5837,5837,0,0,0,0
127,34,5.48,4494,4494,4494,4494,0,0,0,0
127,35,4.58,3339,3339,3339,3339,0,0,0,0
127,36,3.4,4076,4076,4076,4076,0,0,0,0
127,37,6.47,4053,4053,4053,4053,0,0,0,0
127,38,3.29,5608,5608,5608,5608,0,0,0,0
127,39,2.52,6008,6008,5729,5729,0,0,279,279
127,40,1.91,6444,6444,5713,5713,0,0,731,731
127,41,3.44,5847,5847,3965,3965,1882,1882,0,0
127,42,5.52,5037,5037,4277,4277,759,759,0,0
127,43,1.8,3722,3722,3722,3722,0,0,0,0
127,44,2.48,3813,3813,3678,3678,135,135,0,0
127,45,0.55,460,460,0,0,460,460,0,0
127,47,1,19,19,0,0,19,19,0,0
127,49,0.94,24,24,0,0,24,24,0,0
127,52,1,17,17,0,0,17,17,0,0
127,54,0.78,15,15,0,0,15,15,0,0
127,55,1,15,15,0,0,15,15,0,0
127,56,1,20,20,0,0,20,20,0,0
127,57,0.19,16,16,16,16,0,0,0,0
127,58,1,12,12,0,0,12,12,0,0
127,59,1,25,25,0,0,25,25,0,0
127,60,3,72,72,0,0,72,72,0,0
127,61,1,18,18,0,0,18,18,0,0
127,62,1,21,21,0,0,21,21,0,0
127,63,1,146,146,146,146,0,0,0,0
127,66,1,42,42,42,42,0,0,0,0
127,68,1,40,40,40,40,0,0,0,0
127,69,1.05,27,27,7,7,20,20,0,0
127,70,1,13,13,0,0,13,13,0,0
127,71,0.11,5,5,0,0,5,5,0,0
127,72,0.42,51,51,0,0,51,51,0,0
127,74,2,90,90,0,0,90,90,0,0
127,75,2,170,170,0,0,170,170,0,0
127,76,1.97,143,143,121,121,21,21,0,0
127,81,1,13,13,0,0,13,13,0,0
127,83,3,75,75,40,40,35,35,0,0
127,85,1,14,14,0,0,14,14,0,0
127,87,1,133,133,133,133,0,0,0,0
127,88,0.46,44,44,43,43,1,1,1,1
127,89,3.54,175,175,150,150,25,25,10,10
127,93,2.91,734,734,718,718,16,16,0,0
127,94,0.07,1,1,0,0,1,1,0,0
127,95,1.93,45,45,0,0,45,45,0,0
127,96,1.73,340,340,340,340,0,0,0,0
127,97,2.17,1238,1238,1238,1238,0,0,0,0
127,99,0.24,4,4,0,0,4,4,0,0
127,101,1,103,103,103,103,0,0,0,0
127,103,1,4,4,0,0,4,4,0,0
127,104,3.56,119,119,89,89,30,30,0,0
127,105,2,431,431,431,431,0,0,0,0
127,106,1,34,34,0,0,34,34,0,0
127,112,0.05,16,16,4,4,4,4,0,0
127,113,1.27,206,206,137,137,23,23,0,0
127,117,2,57,57,46,46,11,11,0,0
127,118,1,28,28,0,0,28,28,0,0
127,120,1,468,468,117,117,117,117,0,0
127,123,2.64,740,740,740,740,0,0,0,0
127,124,6.2,2322,2322,2322,2322,0,0,0,0
127,125,0.63,416,416,416,416,0,0,0,0
127,126,3.77,1188,1188,445,445,248,248,0,0
127,127,7.14,2412,2412,2205,2205,69,69,0,0