x,y,number,ground_area,floor_area,residential_ground_area,residential_floor_area,economic_activity_ground_area,economic_activity_floor_area,cultural_ground_area,cultural_floor_area
0,16,2.34,2106,6154,8,8,2083,6131,0,0
0,17,1.43,2594,7642,35,69,2490,7434,0,0
0,18,10.36,505,851,461,804,15,16,0,0
0,19,3.35,812,1986,812,1986,0,0,0,0
0,21,0.37,322,966,0,0,322,966,0,0
0,22,2.14,1556,3578,2,2,1550,3571,0,0
0,27,11.66,1409,2818,1400,2800,3,6,0,0
0,28,19.41,2130,4242,2080,4155,17,29,0,0
0,29,15.89,1800,3599,1768,3535,11,21,0,0
0,30,11.31,1326,2651,1303,2605,8,15,0,0
0,31,14.07,1707,3400,1659,3314,60,117,0,0
0,32,11.93,1607,3341,1596,3320,4,7,0,0
0,33,7.34,1013,2168,828,1799,184,369,0,0
0,34,8.12,1229,2529,1229,2529,0,0,0,0
0,35,12.56,1580,2375,1561,2357,6,6,0,0
0,36,1.13,1025,2125,144,288,317,710,0,0
0,37,2.67,2847,7461,20,59,2267,6302,0,0
0,38,4.15,1100,3392,484,2218,569,1119,0,0
0,39,22.98,2541,8063,1821,5928,156,449,423,1269
0,40,41.79,2713,8067,2465,7385,67,181,0,0
0,41,4.21,1314,3530,625,1463,1017,3019,0,0
0,42,25.27,1504,2910,1232,2457,62,102,0,0
0,43,30.88,2136,4616,1777,3951,10,17,0,0
0,44,28.31,1971,3925,1808,3689,23,26,0,0
0,45,33.24,1717,3287,1439,2897,28,49,0,0
0,46,18.75,1652,4531,1565,4383,12,29,0,0
0,48,29.04,1620,4139,1555,4021,22,39,0,0
0,49,27.76,2198,4371,2173,4333,8,12,0,0
0,50,33.11,1993,5123,1652,4440,126,418,0,0
0,54,0.16,10,10,3,3,3,3,0,0
0,55,8.51,632,1411,437,1000,49,108,0,0
0,56,12.24,1044,2715,820,2155,130,370,0,0
0,57,14.96,1299,3162,1216,3036,9,15,0,0
0,58,11.94,1000,2391,846,1993,38,109,0,0
0,59,3.97,514,1244,465,1145,2,3,0,0
0,75,0.73,44,44,11,11,11,11,0,0
0,76,1,58,116,0,0,0,0,0,0
0,77,0.12,39,117,39,117,0,0,0,0
0,85,0.63,476,1429,0,0,476,1429,0,0
0,86,1.5,662,1389,0,0,662,1389,0,0
0,87,2,865,2387,164,493,371,907,0,0
0,103,0.05,25,60,18,38,2,7,0,0
0,104,3.13,1655,4649,622,1640,344,1003,0,0
0,105,1.04,233,529,191,397,14,44,0,0
1,16,0.18,1046,3137,0,0,1046,3137,0,0
1,17,2.16,712,1849,81,162,639,1704,0,0
1,18,20.75,1475,2949,1159,2284,332,765,0,0
1,19,16.26,1647,3115,1634,3095,4,6,0,0
1,20,8.09,1314,3491,429,955,806,2377,0,0
1,21,1,49,97,12,24,12,24,0,0
1,22,11.34,1514,2758,912,1740,285,550,0,0
1,23,2.47,2589,5130,12,12,2553,5094,0,0
1,27,6.72,807,1614,795,1591,4,8,0,0
1,28,11.85,1408,2805,1400,2797,3,3,0,0
1,29,16.56,1834,3668,1803,3607,10,20,0,0
1,30,7.7,847,1693,785,1569,21,41,0,0
1,31,10.25,1463,2926,1339,2678,124,248,0,0
1,32,16.71,2054,4235,2026,4178,45,89,0,0
1,33,10.79,1518,3178,1518,3178,56,113,0,0
1,34,8.95,1308,2615,1308,2615,0,0,0,0
1,35,13.55,1579,2660,1563,2644,5,5,0,0
1,36,5.55,1458,2622,653,1013,242,483,0,0
1,37,1.1,299,598,9,18,81,162,0,0
1,38,2.02,54,161,44,131,3,10,0,0
1,39,11.46,2017,6441,1972,6311,15,42,0,0
1,40,41.57,2466,6162,2280,5653,33,83,0,0
1,41,6.66,264,540,180,383,16,16,0,0
1,42,36.15,1855,3563,1501,3175,83,129,0,0
1,43,26.51,1706,3347,1469,2931,21,47,0,0
1,44,35.18,1999,4346,1556,3720,19,37,0,0
1,45,27.57,1757,3868,1545,3552,15,28,0,0
1,46,9.72,617,1203,488,1072,34,34,0,0
1,48,1.35,132,265,131,262,0,1,0,0
1,49,20.43,1695,3999,1408,3423,93,184,0,0
1,50,15.59,1259,2308,1138,2078,40,77,0,0
1,51,3.06,357,714,351,702,2,4,0,0
1,53,1,20,20,5,5,5,5,0,0
1,54,7.35,616,1082,520,934,32,49,0,0
1,55,8.49,1053,2587,892,2140,50,145,0,0
1,56,11.89,1193,2238,946,1847,27,38,0,0
1,57,18.86,2447,5526,940,1947,1172,3172,0,0
1,58,15.68,916,2455,754,2066,46,113,0,0
1,59,0.03,8,23,8,23,0,0,0,0
1,77,1.88,597,1485,367,1025,77,153,0,0
1,85,0.37,281,842,0,0,281,842,0,0
1,86,2.18,1295,3698,0,0,1295,3698,0,0
1,87,1.69,1752,4762,0,0,1752,4762,0,0
1,103,1.82,1472,3140,784,1765,229,458,0,0
1,104,5.52,2101,6290,1673,5188,143,367,0,0
1,105,2.86,3285,10751,849,2743,1237,3520,0,0
2,17,5.66,1750,4227,426,852,1566,3860,0,0
2,18,13.26,2048,5432,1158,2789,849,2539,0,0
2,19,16.56,1132,2047,1038,1939,19,23,0,0
2,20,2.58,254,517,254,517,0,0,0,0
2,21,6.88,381,734,183,359,66,125,0,0
2,22,23.67,1516,2788,1009,1804,125,240,0,0
2,23,8.22,568,1088,483,963,17,31,0,0
2,31,0.01,1,2,1,2,0,0,0,0
2,32,8.04,1097,2193,1097,2193,0,0,0,0
2,33,10.87,1540,3081,1540,3081,0,0,0,0
2,34,10.74,1583,3136,1560,3112,8,8,0,0
2,35,4.1,491,963,477,948,5,5,0,0
2,36,3,536,1071,7,13,516,1032,0,0
2,38,2.06,1821,5462,1821,5462,0,0,0,0
2,39,15.78,1737,5515,947,2523,32,72,0,0
2,40,24.88,1179,2379,1129,2314,17,22,0,0
2,42,17.65,1109,2602,930,2238,14,24,0,0
2,43,32.73,2021,4218,1637,3619,69,96,0,0
2,44,28.79,1824,3901,1475,3266,55,95,0,0
2,45,18.21,1332,3410,1256,3262,23,45,0,0
2,47,0.86,195,586,195,586,0,0,0,0
2,48,2,219,420,205,406,5,5,0,0
2,49,9.94,741,1296,590,1064,20,28,0,0
2,50,18.19,1280,2272,1217,2180,21,31,0,0
2,51,3.52,272,545,263,527,3,6,0,0
2,54,1.95,114,202,34,56,27,49,0,0
2,55,7.33,613,1091,440,751,31,60,0,0
2,56,7.34,624,1697,617,1682,44,129,0,0
2,57,12.75,1503,3158,619,1275,552,1142,0,0
2,58,8.5,863,2475,618,1749,82,242,0,0
2,99,0.95,95,191,95,191,0,0,0,0
2,100,8.82,755,2021,755,2021,0,0,0,0
2,101,3.14,185,371,185,371,0,0,0,0
2,102,4.6,2252,5552,0,0,2252,5552,0,0
2,103,1.81,680,2384,569,2052,110,331,0,0
2,104,4.54,3073,9944,3073,9944,0,0,0,0
2,105,4.72,3143,5472,917,1716,1167,2102,0,0
2,106,1.09,1779,5113,445,1278,445,1278,0,0
3,16,0.87,92,184,92,184,0,0,0,0
3,17,11.57,821,1770,739,1631,27,56,0,0
3,18,20.17,2392,6254,1736,4441,250,722,0,0
3,19,29.76,3105,9098,1782,5156,728,2144,0,0
3,20,9.7,673,1664,641,1610,5,7,0,0
3,21,3.63,2870,6185,133,266,2735,5918,0,0
3,22,7.34,1312,2295,273,542,1020,1725,0,0
3,23,2.1,255,510,231,462,8,16,0,0
3,33,0.9,165,330,165,330,0,0,0,0
3,34,4,503,993,493,982,3,3,0,0
3,35,1.98,2037,6469,2037,6469,0,0,0,0
3,36,0.02,33,130,33,130,0,0,0,0
3,37,8.36,1454,3954,1441,3931,4,8,0,0
3,38,14.86,2829,9563,2817,9540,4,8,0,0
3,39,29.74,2498,6746,2458,6669,32,82,0,0
3,40,37.1,2732,5269,2676,5170,19,33,0,0
3,41,7.79,1258,2515,299,598,390,781,0,0
3,42,2.9,340,788,130,368,164,327,0,0
3,43,23.67,1223,2293,917,1778,152,294,0,0
3,44,30.08,1879,3858,1630,3342,21,25,0,0
3,45,12.22,963,1782,931,1717,10,22,0,0
3,46,16.75,1023,2771,975,2707,9,14,0,0
3,47,2.71,384,1149,383,1148,0,0,0,0
3,48,3.95,422,1113,413,1087,3,9,0,0
3,49,10.45,947,1713,915,1674,11,13,0,0
3,50,10.1,639,1261,595,1185,15,25,0,0
3,51,3.63,470,1284,417,1127,0,0,0,0
3,52,0.17,13,39,0,0,0,0,0,0
3,54,1,43,85,11,21,11,21,0,0
3,55,5.93,835,1965,537,1370,311,682,0,0
3,56,5.55,475,1019,357,768,117,254,0,0
3,61,2,1157,1890,733,1465,644,864,0,0
3,100,1.28,133,352,133,352,0,0,0,0
3,101,9.81,634,1323,634,1323,0,0,0,0
3,102,9.3,1107,2934,724,2095,558,1367,0,0
3,103,21.08,1879,4480,1465,3239,432,1297,0,0
3,104,18.15,1821,4501,1821,4501,0,0,0,0
3,105,6.65,1006,2744,695,1813,104,310,0,0
3,106,2.67,2556,7628,639,1907,639,1907,0,0
3,124,2.81,804,2033,804,2033,0,0,0,0
4,10,1.52,115,285,115,285,0,0,0,0
4,11,8.48,500,903,427,829,24,24,0,0
4,15,2.57,85,156,67,129,6,9,0,0
4,16,8.07,867,1358,867,1358,0,0,0,0
4,17,2,46,46,11,11,11,11,0,0
4,18,5.92,652,1804,446,1187,206,618,0,0
4,19,14.57,1650,4079,544,1370,614,1634,399,799
4,20,17.09,2776,6435,1224,2798,708,1594,0,0
4,21,21.87,1745,3901,1157,2477,501,1272,0,0
4,22,6.86,2826,6480,364,784,2454,5689,0,0
4,23,0.23,355,1065,0,0,355,1065,0,0
4,35,2.67,710,1185,19,19,653,1128,0,0
4,36,5.62,887,1347,208,415,666,905,0,0
4,37,33.56,1946,3843,1866,3704,27,46,0,0
4,38,41.92,2103,4689,2021,4531,28,53,0,0
4,39,37.28,2161,4643,2103,4534,19,36,0,0
4,40,33.56,2473,4919,2401,4794,24,41,0,0
4,41,16.02,2730,5448,649,1298,2069,4127,0,0
4,42,21.91,1299,2669,1021,2132,239,471,0,0
4,45,6.66,409,1178,387,1124,52,107,0,0
4,46,14.33,1124,2734,1048,2617,67,135,0,0
4,47,5.7,707,1372,670,1329,12,14,0,0
4,48,10.22,995,2131,928,2023,63,117,0,0
4,49,11.09,824,1601,779,1536,15,21,0,0
4,50,10.26,758,1593,714,1518,15,25,0,0
4,51,12.22,724,1319,502,940,51,97,0,0
4,55,1.52,820,2063,0,0,396,792,0,0
4,56,3.48,1597,3119,139,259,1420,2822,0,0
4,57,7.55,732,1274,704,1246,9,9,0,0
4,58,0.42,538,1076,0,0,538,1076,0,0
4,61,1,607,1820,0,0,607,1820,0,0
4,74,2.1,37,93,9,23,9,23,0,0
4,81,6.06,721,894,696,869,0,0,0,0
4,82,2.34,367,387,366,387,0,0,0,0
4,100,2.72,275,436,275,436,0,0,0,0
4,101,0.47,182,540,7,13,176,527,0,0
4,102,10.97,1749,4325,69,130,1680,4195,0,0
4,103,47.36,2252,4583,2206,4492,46,91,0,0
4,104,42.54,2000,3972,2000,3972,0,0,0,0
4,105,29.98,1641,3423,1638,3413,1,3,0,0
4,106,3.55,4441,13194,1123,3312,1106,3294,0,0
4,107,1.63,305,894,305,894,0,0,0,0
4,108,7.14,1159,2905,1025,2637,45,90,0,0
4,124,4.82,2257,6431,2257,6431,0,0,0,0
4,125,0.62,517,517,517,517,0,0,0,0
4,127,1.83,110,220,110,220,0,0,0,0
5,11,4.19,265,494,242,454,8,13,0,0
5,12,13.1,731,1174,583,992,33,45,0,0
5,13,7.7,446,830,408,773,6,6,0,0
5,14,2,49,49,12,12,12,12,0,0
5,15,8.74,619,1196,597,1161,7,12,0,0
5,16,19.86,1535,2992,1265,2491,90,167,0,0
5,17,4.1,570,1140,32,65,537,1074,0,0
5,18,16.49,1865,3686,573,1269,1155,2267,0,0
5,19,32.86,2438,4003,1360,2161,310,544,0,0
5,20,16.13,1689,3012,910,1582,577,1112,0,0
5,21,45.56,2091,4773,1792,4348,32,56,0,0
5,22,10.65,673,1420,645,1389,4,4,0,0
5,33,1,208,623,62,187,208,623,0,0
5,34,0.65,1285,3855,0,0,386,1157,0,0
5,35,17.85,1158,2207,1097,2107,20,33,0,0
5,36,23.05,1402,2692,1327,2576,25,39,0,0
5,37,40.45,2103,4091,2014,3934,30,52,0,0
5,38,36.51,1994,4061,1860,3846,45,72,0,0
5,39,32.68,2236,4331,2198,4259,13,24,0,0
5,40,33.22,2239,4469,2172,4341,22,43,0,0
5,41,20.31,1944,7526,1672,6548,125,395,0,0
5,42,36.08,1519,3697,1412,3484,34,67,0,0
5,43,0.79,20,59,19,56,1,1,0,0
5,45,5.87,354,1097,299,1020,10,18,0,0
5,46,16.32,1147,2938,1063,2815,22,30,0,0
5,47,4,583,1166,583,1166,0,0,0,0
5,48,11.52,875,1980,832,1900,14,27,0,0
5,49,12.42,1041,1927,1007,1874,11,17,0,0
5,50,3.5,673,1787,372,890,100,299,0,0
5,51,12.23,3666,10418,387,856,2943,8760,0,0
5,55,1.73,220,440,220,440,0,0,0,0
5,56,11.29,685,1652,604,1529,14,27,0,0
5,57,13.63,1346,3162,1308,3099,13,21,0,0
5,58,14.44,1819,4127,1006,2526,749,1489,0,0
5,59,1.01,411,1980,386,1929,26,51,0,0
5,60,0.71,282,1409,282,1409,0,0,0,0
5,61,2,298,590,293,585,1,1,0,0
5,62,5,717,2002,537,1483,60,173,0,0
5,63,1.22,124,367,122,365,1,1,0,0
5,70,2.48,786,1472,25,25,711,1397,0,0
5,71,0.52,293,586,0,0,293,586,0,0
5,73,5,121,292,87,252,6,8,0,0
5,74,6.9,504,1009,403,754,33,85,0,0
5,81,9.92,1111,1899,1073,1860,10,10,0,0
5,82,25.33,2823,3711,2768,3643,13,17,0,0
5,83,10.93,1193,2202,1190,2199,1,1,0,0
5,100,0.63,248,990,248,990,0,0,0,0
5,101,1.38,445,1475,445,1475,0,0,0,0
5,102,9.1,981,3108,785,2706,197,402,0,0
5,103,52.6,2348,5470,2348,5470,0,0,0,0
5,104,35.93,2146,4676,2146,4676,0,0,0,0
5,105,9.38,3137,9167,1177,3287,653,1960,0,0
5,106,1.48,1524,4570,382,1144,381,1142,0,0
5,107,3.96,180,180,72,72,36,36,0,0
5,108,2.23,382,764,152,304,77,153,0,0
5,123,0.83,1530,4590,0,0,1530,4590,0,0
5,124,1.92,1094,3627,782,2692,312,936,0,0
5,127,15.56,1185,2123,1167,2105,6,6,0,0
6,13,2,87,174,22,44,22,44,0,0
6,14,6.38,807,1400,807,1400,0,0,0,0
6,15,11.68,1079,1858,1060,1817,6,14,0,0
6,16,14.55,1261,2467,1233,2401,6,12,0,0
6,17,10.29,619,782,510,673,16,16,0,0
6,18,15.01,2289,5682,1335,3090,939,2540,0,0
6,19,10.19,1592,2278,1563,2250,2,2,0,0
6,20,10.18,1808,2834,1808,2834,33,66,0,0
6,21,17.15,1565,3085,1082,2223,359,703,0,0
6,22,2.02,134,254,123,243,3,3,0,0
6,33,4.54,2017,5474,1318,3781,233,564,0,0
6,34,16.3,3277,8178,2062,4673,382,1098,0,0
6,35,0.89,95,190,95,190,0,0,0,0
6,36,11.56,561,1251,450,1024,37,76,0,0
6,37,46.92,2491,5129,2246,4631,82,166,0,0
6,38,43.93,2259,4621,2039,4204,74,139,0,0
6,39,36.4,2201,4597,2119,4430,27,56,0,0
6,40,26.54,1681,3481,1606,3375,55,125,0,0
6,41,37.45,2353,7352,2055,6306,99,349,0,0
6,45,5.24,471,1290,471,1290,0,0,0,0
6,46,8.95,1285,3305,1244,3233,0,0,0,0
6,47,1.35,1270,6349,1270,6349,0,0,0,0
6,48,3.26,983,4528,925,4469,19,19,0,0
6,49,4,898,2290,421,1141,682,1642,0,0
6,50,2.28,752,1505,199,399,184,369,0,0
6,51,0.99,449,1090,64,129,256,703,0,0
6,55,11.05,1164,3215,1116,3167,16,16,0,0
6,56,16.05,1292,2693,1202,2554,24,41,0,0
6,57,15.27,933,2215,804,2039,64,97,0,0
6,58,4.2,1647,8225,1647,8225,0,0,0,0
6,59,4.52,1632,5874,1168,5410,446,446,0,0
6,60,5.5,1253,5032,1228,5004,8,9,0,0
6,61,11.83,900,2123,843,2036,19,29,0,0
6,62,7,748,1838,740,1824,3,5,0,0
6,63,16.27,1650,4303,1142,3190,91,215,0,0
6,64,10.72,1050,2251,989,2152,20,33,0,0
6,65,2.58,636,1221,636,1221,0,0,0,0
6,72,1.27,145,291,145,291,0,0,0,0
6,73,5.04,476,1426,356,1064,40,120,0,0
6,81,7.62,1139,2183,1131,2176,0,0,0,0
6,82,22.94,2605,3404,2552,3346,5,7,0,0
6,83,28.27,2005,3529,1984,3508,7,7,0,0
6,100,4.77,367,733,367,733,0,0,0,0
6,101,16.21,1255,2633,1255,2633,0,0,0,0
6,102,28.63,2458,7212,2458,7212,0,0,0,0
6,103,24.32,1689,4278,1689,4278,0,0,0,0
6,104,22.77,1891,4257,1891,4257,0,0,0,0
6,105,4.44,2200,6466,797,2256,468,1403,0,0
6,106,0.92,1259,2518,315,630,315,630,0,0
6,107,0.08,113,226,28,57,28,57,0,0
6,122,0.15,49,97,0,0,0,0,0,0
6,123,0.85,273,545,0,0,0,0,0,0
6,124,1,352,711,345,690,7,20,0,0
6,126,3.73,265,551,265,551,0,0,0,0
6,127,32.17,2575,5201,1738,4364,137,137,0,0
7,14,8.94,733,1454,669,1336,3,4,0,0
7,15,6.32,603,1291,550,1185,2,3,0,0
7,16,6.37,494,931,456,872,12,20,0,0
7,17,8.02,1049,1661,704,1075,107,187,0,0
7,18,15.67,1721,4055,1295,3120,444,1030,0,0
7,19,11.94,1793,2867,1785,2857,3,3,0,0
7,20,9.66,1778,2230,1778,2230,0,0,0,0
7,21,1.95,346,346,346,346,0,0,0,0
7,26,2,572,1544,172,343,400,1201,0,0
7,33,1.29,349,889,349,889,0,0,0,0
7,34,7.33,932,2077,932,2077,0,0,0,0
7,36,19.77,1031,2636,900,2332,44,101,0,0
7,37,42.45,2249,4713,2034,4288,72,142,0,0
7,38,24.79,1837,3750,1758,3624,26,42,0,0
7,39,31.8,2498,4996,2474,4948,8,16,0,0
7,40,33.25,2662,5659,2651,5641,4,6,0,0
7,41,30.23,1709,3521,1610,3327,19,37,0,0
7,45,3.53,474,1713,447,1613,9,33,0,0
7,46,3.33,383,1074,361,1052,7,7,0,0
7,47,4.14,1532,7433,1486,7372,15,20,0,0
7,48,3.51,1597,7670,1538,7610,20,20,0,0
7,50,5.77,717,1750,642,1535,5,11,0,0
7,51,0.88,84,99,84,99,0,0,0,0
7,54,4.81,704,2726,677,2693,9,11,0,0
7,55,8.22,2280,7032,2130,6760,30,50,0,0
7,56,19.2,1234,2518,1158,2389,42,75,0,0
7,57,9.86,1067,4058,1005,3980,39,44,0,0
7,58,1.23,472,2359,472,2359,0,0,0,0
7,59,1,252,505,252,505,0,0,0,0
7,61,0.17,6,6,1,1,1,1,0,0
7,64,2.16,27,27,7,7,7,7,0,0
7,65,2.05,63,89,35,61,9,9,0,0
7,70,0.65,50,135,36,107,0,0,0,0
7,71,5.94,285,653,208,518,16,26,0,0
7,72,5.69,772,1577,692,1384,15,29,0,0
7,74,0.07,7,13,7,13,0,0,0,0
7,80,0.78,91,181,23,45,23,45,0,0
7,81,10.21,597,1182,256,577,268,510,0,0
7,82,17.44,1590,1789,1505,1670,9,9,0,0
7,83,32.13,2367,4116,2339,4079,3,3,0,0
7,99,0.75,85,170,85,170,0,0,0,0
7,100,12,1307,2134,1307,2134,0,0,0,0
7,101,13.36,1623,4022,1597,3970,0,0,0,0
7,102,16.42,1637,4274,1454,3579,0,0,0,0
7,103,16.98,1244,2933,1142,2729,0,0,0,0
7,104,10.71,717,1366,515,963,202,403,0,0
7,105,5,671,2188,334,839,337,1349,0,0
7,106,3.01,3470,5687,868,1422,868,1422,0,0
7,107,0.24,298,1190,0,0,298,1190,0,0
7,108,6.01,2858,9666,80,132,2653,9303,0,0
7,121,1.56,1824,5344,65,65,528,1584,0,0
7,122,0.44,1392,4176,0,0,418,1253,0,0
7,123,2.37,1015,2625,304,788,1015,2625,0,0
7,124,0.01,6,25,2,7,6,25,0,0
7,126,23.02,1719,3778,1267,3268,0,0,0,0
7,127,35.68,2315,5613,2303,5600,0,0,0,0
8,17,6.98,422,832,415,823,2,3,0,0
8,18,7.06,701,1657,568,1296,83,237,0,0
8,19,6.6,2322,4840,817,1289,1506,3551,0,0
8,20,3.7,479,948,472,941,2,2,0,0
8,35,2.91,146,283,2,2,139,277,0,0
8,36,13.85,1218,2792,1139,2641,9,15,0,0
8,37,23.79,1888,3203,1831,3135,19,23,0,0
8,38,25.37,2168,4326,2138,4273,6,10,0,0
8,39,47.51,3198,6372,3147,6288,17,28,0,0
8,40,34.92,2910,6121,2891,6085,6,12,0,0
8,41,27.35,1608,3332,1588,3298,7,11,0,0
8,45,4.19,937,4106,924,4069,4,12,0,0
8,46,0.21,116,464,116,464,0,0,0,0
8,47,1.5,1075,2688,336,1345,739,1343,0,0
8,48,1.58,2151,8125,0,0,2151,8125,0,0
8,51,9.14,713,1435,624,1241,30,65,0,0
8,52,3.11,307,625,129,261,165,330,0,0
8,53,5.94,1437,3175,405,1111,992,1984,0,0
8,54,11.33,1279,3060,1266,3044,5,8,0,0
8,55,19.52,1186,2638,1111,2502,14,28,0,0
8,56,10.14,941,2843,914,2816,1,1,0,0
8,57,3.46,1040,5200,1040,5200,0,0,0,0
8,58,1.02,318,1588,318,1588,0,0,0,0
8,60,3.18,215,627,149,439,3,7,0,0
8,61,2.98,177,634,160,589,6,15,0,0
8,62,14.86,891,2457,724,2120,15,30,0,0
8,63,12.97,776,2018,690,1878,17,35,0,0
8,64,6.69,892,2246,818,2146,25,33,0,0
8,70,11.3,877,2358,779,2097,23,68,0,0
8,71,13.6,1130,2759,959,2532,12,17,0,0
8,72,1.67,179,421,136,378,14,14,0,0
8,74,0.93,94,188,94,188,0,0,0,0
8,75,3.14,260,917,241,879,6,13,211,842
8,76,3.86,268,621,251,589,5,11,0,0
8,79,2.56,184,369,156,312,0,0,0,0
8,80,4.12,863,2369,400,1004,459,1360,0,0
8,81,12.28,1569,2377,1137,1556,397,787,0,0
8,82,20.49,2422,2838,2202,2422,101,146,0,0
8,83,22.12,1557,2875,1441,2654,35,67,0,0
8,84,3.08,150,318,145,313,2,2,0,0
8,99,10.72,1380,3123,1380,3123,0,0,0,0
8,100,14.29,1297,2527,1297,2527,42,84,0,0
8,101,9.19,1289,2557,1253,2485,0,0,0,0
8,102,4.42,2471,8839,598,1346,0,0,0,0
8,103,4.13,1815,4946,229,457,1430,3864,0,0
8,104,1.75,1632,5322,16,16,1616,5306,0,0
8,105,0.6,851,2554,213,639,213,639,0,0
8,106,1.39,2601,7799,650,1950,650,1950,0,0
8,107,1.61,2359,5328,513,1026,819,2249,0,0
8,108,0.96,834,2775,70,141,623,2353,0,0
8,119,0.28,663,2651,0,0,663,2651,0,0
8,120,0.37,807,1697,0,0,807,1697,0,0
8,121,5.5,2777,8326,52,58,2725,8267,0,0
8,122,2.64,1262,3022,54,54,1253,3014,0,0
8,123,2.77,3355,9351,379,1323,2775,7613,0,0
8,124,1.59,1355,6384,40,103,40,103,0,0
8,125,7.63,1297,5078,419,801,28,28,0,0
8,126,28.4,1617,4434,1617,4434,0,0,0,0
8,127,26.96,2120,4298,1954,4132,55,55,0,0
9,18,1.76,298,849,262,779,94,265,0,0
9,19,3.39,431,969,58,117,366,838,0,0
9,25,0.97,706,2118,0,0,706,2118,0,0
9,26,1.39,721,1443,145,289,721,1443,0,0
9,27,0.99,853,1706,26,52,853,1706,0,0
9,36,13.69,1331,2766,1298,2729,11,12,0,0
9,37,30.58,2212,3913,2161,3834,17,26,0,0
9,38,23.33,2016,3850,1996,3814,46,91,0,0
9,39,47.15,3603,7064,3567,7001,12,21,0,0
9,40,35,3149,6103,3126,6064,7,13,0,0
9,41,18.92,1565,3129,1551,3103,4,9,0,0
9,44,0.06,65,196,65,196,0,0,0,0
9,45,3.1,1541,5099,1541,5099,0,0,0,0
9,46,3.54,1726,7844,1389,6160,481,2405,0,0
9,47,3.24,1689,6667,590,2952,1379,5118,0,0
9,48,1.24,933,1979,213,426,933,1979,0,0
9,50,0.38,793,2379,0,0,793,2379,0,0
9,51,4.49,2429,7196,15,23,2384,7128,0,0
9,52,24.23,1566,4042,823,2134,386,1083,0,0
9,53,33.91,2766,6394,2287,5657,326,614,0,0
9,54,12.93,1101,2353,1050,2289,72,167,0,0
9,55,18.21,1068,2293,753,1506,127,434,0,0
9,56,2.77,606,2466,515,2060,92,406,0,0
9,57,0.25,207,414,0,0,207,414,0,0
9,58,1.72,976,1951,97,193,685,1371,0,0
9,59,3.12,533,1854,152,659,197,468,0,0
9,60,12.66,947,2399,882,2279,8,11,0,0
9,61,29.8,2137,4998,1209,2747,263,664,0,0
9,62,19.01,1219,2967,1040,2658,48,81,0,0
9,63,8.32,355,625,272,536,10,12,0,0
9,70,1.27,48,128,40,120,0,0,0,0
9,71,1.07,50,102,26,78,24,24,0,0
9,72,2.72,407,757,374,723,11,11,0,0
9,73,8.78,656,771,550,665,3,3,0,0
9,75,1,13,13,13,13,0,0,0,0
9,76,3.9,357,878,357,878,0,0,0,0
9,77,3.1,333,667,333,667,0,0,0,0
9,78,3.99,267,450,245,406,7,14,0,0
9,79,5.44,656,1562,642,1541,3,3,0,0
9,80,7.21,1274,3554,1059,2927,205,596,0,0
9,81,3.4,1939,3991,195,195,1506,3109,0,0
9,82,12.99,1840,3646,756,1480,313,627,0,0
9,83,17.57,1236,2472,1208,2416,3,6,0,0
9,99,6.14,846,1697,846,1697,0,0,0,0
9,100,15.23,1745,3712,1745,3712,0,0,0,0
9,101,6.54,1017,1759,1017,1759,42,84,0,0
9,102,0.93,140,281,140,281,0,0,0,0
9,103,0.7,1514,5375,0,0,1514,5375,0,0
9,104,12.87,3012,10200,532,1478,2439,8639,0,0
9,105,7.23,614,1431,578,1366,2,2,0,0
9,107,1.19,2117,7669,529,1917,529,1917,0,0
9,114,3,453,907,44,89,409,818,0,0
9,117,9.28,1541,1541,385,385,385,385,0,0
9,118,0.99,120,120,30,30,30,30,0,0
9,119,1.72,2031,7121,0,0,2031,7121,0,0
9,120,2.35,4018,8635,0,0,4018,8635,0,0
9,121,5.62,854,2361,114,142,740,2219,0,0
9,122,6.98,1321,2492,116,232,1205,2260,0,0
9,123,0.47,1137,3505,256,767,370,1206,0,0
9,124,1.56,5603,21514,284,496,5120,20394,0,0
9,125,2.68,3299,13112,734,950,2348,11513,0,0
9,126,27.2,2087,5562,1851,4894,293,868,0,0
9,127,23.82,1985,5563,1626,5163,359,400,0,0
10,25,3.21,1634,5398,0,0,1634,5398,0,0
10,26,3.64,1087,2270,34,69,1087,2270,0,0
10,27,4.64,1693,4543,60,166,1693,4543,0,0
10,36,9.65,755,1481,741,1458,5,8,0,0
10,37,24.59,2073,3497,2031,3422,14,25,0,0
10,38,15.23,1173,1999,1146,1961,9,13,0,0
10,40,0.07,10,13,10,13,0,0,0,0
10,45,4.49,2475,7573,1238,5088,4,11,0,0
10,46,4.8,1351,6446,901,4248,495,2348,0,0
10,47,2.5,2618,8367,554,2097,2064,6270,0,0
10,49,3.1,213,461,182,374,62,132,0,0
10,50,2.1,426,1127,0,0,351,1052,0,0
10,51,13.82,1094,2724,684,1846,245,519,0,0
10,52,11.32,1434,3697,1210,3258,7,11,0,0
10,53,17.12,1796,4632,1686,4400,79,222,0,0
10,54,21.51,2170,4450,1429,3231,462,877,0,0
10,55,12.66,1831,4614,1174,3299,219,438,0,0
10,56,1.77,2140,9851,0,0,2140,9851,0,0
10,57,1.92,930,2767,0,0,930,2767,0,0
10,58,2.46,790,3383,38,76,675,3154,0,0
10,59,2.15,954,3844,954,3844,0,0,0,0
10,60,4.04,1740,7480,1740,7480,0,0,0,0
10,61,11.53,886,2233,791,2074,4,7,0,0
10,62,8.9,727,1496,703,1472,8,8,0,0
10,63,0.5,89,89,89,89,0,0,0,0
10,69,1,166,499,166,499,0,0,0,0
10,73,1,154,460,154,460,46,138,0,0
10,74,1,111,111,111,111,0,0,0,0
10,75,6,744,2293,700,2248,2,2,0,0
10,78,3.01,201,374,182,354,7,7,0,0
10,79,9.81,1201,2628,1053,2353,226,452,0,0
10,80,4.3,1296,3456,1122,3107,58,117,0,0
10,81,25.61,2100,5304,1605,3912,151,424,0,0
10,82,20.17,1995,4288,1305,2928,209,411,0,0
10,83,6.84,823,1774,823,1774,0,0,0,0
10,100,1,92,276,92,276,0,0,0,0
10,104,11.28,876,2367,500,1239,376,1128,0,0
10,105,1.19,127,258,124,248,3,9,0,0
10,108,1.58,1449,4167,496,1310,317,952,0,0
10,109,1.05,131,359,45,102,29,86,0,0
10,117,1.74,75,75,19,19,19,19,0,0
10,118,3.11,4424,17198,61,121,4364,17077,0,0
10,119,1.12,3175,9332,0,0,3175,9332,0,0
10,120,4.89,2134,5093,0,0,2134,5093,0,0
10,121,6.44,2154,5562,463,1390,1797,4490,0,0
10,122,2.04,800,1587,13,13,787,1574,0,0
10,123,3.08,3933,15333,7,9,3855,15254,0,0
10,124,3.24,2912,11271,146,457,2729,10666,0,0
10,125,6.63,3405,10116,55,67,3350,10049,0,0
10,126,8.16,1370,4616,823,2906,785,2424,0,0
10,127,7.46,1379,6302,1212,5968,0,0,0,0
11,13,5,234,335,0,0,234,335,0,0
11,23,0.36,210,420,0,0,210,420,0,0
11,24,8.16,1223,2436,593,1184,611,1219,0,0
11,25,3.68,1565,4303,181,381,1425,4003,0,0
11,26,0.83,4220,8441,0,0,4220,8441,0,0
11,27,0.39,273,625,24,72,273,625,0,0
11,36,0.1,16,33,16,33,0,0,0,0
11,37,13.85,1248,1990,1230,1967,6,8,0,0
11,38,22.88,1895,3102,1863,3060,11,14,0,0
11,45,20.8,1774,4657,1709,4504,15,38,0,0
11,46,16.21,1266,4011,1217,3928,10,16,0,0
11,47,5.34,1662,7467,1072,4593,822,4083,0,0
11,48,2.79,182,357,177,351,2,2,0,0
11,49,3.9,496,993,466,932,147,294,0,0
11,50,9,308,312,8,9,283,284,0,0
11,51,3.68,345,750,255,603,0,0,0,0
11,52,13.9,1839,4484,1718,4332,12,15,0,0
11,53,18.47,2228,6321,1893,5614,77,201,0,0
11,54,8.1,1111,2816,1111,2816,0,0,0,0
11,55,19.51,1627,4681,1597,4609,36,103,0,0
11,56,9.23,781,2307,763,2289,18,18,0,0
11,57,5.96,981,2498,0,0,981,2498,0,0
11,58,3.99,2591,15677,0,0,2591,15677,0,0
11,59,2,992,3970,992,3970,0,0,0,0
11,60,4.89,732,2329,732,2329,0,0,0,0
11,61,7.85,763,1939,751,1906,4,11,0,0
11,62,4.73,513,1135,483,1075,10,20,0,0
11,70,0.43,357,714,0,0,0,0,0,0
11,71,4,1481,2962,263,525,925,1851,0,0
11,72,0.52,67,134,17,34,17,34,0,0
11,78,2.83,1439,4312,362,1084,620,1860,0,0
11,79,9.96,2669,7062,1433,4298,1072,2626,0,0
11,80,24.87,2270,5382,1517,3786,493,1091,0,0
11,81,31.06,1987,3860,1909,3722,26,46,0,0
11,82,18.6,1772,3930,1744,3874,9,19,0,0
11,83,2.04,244,583,244,583,0,0,0,0
11,108,0.3,639,1917,160,480,160,479,0,0
11,109,0.07,158,474,40,119,40,119,0,0
11,116,1.18,210,274,108,172,147,147,0,0
11,117,2.41,698,726,220,248,683,683,0,0
11,118,3.05,3209,11634,141,423,3068,11211,0,0
11,119,4.82,1985,6084,22,26,1962,6058,0,0
11,120,0.4,1578,4734,0,0,1578,4734,0,0
11,121,2.74,5429,16272,21,47,5408,16225,0,0
11,122,4.75,3060,8889,17,17,3034,8864,0,0
11,123,9.69,3155,7964,44,92,3111,7873,0,0
11,124,8.21,1707,6658,56,122,1651,6536,0,0
11,125,5.66,4534,15518,30,46,4475,15443,0,0
11,126,2.95,2111,5511,420,1663,1690,3847,0,0
11,127,18.38,2308,10561,2308,10561,0,0,0,0
12,6,6.5,1137,2595,486,1254,217,447,0,0
12,7,2.25,424,999,162,419,87,193,0,0
12,24,1.03,155,314,155,314,0,0,0,0
12,25,5.86,470,1256,347,984,71,181,0,0
12,26,0.1,499,998,0,0,499,998,0,0
12,37,10.07,813,1616,797,1592,5,8,0,0
12,38,22.52,2012,3829,1981,3780,11,16,0,0
12,39,2.27,207,412,206,411,1,1,0,0
12,44,2.58,77,151,59,123,6,9,0,0
12,45,10.14,1029,2544,969,2463,6,12,0,0
12,46,9.64,1142,2519,1122,2490,7,10,0,0
12,47,4.42,680,1848,680,1848,0,0,0,0
12,48,11.78,645,1552,567,1413,26,46,0,0
12,49,0.3,38,48,12,14,38,48,0,0
12,50,1.23,309,309,23,23,146,146,0,0
12,51,6.35,1599,4300,499,1161,175,348,0,0
12,52,11.41,1128,3364,1114,3324,5,13,0,0
12,53,16.08,1817,4598,1590,4105,156,362,0,0
12,54,9.69,892,2531,892,2531,0,0,0,0
12,55,3.39,306,883,306,883,0,0,0,0
12,56,0.61,1143,5715,0,0,1143,5715,0,0
12,57,5.89,2437,10778,0,0,2437,10778,0,0
12,58,2.57,3925,25036,0,0,3925,25036,0,0
12,59,4.76,1096,3100,114,182,976,2908,0,0
12,60,8.72,374,912,344,858,10,18,0,0
12,61,4.35,133,202,103,172,10,10,0,0
12,71,0.05,6,11,0,0,6,11,0,0
12,72,9,975,1961,770,1498,25,47,0,0
12,73,1,212,848,212,848,0,0,0,0
12,77,3.87,600,1724,267,609,37,150,332,1220
12,78,10.42,725,1604,573,1280,99,251,0,0
12,79,3.74,1221,3919,1166,3864,240,714,0,0
12,80,2.48,254,616,250,611,1,2,0,0
12,81,7.12,540,1255,531,1236,3,6,0,0
12,82,15.21,998,1760,968,1695,10,22,0,0
12,107,0.27,163,490,0,0,163,490,0,0
12,108,2.22,735,1928,96,220,500,1432,0,0
12,115,0.13,14,28,14,28,0,0,0,0
12,116,4.67,346,838,346,838,0,0,0,0
12,117,0.02,2,7,2,7,0,0,0,0
12,118,11.85,2415,7318,415,1081,2089,6417,0,0
12,119,4.26,1801,5375,14,14,1787,5361,0,0
12,120,4.38,4848,15238,47,141,4724,14864,0,0
12,121,3.64,2306,7172,57,113,2249,7059,0,0
12,122,1.72,5145,15435,0,0,5145,15435,0,0
12,123,5.84,3305,9916,6,17,3300,9899,0,0
12,124,3.6,4775,14336,7,7,4768,14329,0,0
12,125,4.38,2626,9738,20,61,2605,9677,0,0
12,126,7.87,1407,4890,1363,4713,33,166,0,0
12,127,15.26,1889,6708,1763,6409,6,6,0,0
13,5,4.4,379,724,159,309,9,9,0,0
13,6,4.7,698,1690,166,405,166,405,0,0
13,7,1.15,95,217,24,54,24,54,0,0
13,21,3.06,2171,5371,0,0,2171,5371,0,0
13,25,11.8,1735,4152,1463,3563,86,182,0,0
13,26,13.03,1209,3197,1058,2829,12,21,0,0
13,27,2.31,194,463,194,463,0,0,0,0
13,28,0.82,17,17,4,4,4,4,0,0
13,33,0.67,65,262,16,65,16,65,0,0
13,37,2.25,205,410,203,405,1,2,0,0
13,38,0.79,133,265,133,265,0,0,0,0
13,44,5.06,567,1109,555,1092,4,6,0,0
13,45,14.57,966,2179,841,1961,27,41,0,0
13,46,18.61,1555,3956,1344,3459,15,23,0,0
13,47,19.28,849,2149,688,1854,31,62,0,0
13,48,14.44,808,1838,647,1535,21,35,0,0
13,49,0.95,341,683,102,205,341,683,0,0
13,50,1.53,352,471,3,6,80,89,0,0
13,51,3.54,887,3215,235,843,700,2468,0,0
13,52,11.09,3761,12654,2171,7402,2220,7227,0,0
13,53,9.74,1946,5681,1270,4210,446,1232,0,0
13,54,1.15,376,753,0,0,376,753,0,0
13,55,4.51,1673,4626,46,137,1535,4214,0,0
13,56,0.88,1117,4366,22,26,1098,4347,0,0
13,57,3.64,5018,21653,0,0,5018,21653,0,0
13,58,4.49,2606,9999,0,0,2606,9999,0,0
13,59,2.62,605,2169,0,0,605,2169,0,0
13,60,2,72,72,72,72,0,0,0,0
13,71,4.23,420,570,392,543,9,9,0,0
13,72,16,1338,2974,1042,2279,82,204,0,0
13,73,7.99,769,964,697,827,54,105,0,0
13,77,0.81,483,2417,121,604,121,604,483,2417
13,108,2.5,167,393,167,393,0,0,0,0
13,116,0.2,17,35,17,35,0,0,0,0
13,117,4.12,976,2754,13,26,937,2676,0,0
13,118,7.25,2486,7440,79,236,2250,6732,0,0
13,119,8.35,2620,8325,10,20,2609,8304,0,0
13,120,5.82,1982,6551,94,107,1889,6444,0,0
13,121,4.22,2510,8216,30,30,2481,8186,0,0
13,122,7.81,2913,8697,49,109,2863,8588,0,0
13,123,2.36,2830,8623,33,132,2731,8225,0,0
13,124,5.09,3196,8745,11,11,3184,8733,0,0
13,125,2.86,1491,4796,240,481,1251,4315,0,0
13,126,2.38,843,3565,70,70,773,3495,0,0
13,127,2.32,3507,20135,75,248,3317,19425,0,0
14,4,2.31,244,467,139,256,0,0,0,0
14,5,10.24,1519,3199,1061,2189,308,647,0,0
14,6,9.76,872,2210,344,804,176,469,0,0
14,20,7.09,1716,4662,102,304,1715,4659,0,0
14,21,7.53,1601,3484,3,5,1591,3469,0,0
14,22,9.35,1370,3098,1094,2573,249,491,0,0
14,23,6.13,459,1101,333,868,2,2,0,0
14,24,9.86,1099,2705,1059,2634,13,24,0,0
14,25,21.77,1936,5229,1510,4225,27,67,0,0
14,26,26.87,2235,6513,1603,4399,304,1080,0,0
14,27,5.98,274,745,206,648,15,25,0,0
14,28,0.18,4,4,1,1,1,1,0,0
14,32,1,239,718,60,179,60,179,0,0
14,33,14.89,990,1656,875,1450,23,48,0,0
14,34,3.28,412,540,412,540,0,0,0,0
14,35,0.07,9,9,9,9,0,0,0,0
14,44,8.88,733,1866,646,1641,28,74,0,0
14,45,8.54,1015,2555,1011,2548,1,3,0,0
14,46,14.86,1041,2587,979,2487,13,17,0,0
14,47,14.59,1369,2581,1325,2538,14,14,0,0
14,48,21.95,1169,2900,963,2550,53,92,0,0
14,49,4.24,299,837,290,818,3,6,0,0
14,50,1,27,54,0,0,27,54,0,0
14,51,1.23,447,1363,0,0,447,1363,0,0
14,52,20.14,3118,9190,2144,6089,1263,3835,0,0
14,53,11.63,757,2016,546,1511,128,318,0,0
14,54,0.16,125,250,0,0,125,250,0,0
14,55,3.8,1178,3772,137,411,767,2538,0,0
14,56,9.87,1756,5381,148,246,1706,5332,0,0
14,57,3.06,2195,8232,0,0,2195,8232,0,0
14,72,9.87,827,1472,709,1346,7,7,0,0
14,73,10.24,858,1515,709,1278,39,59,0,0
14,79,1,40,0,40,0,0,0,0,0
14,113,0.92,22,22,0,0,22,22,0,0
14,114,0.08,2,2,0,0,2,2,0,0
14,116,0.62,203,405,203,405,0,0,0,0
14,117,3.06,534,1204,277,588,174,381,0,0
14,118,3.68,1140,2789,0,0,1140,2789,0,0
14,119,3.72,5243,10486,39,55,5209,10452,0,0
14,120,5.61,3107,9513,122,356,3063,9469,0,0
14,121,5.21,2645,7941,48,151,2597,7790,0,0
14,122,4.96,1731,4006,63,157,1668,3850,0,0
14,123,5.41,2960,9140,120,457,2623,7814,0,0
14,124,5.05,2016,5953,56,169,1960,5784,0,0
14,125,3.13,7796,30972,6,12,7791,30961,0,0
14,126,1.66,1883,8527,408,2009,1475,6518,0,0
14,127,1.85,2222,12771,405,1871,1816,10895,0,0
15,5,5.45,447,918,364,734,28,61,0,0
15,6,13.76,1009,2100,624,1310,88,191,0,0
15,7,7.58,564,1628,529,1592,4,4,0,0
15,20,6.03,1254,3407,539,1570,781,2133,0,0
15,21,11.52,832,1994,828,1984,2,6,0,0
15,22,2.26,553,1545,468,1376,28,56,0,0
15,23,1.04,129,387,129,387,0,0,0,0
15,24,10.97,721,1733,652,1651,23,27,0,0
15,25,25.14,1521,3946,1158,3260,80,160,0,0
15,26,34.14,2733,7601,2479,6843,193,679,0,0
15,27,9.31,1016,3324,959,3153,84,252,0,0
15,31,1,163,163,163,163,0,0,0,0
15,32,8.66,376,845,287,705,16,30,0,0
15,33,22.92,1361,3396,1247,3202,22,33,0,0
15,34,23.58,1337,3481,1123,3135,58,143,0,0
15,35,0.9,87,288,76,265,13,35,0,0
15,43,1,6,13,2,3,2,3,0,0
15,44,7.73,551,1144,428,920,34,67,0,0
15,45,15.89,1310,3352,1084,2866,49,134,0,0
15,46,30.36,1444,3245,1179,2806,70,122,0,0
15,47,15.86,997,2832,908,2668,10,16,0,0
15,48,10.17,850,2435,640,1978,7,7,0,0
15,49,14.3,2406,6872,2296,6612,32,65,0,0
15,50,1,160,160,48,48,160,160,0,0
15,51,8.17,2507,7992,1059,4390,1611,4231,0,0
15,52,25.69,4073,14895,3181,12344,1206,3555,0,0
15,53,4.82,1226,4944,373,1637,264,1123,758,3161
15,54,0.55,360,2163,90,541,90,541,360,2163
15,55,0.16,76,303,0,0,76,303,0,0
15,56,2.59,640,2933,0,0,640,2933,0,0
15,57,1.1,200,630,0,0,200,630,0,0
15,73,0.68,128,174,124,170,1,1,0,0
15,79,2,62,153,50,140,4,4,0,0
15,119,0.63,329,658,0,0,329,658,0,0
15,120,1.94,673,2009,9,19,663,1990,0,0
15,121,1.96,1060,3673,543,2123,517,1550,0,0
15,122,8.69,4488,13193,404,1039,4084,12154,0,0
15,123,11.86,3516,12164,48,63,3468,12100,0,0
15,124,2.37,5277,15253,6,6,5271,15248,0,0
15,125,2.22,5223,16136,245,490,4978,15646,0,0
15,126,5.01,472,1019,145,198,220,606,0,0
16,5,1,151,453,151,453,0,0,0,0
16,6,21.04,1449,2469,1241,2129,75,90,0,0
16,7,0.03,5,5,5,5,2,2,0,0
16,20,4.34,777,1708,369,891,408,816,0,0
16,21,7.29,915,2147,871,2097,6,11,0,0
16,22,0.65,246,737,74,221,246,737,0,0
16,23,0.04,1,1,0,0,0,0,0,0
16,24,9.25,388,653,302,517,23,34,0,0
16,25,16.5,937,2132,672,1601,44,93,0,0
16,26,20.33,2052,6557,1402,4792,48,189,426,1277
16,27,23.26,1327,4169,1108,3672,41,105,0,0
16,28,4.02,253,574,225,529,0,0,0,0
16,29,5.53,308,571,294,560,5,4,0,0
16,30,2,80,146,20,37,20,36,0,0
16,31,7.53,599,1354,510,1216,3,0,0,0
16,32,20.95,1320,3330,1168,3067,18,30,0,0
16,33,26.67,1951,5504,1803,5242,31,58,0,0
16,34,8.57,590,1762,472,1472,39,96,0,0
16,35,6.01,809,3108,425,1604,128,501,0,0
16,36,6.75,331,588,249,482,24,32,0,0
16,37,11.89,759,1429,632,1256,14,19,0,0
16,45,4.8,608,705,594,691,0,0,0,0
16,46,16.38,1323,2615,1222,2418,34,66,0,0
16,47,14.92,701,2466,542,2117,47,171,0,0
16,48,10,1453,5167,1149,4293,596,2065,0,0
16,49,15.51,1881,6264,1475,5156,517,1842,0,0
16,50,1.98,627,3384,627,3384,38,113,0,0
16,51,4.87,425,1251,222,684,146,537,0,0
16,52,8.89,2028,8690,1565,7384,448,1286,190,569
16,53,4.72,485,1654,338,1354,114,297,0,0
16,55,2,79,118,0,0,79,118,0,0
16,79,1,22,22,0,0,22,22,0,0
16,117,0.46,703,1407,703,1407,0,0,0,0
16,121,1.77,2779,8321,9,9,2771,8312,0,0
16,122,5.71,2817,8212,28,84,2789,8128,0,0
16,123,4.65,1718,5505,53,89,1612,5289,0,0
16,124,1.36,9512,28573,38,151,9474,28422,0,0
16,125,1.19,5011,15033,20,59,4991,14974,0,0
16,126,6.01,2536,5370,284,558,2252,4813,0,0
16,127,1,16,16,16,16,0,0,0,0
17,6,11.69,552,813,314,491,92,113,0,0
17,7,2.14,76,160,43,128,1,1,0,0
17,18,0.16,30,59,30,59,0,0,0,0
17,19,2.85,1518,4335,1411,4122,36,71,0,0
17,20,12.78,1569,3742,1317,3264,150,295,0,0
17,21,7.9,1313,3189,421,780,853,2354,0,0
17,22,7.07,1363,3725,39,118,1363,3725,0,0
17,23,0.12,97,290,0,0,97,290,0,0
17,24,1,46,46,12,12,12,12,0,0
17,25,7.54,264,552,95,192,52,107,0,0
17,26,20.14,1755,4687,1301,3682,61,140,0,0
17,27,31.59,2053,5628,1718,5110,213,403,0,0
17,28,29.1,2615,6887,1987,5092,390,1131,0,0
17,29,21.42,1308,3890,1206,3611,18,68,0,0
17,30,16.73,1028,2619,898,2419,12,12,0,0
17,31,25.57,1269,3179,1123,2951,44,71,0,0
17,32,26.05,1796,4542,1705,4426,47,144,0,0
17,33,25.84,1673,4389,1418,3984,45,89,0,0
17,34,12.96,977,1693,869,1548,1,1,0,0
17,35,6.5,400,1579,359,1467,9,25,0,0
17,36,12.7,938,2734,844,2562,29,49,0,0
17,37,16.08,1290,2590,1179,2456,20,28,0,0
17,38,4.92,415,1112,316,933,8,10,0,0
17,45,2,160,627,151,599,3,9,0,0
17,46,4.98,933,2435,401,915,165,494,0,0
17,47,25.02,1444,3937,1143,3129,112,416,0,0
17,48,8.01,1091,4167,810,3043,353,1446,0,0
17,49,5.88,514,1637,361,1255,85,349,0,0
17,51,7.04,907,2365,907,2365,0,0,0,0
17,52,17.32,1532,3685,1472,3546,11,20,0,0
17,53,9.3,550,1607,482,1511,38,140,0,0
17,116,0.03,54,162,0,0,54,162,0,0
17,117,1.56,1030,2118,861,1723,43,93,0,0
17,118,0.98,2497,7490,0,0,0,0,0,0
17,122,0.32,49,98,0,0,49,98,0,0
17,123,2.57,1402,3677,148,312,957,2740,0,0
17,124,5.36,1803,4924,25,47,1728,4784,0,0
17,126,1,65,130,0,0,65,130,0,0
17,127,6.77,306,651,276,621,0,0,0,0
18,18,0.09,17,34,17,34,0,0,0,0
18,19,14.55,1478,3196,1188,2636,89,171,0,0
18,20,25.57,1414,2761,1226,2543,53,63,0,0
18,21,6.01,716,1986,482,1326,214,641,0,0
18,27,8.59,468,932,352,787,20,20,0,0
18,28,15.22,1114,2492,969,2153,39,103,0,0
18,29,11.75,809,1673,391,863,132,262,0,0
18,30,15.59,1634,3745,1352,3213,68,133,0,0
18,31,15.03,1157,2949,845,2159,85,227,0,0
18,32,28.74,1856,4134,1725,3912,18,29,0,0
18,33,27.61,1843,4070,1582,3706,60,68,0,0
18,34,23.89,1548,3336,1394,3108,15,26,0,0
18,35,1.75,101,166,91,135,3,10,0,0
18,36,15.09,1073,3290,991,3134,15,20,0,0
18,37,8.71,1004,2342,984,2321,7,7,0,0
18,38,20.77,1017,1803,719,1313,74,113,0,0
18,45,7.6,297,512,211,380,22,38,0,0
18,46,10.08,1460,3619,853,1868,191,573,0,0
18,47,12.07,1156,3548,766,2276,121,444,0,0
18,48,1.06,656,3264,656,3264,0,0,0,0
18,51,6.12,673,2193,673,2193,0,0,0,0
18,52,12.13,782,1918,730,1828,16,26,0,0
18,53,9.69,698,1395,634,1269,9,17,0,0
18,56,4,169,462,17,68,169,462,0,0
18,57,1,44,44,11,11,11,11,0,0
18,66,0.05,7,20,7,20,0,0,0,0
18,67,1.82,283,612,106,265,2,2,0,0
18,116,1.23,882,2381,0,0,882,2381,0,0
18,117,5.83,2933,8240,147,398,2786,7842,0,0
18,118,2.96,1795,3652,25,60,1719,3472,0,0
18,119,1.58,128,166,4,11,118,134,0,0
18,120,2.11,74,133,19,33,19,33,0,0
18,121,2.27,1071,2637,268,659,268,659,0,0
18,126,3,1106,6539,33,100,1073,6439,0,0
18,127,17.16,1010,2562,1010,2562,0,0,0,0
19,18,9.95,614,1311,548,1237,22,24,0,0
19,19,24.63,1972,4288,1887,4187,6,12,0,0
19,20,20.4,1561,3221,1463,3070,23,41,0,0
19,21,18.4,871,1783,669,1502,46,72,0,0
19,27,6.57,689,1875,685,1869,1,2,0,0
19,28,6.11,410,1076,308,902,10,10,0,0
19,29,12.86,1783,4493,1693,4403,20,20,0,0
19,30,6.88,1532,3996,1532,3996,0,0,0,0
19,31,4.81,576,1068,573,1065,1,1,0,0
19,32,27.04,1606,3591,1423,3303,16,23,0,0
19,33,32.04,1643,4229,1324,3569,68,152,0,0
19,34,28.69,1612,3468,1354,3133,25,46,0,0
19,35,2.04,155,256,155,256,0,0,0,0
19,36,10.28,807,2094,765,2017,14,26,0,0
19,37,14.1,1015,1595,859,1439,48,48,0,0
19,38,3.31,248,652,222,604,9,16,0,0
19,39,4.2,445,601,347,502,33,33,0,0
19,40,5.67,511,1127,501,1107,3,7,0,0
19,41,13.23,866,2148,611,1600,60,133,0,0
19,42,6.02,537,1637,485,1534,17,34,0,0
19,43,0.61,89,355,89,355,0,0,0,0
19,44,10.64,657,1468,553,1308,35,53,0,0
19,45,20.05,1339,2836,1149,2535,49,86,0,0
19,46,21.28,1480,3530,1384,3360,13,23,0,0
19,47,8.64,690,1586,585,1377,5,9,0,0
19,48,4.65,830,3312,814,3253,6,20,0,0
19,50,3.99,347,671,225,445,6,6,0,0
19,51,6.07,722,1629,715,1621,2,2,0,0
19,52,7.9,779,1590,690,1411,8,16,0,0
19,53,2.47,198,383,187,370,4,5,0,0
19,56,2,179,179,0,0,179,179,0,0
19,64,10.96,1007,1761,982,1732,5,7,0,0
19,65,13.48,1081,1739,949,1573,17,16,0,0
19,66,3.14,364,815,150,405,198,389,0,0
19,67,17.98,2471,5510,2125,4867,259,501,0,0
19,68,6.87,706,1571,671,1500,12,23,0,0
19,117,3.62,1586,4671,4,4,1574,4659,0,0
19,118,2.87,2448,6560,0,1,2448,6557,0,0
19,119,8.38,2007,4017,94,94,1913,3922,0,0
19,120,1.01,195,391,44,88,64,128,0,0
19,121,0.59,796,1599,199,400,199,400,0,0
19,125,1,50,100,50,100,0,0,0,0
19,127,2.98,100,266,76,220,0,0,0,0
20,17,5.24,539,1293,407,899,0,0,0,0
20,18,26.43,1775,3533,1603,3253,19,29,0,0
20,19,21.5,1617,3241,1506,3085,56,104,0,0
20,20,10.03,665,1397,606,1302,13,25,0,0
20,21,12.5,1233,2595,1223,2582,3,5,0,0
20,22,0.03,5,11,5,11,0,0,0,0
20,26,1,190,761,190,761,0,0,0,0
20,27,0.02,1,1,1,1,0,0,0,0
20,28,0.25,480,1441,144,432,480,1441,0,0
20,29,15.13,2097,5688,953,2393,1488,4430,0,0
20,30,9.78,1033,2986,727,2378,151,433,0,0
20,31,2.68,274,802,264,774,3,9,0,0
20,32,23.84,1900,4857,1772,4632,16,28,0,0
20,33,33.04,1748,3640,1409,3190,39,65,0,0
20,34,29.77,1690,3936,1391,3368,62,138,0,0
20,35,10.13,887,1885,760,1758,3,3,0,0
20,36,6.71,629,1569,552,1400,18,41,0,0
20,37,12.94,910,2063,791,1928,13,18,0,0
20,38,16.7,1241,2457,1085,2202,41,74,0,0
20,39,14.35,812,1525,688,1393,25,28,0,0
20,40,7,651,1233,505,1054,18,18,0,0
20,41,15.61,1181,3236,1020,2871,44,112,0,0
20,42,4.77,140,327,58,173,27,51,0,0
20,43,15.16,1126,3123,1011,2791,13,60,0,0
20,44,18.49,1413,3136,1262,2902,34,49,0,0
20,45,15.42,1388,4012,1230,3750,44,79,0,0
20,46,20.9,1590,4101,1270,3512,104,191,0,0
20,47,7.11,1026,4313,980,4205,8,21,0,0
20,48,0.39,70,328,68,321,1,2,0,0
20,50,4.61,491,1189,491,1189,0,0,0,0
20,51,10.1,1024,2099,993,2039,10,20,0,0
20,52,5.06,745,1764,745,1764,0,0,0,0
20,58,0.52,95,191,0,0,95,191,0,0
20,64,14.69,1593,4060,610,1239,901,2619,0,0
20,65,7.42,720,1613,368,871,166,383,0,0
20,66,6.23,1365,2437,95,247,1271,2190,0,0
20,67,21.76,1302,2819,1097,2411,154,307,0,0
20,68,0.07,12,24,12,24,0,0,0,0
20,74,2.24,752,752,188,188,188,188,0,0
20,75,3.18,1687,1687,422,422,422,422,0,0
20,116,0.83,1177,3531,294,883,294,883,0,0
20,117,0.88,919,2757,218,655,265,794,0,0
20,118,2.19,2596,10745,426,1949,1409,4987,0,0
20,119,0.62,1126,4550,191,957,552,1678,0,0
20,120,2.96,1721,3441,201,402,1118,2236,0,0
20,121,0.02,33,65,8,16,8,16,0,0
20,122,1,19,19,5,5,5,5,0,0
21,17,6.01,760,1710,667,1479,31,77,0,0
21,18,20.31,1513,3151,1427,3023,27,40,0,0
21,19,16.36,1011,2484,861,2143,21,43,0,0
21,20,6,602,1551,593,1534,3,6,0,0
21,22,0.99,86,172,86,172,0,0,0,0
21,26,4.88,677,1510,457,1072,70,139,0,0
21,27,0.12,24,48,24,48,0,0,0,0
21,28,0.88,202,607,202,606,0,0,0,0
21,29,11.04,858,1836,706,1634,17,33,0,0
21,30,10.15,762,1712,626,1396,42,124,0,0
21,31,13.85,1121,2423,1091,2394,4,4,0,0
21,32,12.29,1269,2549,1206,2450,6,12,0,0
21,33,27.69,1611,3144,1356,2792,31,45,0,0
21,34,31.66,1777,3992,1574,3685,37,55,0,0
21,35,19.78,1164,2619,1003,2309,27,49,0,0
21,36,4.86,581,1386,581,1386,0,0,0,0
21,37,8.09,888,2928,836,2876,0,0,0,0
21,38,15.35,1095,3209,887,2718,86,262,0,0
21,39,14.49,1194,2267,794,1534,115,226,0,0
21,40,14.87,541,1219,425,1047,38,56,0,0
21,41,13.53,1028,2921,932,2752,19,43,0,0
21,42,13.85,1068,2281,639,1536,130,235,0,0
21,43,17.19,1160,2880,961,2349,55,155,0,0
21,44,16.1,1213,3221,1130,3025,7,17,0,0
21,45,6.78,1713,7639,1713,7639,0,0,0,0
21,46,7.81,1027,3561,775,2892,215,616,0,0
21,47,8.68,804,1472,736,1394,23,26,0,0
21,49,5.25,217,436,170,340,7,14,0,0
21,50,15.69,1476,4214,1465,4191,4,8,0,0
21,51,11.41,1032,2629,1019,2608,4,7,0,0
21,52,9.35,847,1691,796,1613,9,18,0,0
21,53,1,75,151,0,0,75,151,0,0
21,58,0.58,288,973,0,0,288,973,0,0
21,59,0.83,1485,5202,0,0,1485,5202,0,0
21,63,3.42,1028,2809,239,671,436,1167,0,0
21,64,11,1441,3515,561,1411,573,1519,0,0
21,65,2.76,1106,3786,30,83,1059,3671,0,0
21,66,37.4,2849,5615,2374,4983,388,609,0,0
21,67,21.99,1052,2052,988,1969,13,19,0,0
21,72,0.22,154,154,38,38,38,38,0,0
21,73,0.6,6275,6275,1569,1569,1569,1569,0,0
21,74,1.5,4146,4146,1036,1036,1036,1036,0,0
21,75,1.34,3273,3273,818,818,818,818,0,0
21,77,3,120,120,30,30,30,30,0,0
21,111,1,48,48,48,48,0,0,0,0
21,116,1.43,1194,4523,357,1247,279,1092,0,0
21,117,4.22,821,1980,422,929,230,545,0,0
21,118,3.25,2729,11278,425,2075,1479,5078,0,0
21,119,0.46,3362,16811,841,4203,841,4203,0,0
21,120,11.68,1072,2144,1072,2144,0,0,0,0
21,121,2.3,199,397,199,397,0,0,0,0
21,124,2,252,505,187,373,0,0,0,0
22,18,0.3,31,92,31,92,0,0,0,0
22,20,0.71,61,122,57,115,1,2,0,0
22,28,1.12,71,173,41,114,10,20,0,0
22,29,8,628,1395,578,1294,7,14,0,0
22,30,9.71,1137,2805,1093,2717,0,0,0,0
22,31,19.21,1907,4550,1314,3072,121,311,0,0
22,32,18.26,1788,3928,1604,3567,41,80,0,0
22,33,23.79,1546,3536,1504,3494,8,8,0,0
22,34,30.43,2147,4624,2020,4414,18,30,0,0
22,35,30.41,1811,4807,1607,4419,37,89,0,0
22,36,13.55,1453,4053,1405,3935,16,39,0,0
22,37,8.34,992,2726,984,2718,3,3,0,0
22,38,21.44,1438,4417,1129,3693,26,31,0,0
22,39,9.88,938,3286,758,2757,13,30,0,0
22,40,14.02,1049,2622,816,2265,57,98,0,0
22,41,12.16,687,1661,467,1241,59,126,0,0
22,42,24.19,1222,2516,1073,2256,42,79,0,0
22,43,21.29,1432,3709,1289,3484,15,24,0,0
22,44,26.08,1621,3788,1444,3558,21,39,0,0
22,45,20.4,1247,3178,1165,3053,16,23,0,0
22,46,16.92,1139,2471,932,2240,39,47,0,0
22,47,11.95,616,1786,549,1637,11,27,0,0
22,49,9.53,971,2499,942,2456,9,15,0,0
22,50,14.82,1522,4017,1501,3992,7,8,0,0
22,51,12.07,1277,2777,1248,2718,10,20,0,0
22,52,1.06,322,746,101,302,222,443,0,0
22,55,1.36,185,185,0,0,185,185,0,0
22,56,1,16,16,4,4,4,4,0,0
22,57,1.01,63,189,5,5,47,173,0,0
22,58,0.14,464,1857,0,0,464,1857,0,0
22,59,1.18,5028,19334,0,0,5028,19334,0,0
22,60,0.04,953,3812,0,0,953,3812,0,0
22,63,18.27,1740,3875,1328,2746,247,817,0,0
22,64,16.43,1810,4254,1467,2929,329,1301,0,0
22,65,6.27,697,1204,697,1204,0,0,0,0
22,66,24.7,1401,2768,1043,2142,138,251,0,0
22,67,0.29,17,34,17,34,0,0,0,0
22,72,5.99,1942,1942,462,462,555,555,0,0
22,73,0.39,1259,1259,315,315,315,315,0,0
22,74,1.04,522,522,130,130,130,130,0,0
22,76,0.14,133,133,33,33,33,33,0,0
22,77,10.88,2484,2484,621,621,621,621,0,0
22,78,0.22,515,515,129,129,129,129,0,0
22,116,0.34,375,1126,25,74,301,904,0,0
22,117,4.38,2577,8005,250,746,1826,5768,0,0
22,118,7.68,2892,9463,86,189,2786,9231,0,0
22,119,6.43,601,1291,372,833,238,476,0,0
22,120,19.04,1304,2599,1304,2599,0,0,0,0
22,121,13.39,1317,2654,1317,2654,0,0,0,0
22,122,4.89,536,999,492,911,0,0,0,0
22,124,3,155,300,155,300,0,0,0,0
23,29,1,28,28,7,7,7,7,0,0
23,30,4.83,229,460,152,337,19,34,0,0
23,31,7.82,486,1174,361,839,37,107,0,0
23,32,33.13,1945,4381,1705,4018,40,56,0,0
23,33,31.81,1781,3919,1560,3662,25,37,0,0
23,34,36.21,2184,4300,1984,4013,22,36,0,0
23,35,32.79,1840,4129,1723,3958,20,38,0,0
23,36,29.22,2008,5241,1784,4622,44,163,0,0
23,37,17.11,1475,3995,1420,3908,15,26,0,0
23,38,26.65,1615,4385,1328,3957,41,58,0,0
23,39,14.64,1238,3686,953,3083,60,130,0,0
23,40,14.67,937,2565,786,2197,32,77,0,0
23,41,12.2,838,3165,768,3002,13,25,0,0
23,42,24.29,1636,4392,1381,3937,88,213,0,0
23,43,26.84,1528,3922,1339,3645,25,42,0,0
23,44,28.57,1767,3422,1385,2906,24,29,0,0
23,45,16.97,1032,2363,866,2118,21,30,0,0
23,46,16.04,1034,2186,939,2026,22,44,0,0
23,47,0.64,51,99,15,27,12,24,0,0
23,49,24.9,1507,3229,1410,3046,33,61,0,0
23,50,40.17,1619,3042,1416,2672,68,123,0,0
23,51,10.35,889,1565,814,1484,10,12,0,0
23,52,0.92,1209,2418,36,72,1173,2346,0,0
23,55,3.64,828,1343,0,0,828,1343,0,0
23,57,1.77,2832,10827,0,0,2832,10827,0,0
23,58,1.15,1807,7178,0,0,1807,7178,0,0
23,59,0.39,10000,40000,0,0,10000,40000,0,0
23,60,0.27,5912,23460,0,0,5912,23460,0,0
23,61,0.71,2671,8012,0,0,2671,8012,0,0
23,63,17.62,1438,2872,1423,2855,3,4,0,0
23,64,29.97,2529,5030,2502,4996,7,10,0,0
23,65,18.44,1510,3201,1429,3120,20,20,0,0
23,66,6.34,491,907,136,252,303,587,0,0
23,67,0.5,88,176,0,0,88,176,0,0
23,69,1,202,202,0,0,202,202,0,0
23,72,5.5,2347,2347,583,583,598,598,0,0
23,73,8.55,2245,2245,561,561,561,561,0,0
23,74,0.06,50,50,12,12,12,12,0,0
23,75,0.62,1393,1393,348,348,348,348,0,0
23,76,3.36,2097,2097,524,524,524,524,0,0
23,77,3.58,4732,4732,1183,1183,1183,1183,0,0
23,78,1.14,832,832,208,208,208,208,0,0
23,79,1.47,536,536,134,134,134,134,0,0
23,82,0.24,188,564,47,141,47,141,0,0
23,96,1.25,708,2125,621,1862,29,88,0,0
23,97,0.04,101,303,101,303,0,0,0,0
23,111,0.74,115,229,115,229,0,0,0,0
23,115,1,19,26,15,15,0,0,0,0
23,116,2.11,2243,7563,71,142,1511,5580,0,0
23,117,2.66,1660,5274,19,38,1603,5160,0,0
23,118,3.9,2083,6118,461,1249,1984,5956,0,0
23,119,25.33,1664,3779,1664,3779,0,0,0,0
23,120,18.53,1238,2587,1238,2587,0,0,0,0
23,121,23.5,1550,3248,1550,3248,0,0,0,0
23,122,25.96,1679,3426,1597,3337,0,0,0,0
23,123,11.13,1027,2023,1022,2018,0,0,0,0
24,16,0.01,8,24,2,6,2,6,0,0
24,17,0.92,1130,3389,1009,3027,40,121,0,0
24,31,0.1,5,9,5,9,0,0,0,0
24,32,11.62,974,2097,766,1805,74,149,0,0
24,33,21.09,1724,4383,1410,3756,164,334,0,0
24,34,25.29,1594,4018,1478,3845,24,43,0,0
24,35,37.07,2171,4562,1810,4029,49,73,0,0
24,36,50.5,2487,5207,2107,4652,40,61,0,0
24,37,39.83,2212,4211,1818,3627,81,145,0,0
24,38,26.92,1968,4060,1519,3416,31,41,0,0
24,39,28.4,1532,3760,1206,3301,26,42,0,0
24,40,14.56,892,2701,785,2526,19,35,0,0
24,41,24.61,1224,3622,935,2887,75,174,0,0
24,42,30.29,1856,5262,1636,4788,53,119,0,0
24,43,21.46,1620,3916,1447,3523,46,107,0,0
24,44,23.4,1494,3404,1276,3078,37,54,0,0
24,45,26.03,1350,3872,1185,3506,47,114,0,0
24,46,18.73,1685,6060,1542,5695,37,111,0,0
24,48,2,9,29,2,7,2,7,0,0
24,49,26.61,1112,2283,1022,2117,27,49,0,0
24,50,22.45,971,1736,836,1553,38,47,0,0
24,51,15.51,1231,2372,951,1917,98,113,0,0
24,52,8.16,1234,3157,1166,3046,4,7,0,0
24,53,0.47,187,562,187,562,0,0,0,0
24,58,1.12,820,2488,0,0,820,2488,0,0
24,59,1.77,5037,18623,0,0,5037,18623,0,0
24,60,1.26,2804,9553,0,0,2804,9553,0,0
24,61,2.32,2660,6946,0,0,2660,6946,0,0
24,62,1,503,1508,0,0,503,1508,0,0
24,64,1.81,146,278,136,268,3,3,0,0
24,65,1.32,334,362,30,58,300,300,0,0
24,72,3.95,627,627,157,157,157,157,0,0
24,73,5.39,2687,2687,672,672,672,672,0,0
24,75,1.56,449,449,112,112,112,112,0,0
24,76,0.81,849,849,212,212,212,212,0,0
24,77,1.05,3565,3565,891,891,891,891,0,0
24,78,1.51,3484,3484,871,871,871,871,0,0
24,79,0.46,1334,1334,334,334,334,334,0,0
24,80,0.87,2470,2470,618,618,618,618,0,0
24,82,3.76,1546,3688,386,922,386,922,0,0
24,94,1,12,12,0,0,12,12,0,0
24,96,2.8,2014,6082,1843,5530,41,163,0,0
24,97,0.45,1035,3138,1002,3007,33,132,0,0
24,111,2.26,125,336,101,264,24,72,0,0
24,113,2.84,466,887,421,842,0,0,0,0
24,114,3,482,964,13,26,0,0,0,0
24,115,0.43,581,1742,82,245,82,245,0,0
24,116,2.71,2568,7447,334,744,76,229,0,0
24,117,6.69,1873,3924,1697,3394,47,141,0,0
24,118,11.87,1138,2922,1138,2922,0,0,0,0
24,119,4.5,360,1015,347,1002,0,0,0,0
24,120,24.8,1579,3431,1579,3431,0,0,0,0
24,121,17,1273,2813,964,2254,103,186,0,0
24,122,20.89,1515,3536,1515,3536,58,175,0,0
24,123,14.03,1804,2898,1225,2319,193,193,0,0
25,16,10.66,1364,3712,738,2117,209,532,0,0
25,17,6.43,1189,3108,758,1957,144,384,0,0
25,31,15.22,667,1604,617,1519,17,28,0,0
25,32,21.32,1580,3531,1422,3138,25,48,0,0
25,33,18.94,1377,3265,1289,3103,15,26,0,0
25,34,9.89,1170,2682,724,1785,443,886,0,0
25,35,16.87,1483,3561,1372,3429,32,33,0,0
25,36,37.83,2359,4502,2066,4189,33,42,0,0
25,37,18.59,1122,2345,887,1963,133,257,0,0
25,38,24.74,1562,5376,1165,4027,32,119,0,0
25,39,27.62,1753,4203,1567,3902,68,122,0,0
25,40,43.4,2085,4928,1749,4365,109,157,0,0
25,41,20.48,1579,3719,1420,3544,17,20,0,0
25,42,33.09,1505,3155,1092,2523,79,155,0,0
25,43,27.74,1901,4382,1670,3937,85,211,0,0
25,44,22.02,872,1659,717,1458,41,56,0,0
25,45,29.67,1614,4589,1438,4109,51,146,0,0
25,46,12.51,1040,2244,907,1997,16,32,0,0
25,48,2.72,340,679,340,679,0,0,0,0
25,49,7.97,393,799,249,605,38,52,0,0
25,50,17.49,903,2209,732,1968,25,38,0,0
25,51,17.33,1446,3510,1282,3207,122,241,0,0
25,52,12.13,1384,4700,1236,4261,3,7,0,0
25,53,1.89,120,434,118,430,1,1,0,0
25,58,1.34,2097,4238,0,0,2097,4238,0,0
25,59,0.71,1966,4236,0,0,1966,4236,0,0
25,60,2.48,2904,8147,0,0,2904,8147,0,0
25,61,1.5,2487,10779,0,0,2487,10779,0,0
25,62,1.19,765,3480,0,0,765,3480,0,0
25,71,1,429,429,107,107,107,107,0,0
25,72,1.29,4396,4396,1099,1099,1099,1099,0,0
25,73,1.98,5534,5534,1384,1384,1384,1384,0,0
25,74,4.8,1486,1486,362,362,401,401,0,0
25,75,3.65,1822,1822,455,455,455,455,0,0
25,76,1.75,3515,3515,879,879,879,879,0,0
25,77,3.21,6006,6006,1502,1502,1502,1502,0,0
25,78,0.96,1491,1491,373,373,373,373,0,0
25,79,3.49,1322,1322,331,331,331,331,0,0
25,80,0.43,1029,1029,257,257,257,257,0,0
25,81,2.2,1332,2186,333,546,333,546,0,0
25,82,3,529,1058,233,465,132,263,0,0
25,83,3,193,355,48,89,48,89,0,0
25,96,1.12,841,2525,739,2217,2,9,0,0
25,97,1.34,1436,5307,435,1305,1001,4002,0,0
25,113,2.16,229,449,220,440,62,123,0,0
25,114,9,666,1279,450,846,0,0,0,0
25,115,1.65,673,1977,168,494,168,494,0,0
25,116,1.4,304,667,74,162,74,162,0,0
25,118,18.62,1404,3687,1377,3660,3,3,0,0
25,119,15.29,1401,4588,1360,4505,0,0,0,0
25,120,11.64,1633,5629,1633,5629,0,0,0,0
25,121,4.71,392,835,247,471,48,121,0,0
25,122,11.45,1029,1758,728,1375,87,100,0,0
25,123,2.05,957,957,239,239,239,239,0,0
26,16,9.98,886,1751,322,623,97,193,0,0
26,17,1,550,1650,0,0,550,1650,0,0
26,26,1,31,63,0,0,31,63,0,0
26,31,4.4,292,696,281,676,4,6,0,0
26,32,9.39,795,2310,718,2167,11,19,0,0
26,33,22.59,1545,3960,1371,3728,47,55,0,0
26,34,24.5,1447,4078,1392,3980,75,146,0,0
26,35,28.97,1759,4592,1654,4316,35,92,0,0
26,36,4.62,524,832,478,786,4,4,0,0
26,37,4.44,2249,2768,226,452,608,705,0,0
26,38,7,524,1343,488,1270,12,25,0,0
26,39,11.46,1408,4128,1271,3862,8,14,0,0
26,40,27.08,2119,6778,1636,5562,198,552,0,0
26,41,26.31,1358,3210,1065,2851,17,28,0,0
26,42,15.32,1164,2592,962,2189,140,280,0,0
26,43,23.25,1628,2728,1413,2439,59,115,0,0
26,44,28.06,1354,3459,1179,3165,28,49,0,0
26,45,23.85,1472,4156,1258,3832,21,42,0,0
26,46,12.63,679,1745,598,1651,7,12,0,0
26,47,0.2,2,2,0,0,0,0,0,0
26,48,10.77,922,2423,891,2385,7,10,0,0
26,49,15.91,1676,3581,1606,3511,13,18,0,0
26,50,7.87,890,2614,820,2535,23,26,0,0
26,51,16.99,1474,3905,1167,3328,185,367,0,0
26,52,15.77,1417,4205,1342,4055,25,50,0,0
26,58,6.47,1093,2562,0,0,1093,2562,0,0
26,59,5.15,2819,8155,0,0,2819,8155,0,0
26,60,3.47,2129,5877,0,0,2129,5877,0,0
26,61,3.54,2291,8483,0,0,2291,8483,0,0
26,62,0.1,342,1710,0,0,342,1710,0,0
26,70,1.26,544,544,136,136,136,136,0,0
26,71,1.98,2312,2312,578,578,578,578,0,0
26,72,10.88,3890,3890,973,973,973,973,0,0
26,73,2.85,5462,5462,1366,1366,1366,1366,0,0
26,74,5.22,153,153,38,38,38,38,0,0
26,75,4.74,2114,2114,529,529,529,529,0,0
26,76,3.76,6930,6930,1732,1732,1732,1732,0,0
26,77,3.73,4353,4353,1088,1088,1088,1088,0,0
26,78,0.84,1332,1332,333,333,333,333,0,0
26,79,0.66,4259,4259,1065,1065,1065,1065,0,0
26,80,0.18,2039,2039,510,510,510,510,0,0
26,81,1.34,633,633,158,158,158,158,0,0
26,82,0.86,28,28,7,7,7,7,0,0
26,108,3,417,1252,417,1252,0,0,0,0
26,113,1.02,281,921,281,921,0,0,0,0
26,114,4.55,850,2141,792,2084,104,195,0,0
26,115,0.32,36,72,36,72,0,0,0,0
26,117,1.96,1467,4320,428,1203,346,1039,0,0
26,118,12.86,1843,4740,1816,4686,0,0,0,0
26,119,17.68,1230,2837,823,2055,176,351,0,0
26,120,24.04,1826,5045,1193,3571,533,1342,0,0
26,121,32.63,2273,5430,1598,3712,582,1557,157,471
26,122,11.65,893,1866,771,1701,6,6,0,0
26,127,0.44,212,635,212,635,0,0,0,0
27,23,7.84,645,1442,623,1378,7,21,0,0
27,24,0.15,23,46,23,46,0,0,0,0
27,26,0.81,888,1775,0,0,888,1775,0,0
27,27,0.23,206,412,0,0,179,358,0,0
27,28,0.01,3,6,0,0,0,0,0,0
27,30,1,13,40,3,10,3,10,0,0
27,31,19.74,988,2116,888,1928,33,63,0,0
27,32,22.88,1357,3784,1194,3357,9,17,0,0
27,33,24.46,1470,3564,1400,3470,11,19,0,0
27,34,21.75,1240,2995,1100,2747,19,39,0,0
27,35,14.53,1046,2482,914,2149,16,28,0,0
27,36,24.23,1483,3559,1436,3490,16,23,0,0
27,37,2.37,176,280,112,167,21,38,0,0
27,38,1.6,283,711,283,711,0,0,0,0
27,39,15.61,1182,2708,919,2290,19,37,0,0
27,40,34.49,1756,3985,1472,3492,82,200,0,0
27,41,45.12,2110,4346,1812,3937,59,85,0,0
27,42,27.82,2027,4538,1795,4140,220,439,0,0
27,43,17.03,891,2219,426,1095,367,979,0,0
27,44,29.22,1549,3695,1362,3351,31,53,0,0
27,45,29.44,1327,3265,1100,2886,55,140,0,0
27,46,2.71,75,152,35,103,3,6,0,0
27,47,15.19,780,2120,638,1817,27,60,0,0
27,48,19.37,1483,3324,1345,3154,13,17,0,0
27,49,23.38,1425,3309,1228,3010,49,121,0,0
27,50,28.7,1705,2941,1538,2678,21,25,0,0
27,51,12.88,948,1982,797,1709,38,73,0,0
27,52,5.61,732,1649,730,1647,1,1,0,0
27,57,0.87,1507,6026,0,0,1507,6026,0,0
27,58,2.96,1691,5919,3,6,1682,5902,0,0
27,59,2.05,1767,4752,0,0,1767,4752,0,0
27,60,2.23,1794,4593,0,0,1794,4593,0,0
27,70,2.85,3324,3324,831,831,831,831,0,0
27,71,2.97,3410,3410,853,853,853,853,0,0
27,72,1.1,2360,2360,590,590,590,590,0,0
27,73,3.3,1520,1520,380,380,380,380,0,0
27,74,1.13,126,126,31,31,31,31,0,0
27,75,2.04,369,369,92,92,92,92,0,0
27,76,4.33,3767,3767,942,942,942,942,0,0
27,77,1.58,5213,5213,1303,1303,1303,1303,0,0
27,78,0.1,538,538,135,135,135,135,0,0
27,79,0.09,1000,1000,250,250,250,250,0,0
27,80,0.21,2396,2396,599,599,599,599,0,0
27,81,6.11,3723,3723,931,931,931,931,0,0
27,82,4.1,1115,1115,279,279,279,279,0,0
27,109,2,383,766,383,766,0,0,0,0
27,114,4.08,1322,3848,1021,2944,520,1560,0,0
27,115,3.03,830,2263,227,454,603,1809,0,0
27,117,1.04,81,202,36,66,15,45,0,0
27,118,1,90,180,0,0,90,180,0,0
27,119,21.57,1166,3386,1166,3386,0,0,0,0
27,120,14.49,875,2097,718,1734,107,270,0,0
27,121,25.99,2180,5576,2016,5268,51,101,0,0
27,122,4.65,445,1093,436,1085,0,0,0,0
27,126,0.35,15,15,15,15,0,0,0,0
27,127,3.27,957,1644,445,1132,512,512,0,0
28,22,13.46,1157,2568,1142,2537,43,86,0,0
28,23,22.16,1845,3719,1828,3685,6,11,0,0
28,24,19.51,1539,3230,1493,3137,16,31,0,0
28,25,14.15,1200,2400,1187,2373,4,9,0,0
28,26,19.66,1350,2782,1262,2558,38,91,0,0
28,27,17.66,1483,2914,892,1747,227,450,0,0
28,28,8.42,1231,2463,56,112,1127,2254,0,0
28,29,5.47,900,2813,213,607,718,1903,243,1213
28,30,0.47,215,1076,54,269,54,269,215,1076
28,31,11.3,590,1408,467,1281,15,16,0,0
28,32,23.96,1461,3294,1342,3092,28,50,0,0
28,33,8.88,559,1239,506,1165,18,25,0,0
28,34,16.88,815,2212,663,1910,24,67,0,0
28,35,31.62,2176,7977,1707,6244,31,81,0,0
28,36,5.3,446,1120,408,1055,8,12,0,0
28,37,0.68,505,1513,503,1509,0,0,0,0
28,39,14.75,961,2089,907,1995,17,29,0,0
28,40,30.1,2051,4856,1941,4644,13,23,0,0
28,41,41.45,2019,4054,1651,3583,65,83,0,0
28,42,29.64,1439,3358,1261,3166,36,41,0,0
28,43,27.26,1517,3579,1138,2839,196,392,0,0
28,44,15.9,2465,7238,870,2492,1583,4744,0,0
28,45,19.65,1191,3103,969,2613,75,202,0,0
28,46,15.87,844,1744,742,1624,26,43,0,0
28,47,28.29,1210,2817,933,2408,24,44,0,0
28,48,37.04,2267,4834,1912,4277,49,69,0,0
28,49,29.92,1607,3386,1286,3015,34,51,0,0
28,50,23.95,1243,2469,1010,2148,51,71,0,0
28,51,14.82,1156,2352,1096,2282,9,12,0,0
28,52,6.38,907,1846,907,1846,0,0,0,0
28,57,0.61,1208,4831,0,0,1208,4831,0,0
28,58,1.09,1126,3646,0,0,1126,3646,0,0
28,59,1.35,1571,4713,0,0,1571,4713,0,0
28,60,1.41,1466,3868,0,0,1466,3868,0,0
28,70,3.03,3534,3534,883,883,883,883,0,0
28,71,0.54,2270,2270,568,568,568,568,0,0
28,72,0.93,1118,1118,280,280,280,280,0,0
28,73,5.06,1676,1676,419,419,419,419,0,0
28,74,3.01,1433,1433,358,358,358,358,0,0
28,75,6.31,3681,3681,920,920,920,920,0,0
28,76,2.71,3332,3332,833,833,833,833,0,0
28,77,3.07,3713,3713,928,928,928,928,0,0
28,78,0.94,935,935,234,234,234,234,0,0
28,79,1,1129,1129,282,282,282,282,0,0
28,80,1,2552,2552,638,638,638,638,0,0
28,81,3.59,2579,2579,645,645,645,645,0,0
28,82,1.02,33,33,8,8,8,8,0,0
28,114,2,1026,6615,186,1299,469,2716,743,5198
28,119,17.63,1758,4465,1253,3454,505,1011,0,0
28,120,33.82,3041,6566,1224,2966,1750,3451,0,0
28,121,8.47,756,2206,652,1997,0,0,0,0
28,122,0.61,125,296,125,296,0,0,0,0
28,127,1.48,670,859,189,377,481,481,0,0
29,6,1,38,38,9,9,9,9,0,0
29,7,3,102,102,26,26,26,26,0,0
29,21,4.24,398,795,392,784,2,4,0,0
29,22,25.08,1836,3672,1614,3228,74,148,0,0
29,23,28.03,2058,4243,2016,4157,14,28,0,0
29,24,23.63,1795,3604,1747,3508,16,32,0,0
29,25,21.48,1614,3227,1600,3200,5,9,0,0
29,26,27.67,2038,4179,2005,4112,11,22,0,0
29,27,23.54,1842,3683,1800,3600,14,28,0,0
29,28,8.73,1184,2750,802,1717,402,1112,0,0
29,29,9.27,1044,2282,163,375,1004,2222,0,0
29,30,27.17,1519,3659,951,2395,137,323,0,0
29,31,5.76,473,1518,462,1486,4,11,0,0
29,32,6.28,447,1270,415,1207,6,12,0,0
29,34,21.82,949,2239,890,2106,20,44,0,0
29,35,0.03,2,5,2,5,0,0,0,0
29,37,0.29,263,788,263,788,0,0,0,0
29,38,2,163,652,163,652,0,0,0,0
29,39,8.71,1297,4101,1288,4083,3,6,0,0
29,40,16.97,1370,3640,1025,3040,147,265,0,0
29,41,35.63,2566,5425,2026,4736,177,200,0,0
29,42,22.12,1106,2581,927,2222,12,33,0,0
29,43,15.93,2144,6403,1803,5754,94,185,0,0
29,44,10.62,751,1901,436,1145,218,592,0,0
29,45,25.85,3204,9255,2297,7028,883,2608,0,0
29,46,40.9,2646,6139,2201,5246,314,877,0,0
29,47,27.05,1340,3042,1083,2672,58,89,0,0
29,48,43.85,2025,4134,1800,3836,36,55,0,0
29,49,24.62,1541,3467,1402,3284,28,38,0,0
29,50,36.21,1863,4339,1570,3843,40,69,0,0
29,51,28.03,1676,4046,1508,3734,51,95,0,0
29,52,8.26,916,1948,769,1801,5,5,0,0
29,57,0.52,1063,4252,0,0,1063,4252,0,0
29,58,0.91,2593,10373,0,0,2593,10373,0,0
29,59,3,2748,8398,0,0,2748,8398,0,0
29,60,1,747,2987,0,0,747,2987,0,0
29,73,0.88,2110,2110,528,528,528,528,0,0
29,74,0.14,525,525,131,131,131,131,0,0
29,75,5.43,4790,4790,1197,1197,1197,1197,0,0
29,76,4.49,4856,4856,1214,1214,1214,1214,0,0
29,77,2.3,2925,2925,731,731,731,731,0,0
29,80,0.99,2546,2546,636,636,636,636,0,0
29,81,3.56,4771,4771,1193,1193,1193,1193,0,0
29,82,0.39,315,315,79,79,79,79,0,0
29,114,1.59,167,450,47,130,129,375,0,0
29,115,0.41,82,247,25,74,82,247,0,0
29,116,1,67,135,67,135,0,0,0,0
29,119,8.85,900,2391,900,2391,0,0,0,0
29,120,18.08,1427,3550,1427,3550,0,0,0,0
29,121,12.94,1102,3239,1085,3204,0,0,0,0
29,122,0.01,1,1,1,1,0,0,0,0
29,125,3,209,560,54,190,87,260,0,0
30,6,0.13,23,46,6,12,6,12,0,0
30,7,0.3,53,105,13,26,13,26,0,0
30,21,11.4,924,1862,898,1810,9,17,0,0
30,22,25.11,1774,3790,1747,3736,9,18,0,0
30,23,17.82,1375,2829,1035,2172,371,719,0,0
30,24,20.52,1501,3173,1424,3009,50,102,0,0
30,25,17.63,1534,3221,1496,3140,13,27,0,0
30,26,13.6,1266,2753,1246,2713,7,13,0,0
30,27,15.91,760,1504,615,1280,23,49,0,0
30,28,21.45,1641,3410,1250,2858,63,117,0,0
30,29,17.81,1435,3166,1187,2679,67,147,0,0
30,30,47.66,2537,5671,1634,3717,281,651,301,904
30,31,22.54,1550,4090,1508,4015,16,31,0,0
30,32,13.21,1007,2526,982,2457,8,23,0,0
30,33,0.07,10,29,10,29,0,0,0,0
30,38,2.68,983,4356,193,541,790,3815,0,0
30,39,10.84,2350,7237,1808,6067,518,1145,0,0
30,40,6.41,2040,7243,1928,7109,37,45,0,0
30,41,10.89,979,2023,806,1858,10,8,0,0
30,42,39.6,1549,5712,924,4058,138,355,0,0
30,43,5.55,1294,4855,1294,4855,0,0,0,0
30,44,16.49,1342,3345,1196,2934,15,36,0,0
30,45,17.74,1423,3011,980,2171,57,111,0,0
30,46,35.26,1881,3694,1590,3372,52,62,0,0
30,47,33.71,1459,3430,1135,2980,38,62,0,0
30,48,32.48,1922,4387,1769,4117,30,48,0,0
30,49,33.48,1716,4204,1482,3810,31,57,0,0
30,50,32.06,1614,4044,1387,3641,49,87,0,0
30,51,32.97,2006,4912,1836,4608,42,72,0,0
30,52,9.97,1041,3083,1041,3083,0,0,0,0
30,53,3.94,445,1049,443,1043,1,2,0,0
30,54,2,313,907,281,843,0,0,0,0
30,55,1,28,28,7,7,7,7,0,0
30,59,0.77,2159,2159,0,0,2159,2159,0,0
30,60,0.23,630,630,0,0,630,630,0,0
30,72,0.26,595,595,149,149,149,149,0,0
30,73,0.74,1670,1670,417,417,417,417,0,0
30,74,0.16,474,474,118,118,118,118,0,0
30,75,1.52,1507,1507,377,377,377,377,0,0
30,76,0.22,1898,1898,474,474,474,474,0,0
30,77,0.16,1366,1366,341,341,341,341,0,0
30,80,0.31,264,264,66,66,66,66,0,0
30,81,8.51,2183,2183,546,546,546,546,0,0
30,82,1.57,1876,1876,469,469,469,469,0,0
30,97,3,232,607,191,525,0,0,0,0
30,114,0.96,388,776,385,770,4,8,0,0
30,115,3.1,381,831,246,562,193,385,0,0
30,116,1,37,37,37,37,0,0,0,0
30,119,9,767,2363,742,2338,0,0,0,0
30,120,16.71,1464,3989,1446,3971,0,0,0,0
30,121,9.29,914,2157,914,2157,0,0,0,0
30,122,12.17,1107,2648,1059,2552,0,0,0,0
30,123,0.53,54,109,0,0,0,0,0,0
30,124,0.93,44,88,44,88,0,0,0,0
30,125,0.07,3,7,3,7,0,0,0,0
31,4,0.14,110,440,28,110,28,110,110,440
31,5,3.82,1443,4705,361,1176,361,1176,667,2668
31,6,3.51,803,1628,201,407,201,407,0,0
31,7,0.1,18,35,4,9,4,9,0,0
31,21,37.33,1358,3145,1344,3118,4,9,0,0
31,22,50.54,1964,4729,1944,4689,7,13,0,0
31,23,10.01,1859,3745,321,669,1541,3083,0,0
31,24,15.45,1826,3722,1042,2153,751,1503,0,0
31,25,22.4,1737,3603,1656,3461,27,47,0,0
31,26,10.95,998,2741,903,2549,4,8,0,0
31,27,25.72,1655,3464,1546,3314,15,28,0,0
31,28,34.07,2378,4896,2176,4631,37,40,0,0
31,29,31.79,1989,4197,1694,3811,44,74,0,0
31,30,27.31,1654,3555,1342,2936,82,163,0,0
31,31,17.15,1347,3288,948,2432,73,153,0,0
31,32,20.49,1305,3562,1206,3364,33,66,0,0
31,33,7.13,577,1511,567,1485,3,9,0,0
31,38,0.94,223,344,199,199,24,145,0,0
31,39,5.54,2174,6220,6,11,2165,6206,0,0
31,40,18.53,1701,4656,1446,3988,161,374,0,0
31,41,8.82,583,1330,422,926,13,27,0,0
31,42,9.89,1003,3541,955,3479,6,6,0,0
31,43,9.94,2594,12440,2503,12188,30,84,0,0
31,44,15.39,1318,3057,1125,2670,53,107,0,0
31,45,11.59,1397,5384,1372,5299,8,28,0,0
31,46,19.9,1654,5104,1459,4727,14,32,0,0
31,47,28.59,2903,10847,2325,8446,173,761,0,0
31,48,11.44,2519,5087,102,204,2400,4865,0,0
31,49,5.13,2404,8206,360,1402,2349,8086,0,0
31,50,22.42,1458,3817,1074,3071,24,39,0,0
31,51,14.2,855,2264,731,1993,35,84,0,0
31,52,15.8,1356,2955,1328,2901,10,18,0,0
31,53,2.06,358,925,358,925,0,0,0,0
31,54,1,83,248,21,62,21,62,0,0
31,55,0.55,90,179,90,179,0,0,0,0
31,73,0.06,297,297,74,74,74,74,0,0
31,74,0.55,2774,2774,693,693,693,693,0,0
31,75,0.32,1617,1617,404,404,404,404,0,0
31,77,0.57,1486,1486,372,372,372,372,0,0
31,78,1,127,127,32,32,32,32,0,0
31,79,1.35,3007,3007,752,752,752,752,0,0
31,80,3,2252,2252,563,563,563,563,0,0
31,81,3.26,2740,2740,685,685,685,685,0,0
31,82,0.98,1675,1675,419,419,419,419,0,0
31,105,3.12,1180,4536,75,225,1074,4216,0,0
31,114,1.06,118,236,118,236,0,0,0,0
31,115,3.12,366,877,366,877,0,0,0,0
31,116,6.25,951,2203,916,2133,0,0,0,0
31,117,6.21,900,2033,789,1811,0,0,0,0
31,118,4,795,2042,795,2042,87,260,0,0
31,119,7,494,1248,478,1233,0,0,0,0
31,120,0.16,14,41,14,41,0,0,0,0
31,121,4.84,407,882,407,882,0,0,0,0
31,126,0.12,65,130,16,32,16,32,0,0
31,127,7.88,644,1235,197,339,228,455,0,0
32,6,0.47,19,37,6,11,19,37,0,0
32,21,7.47,2374,5581,533,1900,1840,3679,0,0
32,22,73.4,3029,7018,2978,6914,17,35,0,0
32,23,47.09,2297,5590,2117,5220,60,123,0,0
32,24,35.84,1801,4443,1666,4161,45,94,0,0
32,25,13.99,1006,2527,956,2442,16,28,0,0
32,26,5.33,1705,8123,1685,8102,7,7,0,0
32,27,6.73,701,2746,420,1833,212,814,0,0
32,28,11.66,3054,11627,379,844,1180,4006,0,0
32,29,13.18,2283,8914,1554,5855,225,928,0,0
32,30,19.32,1194,2658,816,1942,212,459,0,0
32,31,16.27,1085,2571,908,2178,95,243,0,0
32,32,17.88,1448,3397,1403,3329,10,17,0,0
32,33,20.57,1435,3485,1320,3355,39,97,0,0
32,34,10,465,1151,376,995,30,52,0,0
32,36,2,294,882,294,882,0,0,0,0
32,37,2.03,70,115,15,37,8,15,0,0
32,38,1,33,66,8,17,8,17,0,0
32,39,3.11,776,1697,174,429,602,1268,0,0
32,40,29.2,2627,6994,1127,2809,1293,3789,0,0
32,41,14.93,1067,3082,854,2503,66,183,0,0
32,42,8.78,543,1385,518,1355,1,2,0,0
32,43,0.02,16,82,16,82,0,0,0,0
32,44,2.33,803,1984,43,85,675,1728,468,1405
32,45,7.99,1518,3435,220,828,514,676,0,0
32,46,2.62,1372,2842,2,4,2,4,0,0
32,47,4.17,848,4238,294,1468,185,924,0,0
32,48,2.98,429,850,39,118,429,850,0,0
32,49,4.65,1075,2067,21,21,1012,2004,0,0
32,50,5.8,1088,2449,80,142,873,2046,0,0
32,52,2,236,236,219,219,5,5,0,0
32,55,0.45,73,146,73,146,0,0,0,0
32,57,1.09,61,61,7,7,7,7,0,0
32,58,1.47,2370,2370,37,37,37,37,0,0
32,62,0.4,4328,4328,0,0,0,0,0,0
32,63,0.03,313,313,0,0,0,0,0,0
32,75,1,167,167,42,42,42,42,0,0
32,76,1.08,814,814,203,203,203,203,0,0
32,77,2.65,3963,3963,991,991,991,991,0,0
32,78,5.59,1020,1020,255,255,255,255,0,0
32,79,2.62,3275,3275,819,819,819,819,0,0
32,80,6.2,2972,2972,743,743,743,743,0,0
32,81,8.25,2541,2541,635,635,635,635,0,0
32,105,7.27,1683,4614,554,1379,1054,3085,0,0
32,106,1.53,1076,3821,452,1356,624,2465,0,0
32,114,2.28,176,458,171,448,0,0,0,0
32,115,3.72,285,587,262,540,0,0,0,0
32,116,1.93,309,632,309,632,0,0,0,0
32,117,2.18,469,1340,402,1205,0,0,0,0
32,118,6,897,2828,897,2828,0,0,0,0
32,119,1,178,713,178,713,0,0,0,0
32,120,2,247,495,176,352,0,0,0,0
32,125,2.82,150,182,82,114,23,23,0,0
32,126,21.75,1450,4380,1326,4009,0,0,0,0
32,127,17,1348,4444,1062,3525,125,500,0,0
33,6,0.53,21,42,6,13,21,42,0,0
33,21,4.93,5306,11302,0,0,5306,11302,0,0
33,22,6.04,646,2563,541,2345,99,205,0,0
33,23,13.57,2241,11219,1888,9587,58,246,0,0
33,24,5.41,1520,8987,568,3313,318,1891,0,0
33,25,6.27,1626,10764,1071,6161,522,4570,0,0
33,26,5.2,1344,6105,1188,5813,52,97,0,0
33,27,8.84,2568,10199,1805,8576,786,1806,0,0
33,28,2.94,3056,11460,694,2775,3045,11403,0,0
33,29,5.36,2482,13257,2461,13185,7,23,0,0
33,30,19.68,1803,6417,1690,6216,21,50,0,0
33,31,32.78,1896,3852,1684,3586,41,58,0,0
33,32,23.82,1480,3115,1346,2871,14,19,0,0
33,33,11.38,647,1267,587,1192,5,10,0,0
33,36,1,136,136,136,136,0,0,0,0
33,37,15.13,972,2173,880,2028,17,28,0,0
33,38,7.03,365,641,253,499,17,27,0,0
33,39,22.85,1884,4518,1650,3917,66,176,0,0
33,40,20.4,1616,4418,1231,3524,206,563,0,0
33,41,22.34,1335,3148,1196,2942,27,48,0,0
33,42,7.39,358,1035,335,989,3,5,0,0
33,44,11.57,1214,2499,620,1688,512,630,0,0
33,45,20.42,1928,3397,616,1237,430,691,0,0
33,46,5.33,1516,3941,441,1201,3,3,0,0
33,47,2.49,236,451,133,260,94,181,0,0
33,48,0.65,86,155,0,0,86,155,0,0
33,52,5.76,570,851,366,490,105,195,0,0
33,53,6.58,277,277,83,83,146,146,0,0
33,56,1,75,149,0,0,75,149,0,0
33,57,0.64,148,234,86,172,0,0,0,0
33,58,0.42,1707,1707,0,0,0,0,0,0
33,59,0.9,612,1837,153,459,153,459,0,0
33,62,0.56,5958,5958,0,0,0,0,0,0
33,63,0.01,94,94,0,0,0,0,0,0
33,64,0.38,261,784,0,0,261,784,0,0
33,65,0.1,80,240,0,0,80,240,0,0
33,76,1,3233,3233,808,808,808,808,0,0
33,77,1.56,5681,5681,1420,1420,1420,1420,0,0
33,78,1.9,2518,2518,630,630,630,630,0,0
33,79,0.01,1,1,0,0,0,0,0,0
33,80,2.86,1042,1042,260,260,260,260,0,0
33,81,1.11,826,826,206,206,206,206,0,0
33,96,1.86,221,416,221,416,0,0,0,0
33,105,2.05,264,750,89,179,132,484,0,0
33,106,2.02,303,759,221,622,39,95,0,0
33,108,1,480,1439,120,360,120,360,0,0
33,114,1,42,42,42,42,0,0,0,0
33,115,2,122,353,122,353,0,0,0,0
33,116,0.48,84,146,22,22,0,0,0,0
33,117,3.78,738,1895,406,1229,0,0,0,0
33,118,4.45,688,1509,688,1509,0,0,0,0
33,119,5.28,683,1997,683,1997,0,0,0,0
33,122,1.41,40,80,40,80,0,0,0,0
33,123,0.59,28,55,28,55,0,0,0,0
33,124,2,612,1224,153,306,153,306,0,0
33,125,13.32,461,1198,436,1173,0,0,0,0
33,126,21,1795,5482,1666,5223,62,185,0,0
33,127,4.16,208,488,208,488,0,0,0,0
34,7,5,598,1387,185,369,225,451,191,573
34,8,1,106,106,27,27,27,27,0,0
34,20,0.22,402,1205,0,0,21,64,0,0
34,21,3.84,4746,12905,0,0,4746,12905,0,0
34,22,6.98,1960,8954,1627,8063,359,1468,0,0
34,23,8.05,1591,6261,1007,4597,513,1689,0,0
34,24,3.94,2304,6230,5,25,2299,6206,0,0
34,25,5.22,1890,10214,1665,9574,224,749,0,0
34,26,3.36,1945,15381,1942,15378,47,505,0,0
34,27,3.07,1377,8082,1358,8063,6,6,0,0
34,28,8.56,2371,6059,1897,4697,453,749,0,0
34,29,5.94,3096,16629,3080,16613,5,5,0,0
34,30,4.4,2609,12570,2605,12566,1,1,0,0
34,31,2.48,1178,5396,1161,5379,6,6,0,0
34,32,14.07,2287,6279,2190,6123,21,28,0,0
34,33,28.69,1741,3565,1571,3245,36,69,0,0
34,34,2.28,213,439,24,71,179,357,0,0
34,37,2.83,277,551,277,551,0,0,0,0
34,38,22.91,1379,3183,1126,2687,52,128,0,0
34,39,14.81,1289,3701,1176,3399,80,227,0,0
34,40,19.62,1238,2957,867,2459,229,252,0,0
34,41,22.43,1545,4219,1324,3788,89,213,0,0
34,42,11.21,1070,3859,784,2515,95,448,0,0
34,43,9.21,1600,5674,1036,3494,262,854,0,0
34,44,17.89,2913,12470,2149,9682,159,643,406,1217
34,45,15.93,1283,3427,1133,3073,114,349,23,69
34,46,16.44,2382,6251,1481,3998,1069,2875,0,0
34,47,3.73,339,600,183,367,156,233,0,0
34,48,2.54,317,545,6,6,299,527,0,0
34,49,0.02,48,96,0,0,0,0,0,0
34,50,6.83,954,2043,448,1032,3,5,0,0
34,51,5.39,264,622,224,551,13,24,0,0
34,52,5.73,600,1174,574,1149,0,0,0,0
34,53,0.34,56,111,56,111,0,0,0,0
34,56,0.15,235,940,71,282,214,858,0,0
34,57,1.92,1977,7234,630,2244,1925,7129,0,0
34,58,3.04,303,823,4,12,291,786,0,0
34,59,1.71,1183,3548,185,554,629,1886,0,0
34,60,5.8,2238,13715,0,0,2238,13715,0,0
34,61,2.21,1554,10879,0,0,1554,10879,0,0
34,63,0.26,1287,6434,0,0,1287,6434,0,0
34,64,1.76,2785,11657,0,0,2785,11657,0,0
34,65,0.34,483,1102,0,0,483,1102,0,0
34,76,0.17,338,338,85,85,85,85,0,0
34,77,1.71,1238,1238,309,309,309,309,0,0
34,78,1.76,1060,1060,265,265,265,265,0,0
34,96,0.14,31,62,31,62,0,0,0,0
34,103,0.07,76,303,0,0,76,303,0,0
34,114,1,9,9,9,9,0,0,0,0
34,117,2.94,826,1765,771,1710,0,0,0,0
34,118,6.21,1048,2093,922,1897,0,0,0,0
34,119,5.25,366,1049,366,1049,0,0,0,0
34,120,1.81,254,763,254,763,0,0,0,0
34,124,1.61,88,181,88,181,0,0,0,0
34,125,21.87,1160,2877,1138,2833,7,14,0,0
34,126,2.82,155,446,155,446,0,0,0,0
35,7,3.48,541,1295,354,815,49,147,0,0
35,13,1.68,386,771,228,455,158,316,0,0
35,14,14.95,1455,2782,848,1664,305,578,0,0
35,15,3.88,252,736,183,524,23,71,0,0
35,20,0.79,1392,4175,0,0,0,0,0,0
35,21,3.85,2079,5973,0,0,2079,5973,0,0
35,22,7.59,1077,4264,1028,4106,20,56,0,0
35,23,7.49,2363,7587,1277,4955,783,1719,0,0
35,24,2.11,1242,3051,25,75,741,1547,426,1278
35,25,0.08,27,297,27,297,8,89,0,0
35,26,1.87,1038,9969,1038,9969,31,338,0,0
35,27,4.38,2210,17804,2186,17780,8,8,0,0
35,28,4.59,2414,13169,2168,12702,359,580,0,0
35,29,8.28,2746,14488,2717,14460,9,9,0,0
35,30,3.63,1469,6142,1404,6017,62,123,0,0
35,31,2.77,1738,7894,1108,6650,629,1243,0,0
35,32,7.39,2702,13588,2652,13538,17,17,0,0
35,33,6.93,3665,13752,3236,12882,420,845,0,0
35,34,0.5,24,49,0,0,24,49,0,0
35,38,8.53,499,1160,479,1101,7,20,0,0
35,39,26.53,1502,3810,1373,3532,38,83,0,0
35,40,22.49,1318,3556,1149,3305,58,85,0,0
35,41,25.65,2000,5559,1803,5052,234,506,0,0
35,42,26.88,1695,5628,946,3195,487,1526,0,0
35,43,16.71,1520,5745,715,2385,419,1397,0,0
35,44,15.62,3003,8781,1189,3552,1240,3253,0,0
35,45,15.11,2338,8938,1103,4033,784,2533,0,0
35,46,8.96,1260,3507,650,1742,805,2371,0,0
35,47,1.07,572,2860,0,0,572,2860,0,0
35,49,0.06,132,263,0,0,0,0,0,0
35,50,0.99,1973,4389,0,0,443,1328,0,0
35,52,13.24,948,1955,514,1119,36,61,0,0
35,53,7.64,472,774,404,654,23,40,0,0
35,56,1.07,404,1618,121,485,93,373,0,0
35,57,3.41,3105,13664,931,4099,3105,13664,0,0
35,58,10.13,1875,6255,324,833,1393,5224,0,0
35,59,6.19,1589,3677,213,534,949,2074,0,0
35,60,2.07,2373,14229,1645,9130,728,5099,0,0
35,61,3.99,3843,18492,1284,7706,2559,10786,0,0
35,62,1.27,2449,7411,0,0,2449,7411,0,0
35,63,0.15,747,3735,0,0,747,3735,0,0
35,64,0.53,1811,7276,0,0,1811,7276,0,0
35,65,0.48,993,1987,0,0,993,1987,0,0
35,102,0.3,347,1390,0,0,347,1390,0,0
35,103,0.63,736,2944,0,0,736,2944,0,0
35,109,1,802,2407,201,602,201,602,0,0
35,117,1.96,527,1245,330,718,254,699,0,0
35,118,1.75,728,1456,728,1456,0,0,0,0
35,119,7.46,768,1978,768,1978,0,0,0,0
35,121,1,227,681,227,681,0,0,0,0
35,124,1.35,480,1364,480,1364,0,0,0,0
35,125,3.31,1564,6054,969,3241,198,938,721,3605
36,7,2.52,333,694,130,312,68,127,0,0
36,13,5,245,782,213,734,11,16,0,0
36,14,9.02,563,1111,382,751,28,43,0,0
36,15,32.3,1951,3751,1413,2760,78,141,0,0
36,16,10.22,565,1291,476,1134,20,43,0,0
36,18,8.67,634,1377,503,1060,44,106,0,0
36,22,0.02,10,39,10,39,0,0,0,0
36,23,6.14,578,1136,192,331,129,268,0,0
36,24,1.62,1974,7061,104,312,446,1680,418,1253
36,25,1.49,1492,3094,0,0,1492,3094,0,0
36,26,4.39,2504,10229,763,5560,1932,5244,0,0
36,27,2.72,2693,21726,2682,21715,4,4,0,0
36,28,3.77,1462,9023,1453,9014,3,3,0,0
36,29,5,1828,15854,1795,15740,21,100,0,0
36,30,1.51,2685,8263,152,1216,2533,7047,0,0
36,31,3.41,2365,6359,0,0,2365,6359,0,0
36,32,2.6,2015,7817,1359,6507,655,1310,0,0
36,33,1.23,757,6899,757,6899,0,0,0,0
36,39,16.13,987,2356,931,2254,10,17,0,0
36,40,23.55,1114,2683,855,2242,125,241,0,0
36,41,3.01,208,530,205,527,1,1,0,0
36,42,14.41,1572,5570,1110,4310,385,1113,0,0
36,43,21.23,1397,3968,1055,3369,53,139,0,0
36,44,23.96,2462,9450,1482,6244,637,1792,0,0
36,45,13.76,2525,8662,1130,3918,1492,5019,0,0
36,46,0.47,103,459,29,87,74,372,0,0
36,47,0.81,497,2484,0,0,497,2484,0,0
36,50,1.71,1085,3230,6,12,1067,3194,0,0
36,52,4.66,740,1464,195,386,528,1052,0,0
36,53,8.06,482,669,239,426,197,197,0,0
36,56,0.01,127,381,0,0,127,381,0,0
36,57,0.82,2406,8459,69,519,2406,8459,0,0
36,58,1.54,1870,12399,58,466,1870,12399,0,0
36,59,4.49,2846,14937,33,229,2846,14937,0,0
36,60,3.48,3869,25319,536,3754,3869,25319,0,0
36,61,2.6,2995,13140,0,0,2146,12290,849,849
36,62,2.2,2490,15557,788,5518,1702,10038,0,0
36,63,0.64,2813,15521,727,5090,2086,10431,0,0
36,64,0.24,1477,7387,0,0,1477,7387,0,0
36,109,3.02,771,1837,771,1837,0,0,0,0
36,110,2.95,566,1308,566,1308,0,0,0,0
36,113,3.12,709,1305,153,253,250,545,0,0
36,114,1.62,2542,9924,0,0,2542,9924,0,0
36,115,0.37,1358,5432,0,0,1358,5432,0,0
36,116,1,185,371,0,0,185,371,0,0
36,117,3.82,2699,8685,624,1922,2335,7231,0,0
36,118,2.96,1974,6992,0,0,1974,6992,0,0
36,119,0.36,149,446,149,446,0,0,0,0
36,121,7,658,1816,482,1288,59,176,0,0
36,124,3.01,242,448,208,380,0,0,0,0
36,125,8.68,1418,4189,1418,4189,0,0,0,0
37,15,10.71,512,909,242,485,25,50,0,0
37,16,31.65,1899,4155,1457,3340,137,299,0,0
37,17,13.98,1646,4092,975,2241,248,624,0,0
37,18,9.34,1588,4227,837,2021,250,736,0,0
37,21,2.57,2324,6767,26,26,2247,6690,0,0
37,22,10.75,3574,10505,27,27,3493,10423,0,0
37,23,3.61,417,1206,6,6,400,1189,0,0
37,24,0.68,2407,9627,0,0,722,2888,0,0
37,25,2.13,767,2302,0,0,767,2302,0,0
37,26,1.64,1477,8323,727,6071,751,2252,0,0
37,27,7.29,1894,15065,1845,15015,16,16,0,0
37,28,6.8,3281,14059,2593,12176,831,3042,0,0
37,29,8.64,1702,12198,1010,6769,574,3407,0,0
37,30,4.73,2519,14727,2493,14701,9,9,0,0
37,31,3.93,2079,9910,1720,8268,275,933,0,0
37,32,5.22,2114,12500,2078,12430,35,68,0,0
37,33,0.44,597,1193,0,0,597,1193,0,0
37,34,1.24,331,656,2,2,327,652,0,0
37,39,3,173,497,170,492,1,2,0,0
37,42,8.82,924,2452,823,2149,0,0,0,0
37,43,15.15,1080,2092,544,1261,87,185,0,0
37,44,38.84,2378,6634,2107,5953,60,158,0,0
37,45,6.37,2821,10909,1255,4849,1475,5836,0,0
37,46,2.59,2584,8195,0,0,477,1872,0,0
37,47,2.13,1556,5216,0,0,206,1166,0,0
37,48,4.95,976,4875,0,0,976,4875,0,0
37,49,2.47,1655,4947,0,0,1655,4947,0,0
37,50,0.04,41,82,0,0,41,82,0,0
37,51,1.02,152,403,102,205,50,198,0,0
37,52,6.41,1002,3527,240,586,752,2930,0,0
37,53,1,176,352,176,352,0,0,0,0
37,56,0.11,975,2925,0,0,975,2925,0,0
37,57,2.37,6904,28764,280,2242,6904,28764,0,0
37,58,2.34,1929,10341,29,230,1929,10341,0,0
37,59,4.42,3499,22566,192,1532,3499,22566,0,0
37,60,3.19,3522,19485,305,2405,3522,19485,0,0
37,61,1.37,1942,8813,0,0,1942,8813,0,0
37,62,1.56,3843,31345,762,5336,3081,26009,0,0
37,63,0.32,1771,9775,171,1197,1600,8577,0,0
37,64,0.17,1055,5275,0,0,1055,5275,0,0
37,108,0.89,427,855,0,0,427,855,0,0
37,109,0.78,2177,6493,0,0,2177,6493,0,0
37,110,0.03,9,18,9,18,0,0,0,0
37,113,0.88,273,547,68,137,68,137,0,0
37,114,1.06,174,422,0,0,174,422,0,0
37,115,2.96,1884,5568,0,0,1884,5568,0,0
37,117,0.92,1199,5307,0,0,538,2663,0,0
37,118,0.77,754,4385,0,0,754,4385,0,0
37,119,3.17,89,89,89,89,0,0,0,0
37,120,7.16,346,839,346,839,0,0,0,0
37,121,0.95,247,482,213,424,34,58,0,0
37,122,1.86,384,640,9,9,374,631,0,0
37,123,2.01,34,36,34,36,0,0,0,0
37,124,6.39,805,2339,805,2339,5,15,0,0
37,125,9.1,988,2772,974,2758,55,164,0,0
38,16,8.22,427,683,317,562,29,32,0,0
38,17,29.41,2311,4133,1357,2447,388,703,0,0
38,18,9.93,1333,2979,808,1611,167,460,0,0
38,21,2.49,7959,23569,11,11,7926,23536,0,0
38,22,2.9,9082,27247,0,0,9082,27247,0,0
38,23,0.76,323,970,0,0,323,970,0,0
38,26,4.68,1070,3321,465,928,736,2660,0,0
38,27,5.25,2378,11125,694,4742,1573,6123,0,0
38,28,1.29,1232,7780,1048,7047,183,733,0,0
38,29,8.35,2726,22896,2181,17339,257,2203,0,0
38,30,3.13,1298,13637,1233,13246,82,371,0,0
38,31,5.92,1524,12383,1371,10976,51,469,0,0
38,32,5.93,1824,18427,1554,18157,112,112,0,0
38,33,3.46,695,2487,112,1235,620,1364,0,0
38,34,0.06,87,174,0,0,87,174,0,0
38,41,1,23,23,0,0,23,23,0,0
38,42,8.19,721,1596,675,1498,15,33,0,0
38,43,13.08,1164,1923,1042,1735,27,49,0,0
38,44,14.72,914,2639,783,2332,24,83,0,0
38,45,6,728,2613,46,69,667,2483,0,0
38,46,0.27,904,3616,0,0,904,3616,0,0
38,49,0.61,2530,10578,0,0,2530,10578,0,0
38,50,5.54,2339,7956,0,0,2339,7956,0,0
38,51,1.78,2271,8812,0,0,2271,8812,0,0
38,52,2.59,832,3279,4,5,819,3264,0,0
38,57,0.9,1514,5844,0,0,1514,5844,0,0
38,58,0.13,298,1193,0,0,298,1193,0,0
38,59,1.14,2903,13223,39,313,2903,13223,0,0
38,60,0.48,1084,4576,18,145,1084,4576,0,0
38,61,1.39,1765,12324,0,0,1765,12324,0,0
38,62,0.51,4033,36221,0,0,4033,36221,0,0
38,63,0.43,5230,41843,0,0,5230,41843,0,0
38,64,0.19,2300,18401,0,0,2300,18401,0,0
38,85,4.22,1034,2016,292,571,247,482,0,0
38,86,0.23,184,368,46,92,46,92,0,0
38,105,0.65,620,620,0,0,620,620,0,0
38,106,0.35,335,335,0,0,335,335,0,0
38,108,5.04,1547,3570,0,0,1547,3570,0,0
38,109,2.01,2518,6693,0,0,2518,6693,0,0
38,110,1.1,922,1845,0,0,922,1845,0,0
38,119,1.32,182,451,182,451,0,0,0,0
38,120,4.02,563,1190,563,1190,0,0,0,0
38,121,1.75,2896,8341,0,0,2896,8341,0,0
38,122,2.13,1623,4807,63,127,1560,4680,0,0
38,123,7.57,798,2237,798,2237,0,0,0,0
38,124,13.77,1527,3865,1492,3795,83,249,0,0
38,125,1.12,86,199,86,199,8,25,0,0
39,16,0.37,171,341,43,85,43,85,0,0
39,17,10.01,680,958,334,531,115,142,0,0
39,18,5.04,492,648,314,461,59,62,0,0
39,19,2.07,34,34,8,8,8,8,0,0
39,20,11.38,1175,2859,83,83,925,2610,0,0
39,21,3.1,9770,29302,1,1,9767,29300,0,0
39,22,8.57,3988,11362,108,108,3756,11130,0,0
39,23,1.68,3748,10336,0,0,3748,10336,0,0
39,24,5.57,2579,7556,774,3998,1493,2967,0,0
39,25,4.57,2017,11623,1945,11551,24,24,0,0
39,26,2.88,2125,10487,1372,7528,741,2948,0,0
39,27,4.5,1728,7842,1056,5955,629,1844,0,0
39,28,6.85,3222,10547,295,1798,2301,6009,368,1472
39,29,5.77,3063,19437,1953,12505,1162,7260,0,0
39,30,6.2,2967,13826,2101,10989,925,3331,186,371
39,31,6.55,2480,12075,1976,9694,168,794,0,0
39,32,6.24,2096,8779,1635,6492,154,762,0,0
39,40,2.14,541,1069,3,3,531,1059,0,0
39,41,4.37,974,1949,0,0,974,1949,0,0
39,42,2.96,545,876,215,215,331,662,0,0
39,43,2.89,439,1416,171,328,234,1049,0,0
39,44,0.02,46,230,0,0,46,230,0,0
39,45,2.05,1692,5027,0,0,1692,5027,0,0
39,46,1.18,4251,12753,0,0,4251,12753,0,0
39,47,4.15,1127,2262,0,0,1127,2262,0,0
39,49,3.82,2999,11579,0,0,2999,11579,0,0
39,50,1.71,1809,7962,0,0,1809,7962,0,0
39,57,0.33,4145,29012,0,0,4145,29012,0,0
39,58,0.39,5632,39425,0,0,5632,39425,0,0
39,59,0.27,4960,34719,0,0,4960,34719,0,0
39,60,1.81,511,2714,17,17,458,2662,0,0
39,61,2.83,2374,13668,0,0,2374,13668,0,0
39,62,0.7,2836,24394,0,0,2836,24394,0,0
39,63,0.21,2603,20822,0,0,2603,20822,0,0
39,64,0.16,1937,15497,0,0,1937,15497,0,0
39,81,4.87,559,1440,387,1101,156,409,0,0
39,82,12.1,1165,2396,326,603,630,1455,0,0
39,85,1.55,220,441,220,441,0,0,0,0
39,108,0.15,123,247,0,0,123,247,0,0
39,109,1.04,2073,2134,0,0,2073,2134,0,0
39,119,9.31,904,2332,853,2280,0,0,0,0
39,120,0.27,59,178,59,178,0,0,0,0
39,121,2.76,1407,4029,0,0,1407,4029,0,0
39,122,3.98,333,1086,166,622,155,451,0,0
39,123,18.4,1534,3165,856,1879,548,1097,0,0
39,124,14.25,847,2392,802,2303,2,4,0,0
39,125,0.85,109,217,109,217,0,0,0,0
40,16,0.63,291,583,73,146,73,146,0,0
40,19,4.06,65,65,16,16,16,16,0,0
40,20,5.63,4968,14120,119,161,4611,13636,0,0
40,21,5.51,8694,25929,19,19,8637,25871,0,0
40,22,4.64,1108,3271,21,49,1045,3123,0,0
40,23,8.61,2606,6658,496,1327,1403,3888,0,0
40,24,8.99,2766,8693,2075,7707,230,329,0,0
40,25,3.44,1443,7442,1418,7416,9,9,0,0
40,26,2.61,1485,8147,1336,7998,42,42,0,0
40,27,1.7,1246,8205,1214,8174,0,0,0,0
40,28,1.71,3309,9831,1088,7569,2528,4423,0,0
40,29,3.22,1982,13007,1877,12808,98,192,0,0
40,30,5.2,2305,7069,648,3762,1653,3303,0,0
40,31,8.94,3133,11859,2746,10751,120,361,0,0
40,32,5.84,1551,4965,1508,4923,14,14,0,0
40,36,0.24,172,1031,172,1031,0,0,0,0
40,41,2.4,842,1684,8,17,817,1634,0,0
40,43,3.82,2412,10509,0,0,2412,10509,0,0
40,44,4.01,1001,4413,0,0,1001,4413,0,0
40,45,1.49,1732,6727,0,0,1732,6727,0,0
40,46,3.26,4755,14222,0,0,4755,14222,0,0
40,47,7.84,2058,5019,0,0,2058,5019,0,0
40,49,4.71,2334,4780,0,0,2334,4780,0,0
40,50,1.8,1595,4769,0,0,1595,4769,0,0
40,51,1.15,420,840,12,25,420,840,0,0
40,57,0.6,3419,18739,0,0,3419,18739,0,0
40,58,0.41,6270,43889,0,0,6270,43889,0,0
40,59,0.45,7715,53521,0,0,7715,53521,0,0
40,60,1.82,2772,11065,226,679,2546,10385,0,0
40,61,3.57,2857,12566,0,0,2857,12566,0,0
40,81,9.53,1446,3179,247,531,1183,2768,0,0
40,82,19.35,2365,4931,454,866,1571,3526,0,0
40,83,1.04,25,51,0,0,25,51,0,0
40,84,0.97,1631,4892,0,0,1631,4892,0,0
40,85,1.97,730,2190,103,310,420,1261,0,0
40,86,0.02,31,63,0,0,31,63,0,0
40,87,0.76,1201,2403,0,0,1201,2403,0,0
40,88,0.21,319,957,0,0,319,957,0,0
40,108,0.24,479,1437,0,0,479,1437,0,0
40,109,2.55,5082,15247,0,0,5082,15247,0,0
40,118,5.59,582,1527,291,814,238,660,0,0
40,119,5.99,639,1701,482,1386,52,105,0,0
40,120,2.16,176,308,176,308,0,0,0,0
40,121,15.85,1075,2430,907,2208,21,44,0,0
40,122,27.52,2714,9533,2429,8738,142,426,0,0
40,123,0.45,137,547,137,547,0,0,0,0
40,124,2,76,152,76,152,0,0,0,0
40,125,0.15,19,38,19,38,0,0,0,0
40,126,0.34,27,54,27,54,0,0,0,0
41,19,5.82,1936,5169,25,28,1862,5083,0,0
41,20,1.98,493,1353,7,8,470,1331,0,0
41,21,1.05,1995,5974,1,1,1991,5971,0,0
41,22,2.64,4780,14266,972,2898,4078,12217,0,0
41,23,2.69,921,2788,913,2781,138,408,0,0
41,24,3.47,1336,4941,1336,4941,0,0,0,0
41,25,1.46,995,2161,48,193,0,0,0,0
41,26,1.68,391,1172,0,0,0,0,0,0
41,27,8.51,1325,3453,440,951,692,1974,0,0
41,28,8.42,1899,9441,1805,9211,31,76,0,0
41,29,6.84,1797,12238,1535,11721,413,1763,0,0
41,30,3.08,2370,5477,64,257,2177,4706,0,0
41,31,5.81,3798,10847,275,825,2700,7554,0,0
41,32,2.68,509,1227,149,440,150,381,0,0
41,33,0.87,1079,3247,1074,3223,327,991,0,0
41,34,1.97,1453,7237,1453,7237,4,13,0,0
41,35,5.86,2117,12193,2093,12120,5,21,0,0
41,36,7.91,1286,7273,1125,6752,127,321,0,0
41,37,8.78,1631,8708,1508,8436,11,61,0,0
41,38,5.27,1029,5141,1000,4999,10,47,0,0
41,42,1.02,129,307,24,97,0,0,0,0
41,43,5.04,557,1300,57,113,557,1300,0,0
41,44,4.18,1073,3528,0,0,1073,3528,0,0
41,45,2.67,3649,13776,0,0,3649,13776,0,0
41,46,7.97,5256,15070,0,0,5256,15070,0,0
41,47,11.51,3317,10652,0,0,3317,10652,0,0
41,49,3.51,628,1663,0,0,628,1663,0,0
41,50,1.99,1097,3255,0,0,1097,3255,0,0
41,51,0.85,236,473,71,142,236,473,0,0
41,57,1.2,2508,8109,0,0,2508,8109,0,0
41,58,1.81,2127,8880,9,19,2099,8823,0,0
41,59,0.24,749,2667,0,0,749,2667,0,0
41,60,0.25,934,3894,0,0,934,3894,0,0
41,61,1.54,2938,16189,0,0,2938,16189,0,0
41,62,0.2,307,1534,0,0,307,1534,0,0
41,63,0.03,52,261,0,0,52,261,0,0
41,72,1,54,109,14,27,14,27,0,0
41,80,2.54,544,1240,72,117,329,889,0,0
41,82,3.1,720,2485,131,184,589,2301,0,0
41,84,0.03,49,148,0,0,49,148,0,0
41,85,0.89,1573,6277,3,10,1563,6247,0,0
41,86,1.4,827,2156,3,6,818,2138,0,0
41,87,1.69,2855,6137,0,0,2855,6137,0,0
41,88,0.8,1239,3717,0,0,1239,3717,0,0
41,94,1,95,285,0,0,95,285,0,0
41,109,0.21,427,1282,0,0,427,1282,0,0
41,118,12,888,2268,784,2164,35,35,0,0
41,119,7.61,1081,2598,883,2290,66,103,0,0
41,120,10.04,1201,2598,1015,2225,186,373,0,0
41,121,24.11,2177,5376,2010,5161,71,138,0,0
41,122,16.97,1548,4166,1293,3241,132,395,0,0
41,123,4.99,373,1504,310,1361,0,0,0,0
41,124,24.24,1459,3890,949,2681,16,46,0,0
41,125,8.37,527,1268,336,931,8,24,0,0
41,126,2.74,181,437,137,351,0,0,0,0
42,18,3.09,518,1403,5,11,504,1370,0,0
42,19,1.34,1003,5484,705,4590,298,895,0,0
42,20,8.09,2337,8014,1076,2997,495,1821,0,0
42,21,2.16,865,5093,288,1632,192,1154,0,0
42,22,8.28,2124,6249,1507,4729,113,229,0,0
42,23,15.05,1816,5708,1450,4490,97,332,0,0
42,24,15.48,1644,5881,1275,5376,56,101,0,0
42,27,32.58,2267,3002,1951,2663,88,96,0,0
42,28,18.09,1231,3712,975,3338,38,60,0,0
42,29,1.2,2333,13999,2333,13999,0,0,0,0
42,30,0.98,1681,10020,1659,9957,21,63,0,0
42,31,1.15,932,2255,0,1,917,2210,0,0
42,32,3.66,1944,4428,197,983,1350,2649,0,0
42,33,3.61,2805,10352,0,0,2805,10352,0,0
42,34,6.4,2015,2937,30,30,1985,2907,0,0
42,35,8.78,1303,6788,1150,6472,128,260,0,0
42,36,15.87,1995,7818,1206,6243,695,1369,0,0
42,37,16.26,1199,4479,1077,4278,28,54,0,0
42,38,14.68,1124,2721,999,2492,92,193,0,0
42,39,7.09,346,837,326,813,40,117,0,0
42,40,13.32,638,1467,573,1385,22,28,0,0
42,41,12.72,680,1346,562,1150,23,38,0,0
42,42,13.15,2513,9231,2301,8691,29,97,0,0
42,44,3.42,1054,4954,0,0,1054,4954,0,0
42,45,11.87,3876,12553,0,0,3876,12553,0,0
42,46,6.83,4522,12547,0,0,4522,12547,0,0
42,47,6.08,1649,6174,0,0,1649,6174,0,0
42,49,1.38,670,1981,0,0,670,1981,0,0
42,50,1.76,544,1573,0,0,544,1573,0,0
42,51,1.15,519,1673,0,0,519,1673,0,0
42,57,3.79,3168,14314,0,0,3168,14314,0,0
42,58,5.57,2413,9541,11,23,2379,9472,0,0
42,59,5.79,3891,9291,17,17,3840,9240,0,0
42,60,1.23,973,3689,0,0,973,3689,0,0
42,61,0.38,922,6407,0,0,922,6407,0,0
42,62,0.74,1161,5805,0,0,1161,5805,0,0
42,63,3,247,622,1,2,244,616,0,0
42,73,3,655,1297,3,3,645,1286,0,0
42,79,3.07,725,764,125,131,349,370,0,0
42,80,12.64,2418,5394,785,1451,1277,3231,0,0
42,81,2.79,740,1773,227,455,293,879,0,0
42,82,0.25,411,823,0,0,0,0,0,0
42,85,0.84,130,260,0,0,130,260,0,0
42,86,0.61,1039,2079,0,0,1039,2079,0,0
42,87,1.47,2550,7767,0,0,2550,7767,0,0
42,88,1.49,1312,3394,0,0,1312,3394,0,0
42,97,1,578,578,145,145,145,145,0,0
42,98,3.06,324,324,1,1,321,321,0,0
42,99,0.94,56,56,14,14,14,14,0,0
42,109,2.01,1078,6085,0,0,1078,6085,0,0
42,110,0.99,1961,11764,0,0,1961,11764,0,0
42,114,1,89,179,89,179,0,0,0,0
42,118,7.67,529,913,250,528,259,363,0,0
42,119,3.13,371,839,268,736,83,181,0,0
42,120,3.94,1573,4281,0,0,1573,4281,0,0
42,121,3.39,1914,4954,734,1464,1172,3482,0,0
42,122,2.34,649,1877,649,1877,0,0,0,0
42,123,7.65,466,1107,266,705,0,0,0,0
42,124,5.75,722,2888,662,2797,0,0,407,2034
42,126,6.51,700,2627,376,1237,354,1770,0,0
42,127,2.44,1218,2894,960,2053,622,1708,0,0
43,6,0.25,366,1099,366,1099,110,330,0,0
43,7,0.41,594,1783,594,1783,178,535,0,0
43,18,1.89,1946,3893,131,263,1552,3104,0,0
43,19,1.64,1407,8105,334,1672,1072,6433,0,0
43,20,7.41,1365,5439,352,733,816,3744,0,0
43,21,8.44,1597,6480,1231,5057,122,475,0,0
43,22,20.53,2538,9903,679,2680,610,2398,0,0
43,23,19.75,1761,6326,555,1862,368,1431,0,0
43,24,22.22,916,1949,726,1602,28,62,0,0
43,25,1.94,125,205,25,45,25,45,0,0
43,27,32.19,2547,5465,2192,5062,84,100,0,0
43,28,10.11,2065,12129,2015,12026,17,34,0,0
43,29,3.7,2070,11349,1835,10928,202,388,0,0
43,30,3.16,1999,11816,1972,11789,9,9,0,0
43,31,0.95,1890,9450,1890,9450,0,0,0,0
43,32,3.86,1336,6134,1170,5823,152,298,0,0
43,33,3.17,2447,7232,1184,5918,1263,1314,0,0
43,34,2.55,1514,5829,605,4004,909,1826,0,0
43,35,17.07,2770,13394,2483,12957,283,1102,0,0
43,36,22.55,1703,4891,1575,4584,33,83,0,0
43,37,23.23,1312,3926,1123,3487,12,23,0,0
43,38,12.25,921,2209,866,2153,1,1,0,0
43,39,25.55,1193,2827,1031,2482,52,137,0,0
43,40,32.04,1810,5303,1583,4884,55,103,0,0
43,41,36.37,2045,5486,1704,4689,79,215,0,0
43,42,4.1,1419,6657,1407,6625,2,8,0,0
43,43,0.66,1297,4397,253,1267,1043,3129,0,0
43,44,6.78,2898,9663,0,0,2898,9663,0,0
43,45,5.52,1638,6142,0,0,1638,6142,0,0
43,46,6.06,2409,6287,0,0,2409,6287,0,0
43,47,0.12,107,311,0,0,107,311,0,0
43,48,0.61,603,1808,0,0,603,1808,0,0
43,49,1.06,1210,3334,0,0,1210,3334,0,0
43,50,1.88,717,3289,0,0,717,3289,0,0
43,51,6.42,1680,5760,0,0,1680,5760,0,0
43,52,0.62,73,146,0,0,73,146,0,0
43,55,3.12,1895,3778,0,0,1895,3778,0,0
43,56,3.21,2472,15913,0,0,2472,15913,0,0
43,57,2.8,1879,11105,67,135,1812,10971,0,0
43,58,4.78,3957,17817,0,0,3957,17817,0,0
43,59,5.76,3752,20691,0,0,3752,20691,0,0
43,60,1.21,1477,13227,0,0,1477,13227,0,0
43,63,1.03,584,1752,0,0,584,1752,0,0
43,79,8.84,1187,2723,616,1302,604,1527,0,0
43,80,36.31,2330,4385,2184,4103,127,254,0,0
43,81,23.75,1496,2765,1037,1878,22,34,0,0
43,82,1.39,773,1786,0,0,0,0,0,0
43,83,1.46,1444,5700,0,0,1444,5700,0,0
43,84,0.08,19,75,0,0,19,75,0,0
43,85,0.82,1650,6599,0,0,1650,6599,0,0
43,86,0.99,2175,8699,0,0,2175,8699,0,0
43,87,1.01,3640,14561,0,0,3640,14561,0,0
43,88,0.49,2660,10641,0,0,2660,10641,0,0
43,95,1,32,32,0,0,32,32,0,0
43,97,1.01,598,598,0,0,598,598,0,0
43,98,0.01,15,15,0,0,15,15,0,0
43,100,1,112,112,0,0,112,112,0,0
43,101,3,366,366,0,0,366,366,0,0
43,110,0.38,3570,21422,0,0,3570,21422,0,0
43,117,1,23,23,0,0,23,23,0,0
43,118,1,62,249,0,0,62,249,0,0
43,119,6.79,660,1215,344,619,218,423,0,0
43,120,2.83,627,1400,21,38,606,1362,0,0
43,121,12.78,1766,4921,809,2264,930,2629,0,0
43,122,7,698,1280,698,1280,0,0,0,0
43,123,1.82,339,825,339,825,0,0,0,0
43,124,16.79,1078,2421,731,1681,0,0,0,0
43,125,27.99,1755,4047,1114,2958,0,0,0,0
43,126,25.09,1826,4108,1465,3438,0,0,0,0
43,127,1.34,92,254,92,254,0,0,0,0
44,6,0.41,457,1328,425,1264,135,394,0,0
44,7,0.92,365,794,139,343,94,208,0,0
44,18,0.02,11,22,3,5,3,5,0,0
44,19,1.89,1402,7693,0,0,1402,7693,0,0
44,20,11.74,2049,8274,580,838,1440,7393,0,0
44,21,35.44,2931,6831,2301,4732,210,700,0,0
44,22,33.04,1921,4882,1334,3207,183,546,0,0
44,23,54.24,2126,3662,1792,3252,67,81,0,0
44,24,40.19,1966,3783,1534,3237,69,102,0,0
44,25,31,1487,2905,1285,2687,28,33,0,0
44,26,11.18,421,898,362,834,12,14,0,0
44,27,27.84,1750,2551,1415,2217,101,101,0,0
44,28,10.98,2623,15950,2483,15421,47,176,0,0
44,29,7.47,1926,6866,601,4152,1286,2557,0,0
44,30,6.25,3283,7182,1581,5052,1933,2593,0,0
44,31,1.76,1723,8399,1702,8378,7,7,0,0
44,32,2.77,2264,12202,2264,12202,0,0,0,0
44,33,7.46,2626,14126,2576,14037,17,30,0,0
44,34,9.38,2228,9780,2154,9706,11,11,0,0
44,35,18.13,1819,5912,1744,5828,11,15,0,0
44,36,33.49,2156,5956,1926,5658,24,35,0,0
44,37,22.33,1423,3481,1222,3073,42,106,0,0
44,38,17.75,759,1346,559,1126,34,41,0,0
44,39,25.44,1431,3558,1255,3326,31,50,0,0
44,40,30.68,1533,3568,1376,3350,60,77,0,0
44,41,28.02,1502,3940,1301,3613,56,148,0,0
44,42,23.16,1987,5372,1479,4070,292,868,0,0
44,43,14.4,1007,2396,285,979,642,1257,0,0
44,44,4.57,4522,17520,0,0,4522,17520,0,0
44,45,5.85,2010,5170,0,0,2010,5170,0,0
44,46,4.16,2468,10915,0,0,2468,10915,0,0
44,47,0.18,218,1009,0,0,218,1009,0,0
44,48,2.95,341,846,0,0,341,846,0,0
44,49,3.47,895,1753,0,0,895,1753,0,0
44,50,5.18,2102,10528,0,0,2102,10528,0,0
44,51,0.97,1556,6223,0,0,1556,6223,0,0
44,54,0.96,2982,14910,0,0,2982,14910,0,0
44,55,1.89,197,374,0,0,197,374,0,0
44,56,0.71,640,2849,0,0,640,2849,0,0
44,57,1.38,934,6469,0,0,934,6469,0,0
44,58,0.47,2473,9890,0,0,2473,9890,0,0
44,59,0.73,4748,36299,0,0,4748,36299,0,0
44,60,0.48,1805,17982,0,0,1805,17982,0,0
44,79,15.41,1282,2261,1046,2017,228,230,0,0
44,80,41.72,2253,4707,2112,4504,42,103,0,0
44,81,51.62,2314,5250,2060,4817,15,24,0,0
44,82,34.35,1768,4079,1588,3849,20,35,0,0
44,83,6.58,2402,8350,74,110,2202,8018,0,0
44,84,2.16,187,374,104,207,26,53,0,0
44,86,1.03,3754,17343,0,0,3754,17343,0,0
44,87,0.37,1765,8821,0,0,1765,8821,0,0
44,96,2.64,1093,1127,143,143,663,697,0,0
44,97,0.75,1476,1476,258,258,702,702,0,0
44,98,1.52,3895,3895,375,375,2770,2770,0,0
44,99,1.62,781,1939,195,485,195,485,0,0
44,100,0.08,67,267,17,67,17,67,0,0
44,102,0.61,1004,3050,1,14,999,3008,0,0
44,108,0.44,183,734,0,0,183,734,0,0
44,109,1.55,742,3165,0,0,742,3165,0,0
44,110,0.57,5302,31813,0,0,5302,31813,0,0
44,111,0.02,197,1181,0,0,197,1181,0,0
44,112,1,124,249,31,62,31,62,0,0
44,117,2.35,484,1166,25,75,484,1166,0,0
44,118,6.59,759,2094,114,342,759,2094,0,0
44,119,1,27,27,27,27,0,0,0,0
44,120,12.2,1935,4090,1392,3069,864,1729,0,0
44,121,26.16,1848,5141,1457,4147,68,204,152,606
44,122,8.43,712,1394,600,1170,19,19,0,0
44,123,6.88,813,1680,766,1627,5,5,0,0
44,124,39.11,2514,5871,1560,4365,30,60,0,0
44,125,30.51,2044,4454,1411,3370,0,0,0,0
44,126,17.39,1625,3675,971,1968,454,1363,0,0
44,127,6.61,927,2696,345,951,662,1985,0,0
45,16,1,46,91,0,0,46,91,0,0
45,20,18.29,1311,2028,1291,2009,2,2,0,0
45,21,37.08,2130,4303,1834,3977,21,32,0,0
45,22,46.81,1813,3511,1352,2812,58,75,0,0
45,23,34,1980,4092,1832,3884,36,56,0,0
45,24,41.35,2011,4750,1616,4081,63,96,0,0
45,25,41.53,2196,5128,1914,4738,35,61,0,0
45,26,36.33,2045,4290,1775,3861,85,176,0,0
45,27,28.55,1464,4280,1127,3788,37,62,0,0
45,28,9.6,2660,13970,1686,8839,325,1710,0,0
45,29,2.82,1482,8147,367,2030,381,2058,0,0
45,30,16.57,1084,2418,607,1565,387,757,0,0
45,31,4.36,2498,11987,2474,11952,5,5,0,0
45,32,2.05,2254,10897,2254,10897,0,0,0,0
45,33,13.97,2619,12844,2545,12637,20,64,0,0
45,34,23.36,1431,2936,1241,2693,15,23,0,0
45,35,31.91,1640,4111,1394,3691,21,29,0,0
45,36,29.37,1937,6284,1648,5743,17,25,0,0
45,37,26.63,1364,3054,1240,2896,30,41,0,0
45,38,12.75,775,1756,708,1689,17,17,0,0
45,39,25.39,1394,3087,1149,2683,43,78,0,0
45,40,19.41,1298,3299,1183,3097,24,27,0,0
45,41,26.27,1620,3805,1356,3319,35,63,0,0
45,42,18.88,1688,3366,778,1498,731,1486,0,0
45,43,14.17,962,2449,522,1382,348,972,0,0
45,44,5.15,4049,14843,8,38,4049,14843,0,0
45,45,3.24,2877,13087,282,1411,2877,13087,0,0
45,46,1.12,2082,8328,0,0,2082,8328,0,0
45,47,1,1276,2554,0,0,1,3,0,0
45,48,3.22,1254,5858,0,0,1254,5858,0,0
45,50,0.98,1674,9265,117,467,1674,9265,0,0
45,51,0.32,762,3050,229,915,762,3050,0,0
45,53,1,40,79,10,20,10,20,0,0
45,54,0.26,334,1410,0,0,334,1410,0,0
45,55,4.16,2480,9503,0,0,2480,9503,0,0
45,56,4.75,2872,13741,0,0,2872,13741,0,0
45,57,3.88,2482,12725,0,0,2482,12725,0,0
45,58,1.54,1402,8204,0,0,1402,8204,0,0
45,59,2.76,6093,56768,0,0,6093,56768,0,0
45,60,0.05,639,6386,0,0,639,6386,0,0
45,63,3,66,103,7,7,44,81,0,0
45,79,19.9,1608,3489,1570,3423,39,110,0,0
45,80,37.06,2190,4442,1895,3865,112,327,0,0
45,81,24.89,2036,5888,1927,5699,13,25,0,0
45,82,31.67,2193,4709,1968,4258,62,128,0,0
45,83,22.14,1776,3994,1428,3357,87,155,0,0
45,84,8.8,865,1559,593,1042,272,517,0,0
45,85,1.05,351,702,0,0,351,702,0,0
45,86,1.14,727,3443,49,49,679,3395,0,0
45,88,1.12,94,188,25,50,94,188,0,0
45,89,0.88,71,142,0,0,71,142,0,0
45,96,1.72,3227,3227,32,32,3132,3132,0,0
45,98,0.17,388,388,79,79,152,152,0,0
45,99,0.49,407,1558,102,390,102,390,0,0
45,101,1.93,1185,3243,249,669,438,1235,0,0
45,102,3.6,1599,11565,148,1225,1155,7891,0,0
45,108,2,818,2862,0,0,818,2862,0,0
45,109,0.02,7,27,0,0,7,27,0,0
45,110,0.58,372,1984,74,370,372,1984,0,0
45,111,2.54,1044,5220,313,1566,1044,5220,0,0
45,112,2.28,854,3186,107,537,854,3186,0,0
45,113,0.15,8,8,0,0,8,8,0,0
45,115,3.89,309,702,0,0,309,702,0,0
45,117,5.95,1744,8119,272,1635,927,3214,1090,6540
45,118,11.09,1077,3382,672,2237,405,1145,0,0
45,119,1.02,237,734,91,442,146,292,0,0
45,120,21.86,2327,6585,2020,6009,289,578,0,0
45,121,22.27,1521,4003,1353,3836,104,278,0,0
45,122,4,295,658,295,658,0,0,0,0
45,123,4.66,485,1509,447,1471,0,0,0,0
45,124,12.36,1017,2139,876,1978,30,37,0,0
45,125,10.81,1305,2971,987,2631,162,287,0,0
45,126,22.52,1665,2756,1166,2257,209,209,0,0
45,127,16.46,1740,3900,1351,2777,325,974,0,0
46,19,3.42,142,254,130,242,0,0,0,0
46,20,21.64,1817,3668,1815,3666,1,1,0,0
46,21,28.84,1589,3493,1295,2964,61,133,0,0
46,22,39.05,1859,3852,1625,3531,39,68,0,0
46,23,41.84,2003,4066,1659,3653,36,49,0,0
46,24,46.47,2149,4344,1626,3539,76,128,0,0
46,25,48.85,2168,4140,1685,3387,113,195,0,0
46,26,39.52,2067,4921,1795,4507,67,100,0,0
46,27,40.88,2091,4825,1693,4183,63,109,0,0
46,28,21.95,1359,3956,955,2583,164,559,0,0
46,29,3.6,1999,5689,80,386,1796,4678,0,0
46,30,26.52,1375,2680,1074,2217,152,303,0,0
46,31,34.43,1979,4725,1736,4401,69,154,0,0
46,32,18.31,1241,2968,800,2155,54,135,0,0
46,33,22.65,1179,2586,1068,2426,31,47,0,0
46,34,21.77,1264,3757,1142,3572,15,24,0,0
46,35,31.77,1729,6998,1505,6365,25,66,0,0
46,36,30.61,1742,6133,1627,5996,17,25,0,0
46,37,20.95,1213,3004,1030,2612,39,100,0,0
46,38,13.64,980,2554,903,2464,0,0,0,0
46,39,17.41,936,2454,823,2298,15,24,0,0
46,40,8.39,765,1780,728,1730,12,17,0,0
46,41,10.22,894,2254,859,2199,7,14,0,0
46,42,10.18,1755,3895,1724,3845,2,3,0,0
46,43,2.41,1076,5511,574,2799,452,2614,0,0
46,44,1.42,720,2712,4,21,720,2712,0,0
46,45,3.2,666,2809,511,2057,168,814,0,0
46,46,3,2533,11894,62,62,2471,11832,0,0
46,47,0.93,3435,20608,0,0,3435,20608,0,0
46,48,1,619,3096,0,0,619,3096,0,0
46,49,0.64,2348,11739,0,0,2348,11739,0,0
46,50,0.74,2211,10109,284,1137,2211,10109,0,0
46,51,0.13,319,1274,96,382,319,1274,0,0
46,53,0.01,23,114,0,0,23,114,0,0
46,54,1.72,3588,17069,0,0,3588,17069,0,0
46,55,1.84,1855,6925,0,0,1855,6925,0,0
46,56,2.95,1827,5481,0,0,1827,5481,0,0
46,57,4.63,2282,5939,0,0,2282,5939,0,0
46,58,3.11,1477,4318,4,8,1465,4294,0,0
46,59,0.8,2111,19904,0,0,2111,19904,0,0
46,63,1.5,1897,7586,0,0,1897,7586,0,0
46,79,8.37,1912,5020,1283,3344,210,559,0,0
46,80,14.47,1682,4207,893,2233,679,1840,0,0
46,81,25.36,2741,6927,1413,3975,1316,3002,0,0
46,82,39.91,2118,4544,1873,4105,139,351,0,0
46,83,10.22,1098,2308,1088,2299,3,3,0,0
46,84,25.29,2141,2992,1866,2259,233,667,0,0
46,85,10.82,1342,2130,898,898,438,1226,0,0
46,95,1.34,1064,1095,258,258,289,319,0,0
46,96,1.24,2673,2673,646,646,736,736,0,0
46,97,1.07,803,803,78,78,569,569,0,0
46,98,0.09,46,46,0,0,46,46,0,0
46,99,1.86,1740,2546,435,637,435,637,0,0
46,100,2.43,1006,1934,251,484,251,484,0,0
46,101,1.67,1990,5485,498,1371,498,1371,0,0
46,102,2.81,2169,14473,253,742,1409,12248,0,0
46,105,1,26,26,6,6,6,6,0,0
46,106,1,10,10,2,2,2,2,0,0
46,109,0.76,2686,13428,0,0,2686,13428,0,0
46,110,1.4,1324,4705,156,625,1324,4705,0,0
46,111,2.72,1514,7178,454,2153,1514,7178,0,0
46,112,1.01,1193,2840,7,35,1193,2840,0,0
46,113,0.23,353,706,0,0,353,706,0,0
46,115,0.11,14,14,0,0,14,14,0,0
46,116,0.93,32,32,0,0,30,30,0,0
46,117,24.64,2357,7616,1746,5464,107,365,347,1734
46,118,36.04,4250,13542,3626,11605,919,2888,149,743
46,119,8.53,736,2033,498,1350,302,897,0,0
46,120,34.56,3560,11206,3275,10776,477,1151,0,0
46,121,19,2245,7151,1930,6354,67,200,0,0
46,122,4.25,2056,9931,2056,9931,0,0,0,0
46,123,2.8,303,1648,303,1648,0,0,0,0
46,124,18.56,1669,3449,1469,3040,15,45,0,0
46,125,6.4,333,690,206,410,67,177,0,0
46,126,8.56,917,2040,783,1884,98,221,0,0
46,127,10.68,1523,4760,474,1024,1014,3700,0,0
47,13,0.65,16,49,4,12,4,12,0,0
47,14,15.78,942,2021,814,1861,40,51,0,0
47,15,0.27,75,226,75,226,0,0,0,0
47,19,9.9,825,2001,766,1884,20,39,0,0
47,20,33.48,1846,4398,1641,4022,33,62,0,0
47,21,37.53,1793,4190,1487,3723,61,104,0,0
47,22,42.13,1814,3761,1456,3325,37,52,0,0
47,23,39.53,2073,4190,1766,3761,97,174,0,0
47,24,31.59,2224,5280,2044,5033,29,53,0,0
47,25,31.31,2118,5050,1945,4811,14,23,0,0
47,26,38.55,1902,4069,1337,3152,123,226,203,406
47,27,32.67,2092,5176,1658,4403,10,19,222,443
47,28,4.65,1753,6423,430,1196,135,536,0,0
47,29,5.89,3352,12978,677,1893,2865,11844,0,0
47,30,11.39,1378,3430,1251,3094,198,475,0,0
47,31,23.43,1641,3554,1514,3374,59,121,0,0
47,32,27.33,1589,3571,1337,3021,17,31,0,0
47,33,31.67,1917,5671,1675,5146,37,88,0,0
47,34,17.83,1324,3555,1098,3017,197,581,0,0
47,35,31.76,1724,4366,1438,3920,54,97,0,0
47,36,33.91,1542,3402,1079,2749,79,134,0,0
47,37,12.37,825,2522,769,2406,12,26,0,0
47,38,19.21,1071,2182,921,1987,21,23,0,0
47,39,3.08,268,766,260,759,3,3,0,0
47,40,21.87,1433,3031,1348,2741,29,97,0,0
47,41,11.84,727,2197,611,1947,33,73,0,0
47,42,7.68,1286,6976,1183,6667,2,5,0,0
47,43,2.12,1916,10280,76,535,1840,9745,0,0
47,44,14.11,667,1852,508,1586,31,57,0,0
47,45,28.05,1615,3593,1224,2853,172,347,0,0
47,47,0.07,266,1593,0,0,266,1593,0,0
47,48,1.21,776,3103,28,113,776,3103,0,0
47,49,1.4,1558,3299,0,0,1558,3299,0,0
47,50,0.97,2544,9896,0,0,2544,9896,0,0
47,53,1.82,557,1589,0,0,557,1589,0,0
47,54,5.32,2970,13990,0,0,2970,13990,0,0
47,55,3.01,2109,6266,6,12,1032,3052,0,0
47,56,2.86,1428,4173,87,174,403,1201,0,0
47,57,8.14,2098,5652,176,354,1753,5118,0,0
47,58,3.24,1484,3964,4,4,1470,3951,0,0
47,63,1.5,926,3396,0,0,926,3396,0,0
47,79,7.8,2520,7637,2459,7553,20,28,0,0
47,80,16.95,2163,4267,995,2221,1023,1807,0,0
47,81,35.79,2518,6761,1465,4052,326,823,373,1119
47,82,40.02,3267,9435,2870,8403,195,539,0,0
47,83,26.78,1975,4299,1438,3157,198,468,0,0
47,84,26.06,2366,3745,2314,3693,9,9,0,0
47,85,10,1018,1106,1008,1097,3,3,0,0
47,86,0.42,84,167,8,16,60,119,0,0
47,95,3.15,869,869,203,203,261,261,0,0
47,96,2.11,4743,4743,1186,1186,1186,1186,0,0
47,97,2.2,4600,4600,1150,1150,1151,1151,0,0
47,98,0.64,3180,3180,795,795,795,795,0,0
47,99,0.36,1895,1895,474,474,474,474,0,0
47,100,1.02,1464,2645,366,661,366,661,0,0
47,101,1.54,814,1016,203,254,203,254,0,0
47,102,0.49,136,285,34,71,34,71,0,0
47,108,0.03,112,562,0,0,112,562,0,0
47,109,6.37,3247,18048,0,0,3247,18048,0,0
47,110,4.81,2650,9429,344,1459,2650,9429,0,0
47,111,1.93,1716,8096,515,2429,1716,8096,0,0
47,112,1.39,1774,7179,175,873,1114,4540,0,0
47,113,1.51,1384,4534,0,0,388,1307,378,756
47,114,0.05,22,43,0,0,0,0,22,43
47,115,0.16,7,7,0,0,7,7,0,0
47,116,9.82,856,2691,751,2517,98,196,0,0
47,117,23.21,1104,2726,992,2515,40,121,0,0
47,118,23,1811,4233,1679,4003,9,26,0,0
47,119,26.4,2455,6830,1748,4684,809,2624,0,0
47,120,62.11,3849,12861,3542,12175,244,753,0,0
47,121,20.28,1917,5120,1680,4427,0,0,0,0
47,122,13.43,1061,3379,1040,3358,0,0,0,0
47,123,5.01,513,1511,299,549,196,944,0,0
47,124,5.44,1091,2980,1018,2828,80,241,0,0
47,125,18.36,1506,2880,1028,2151,273,307,0,0
47,126,0.9,136,280,8,24,0,0,0,0
47,127,8.27,910,1918,848,1856,21,21,0,0
48,0,0.26,186,680,31,123,93,311,0,0
48,1,0.75,380,1521,93,374,100,400,0,0
48,13,12.11,853,2352,694,1962,53,130,0,0
48,14,26.94,1598,3632,1315,3057,80,177,0,0
48,15,5.74,406,849,294,661,37,63,0,0
48,19,16.46,916,1762,639,1221,92,180,0,0
48,20,38.93,2380,4472,1287,2590,364,627,0,0
48,21,29.69,1942,3968,1622,3362,87,166,0,0
48,22,35.8,1988,4501,1761,4177,28,49,0,0
48,23,39.97,2145,4155,1862,3694,31,45,0,0
48,24,37.13,1967,4553,1514,3754,43,63,0,0
48,25,40.36,2123,5464,1836,5010,35,60,0,0
48,26,29.13,1749,4072,1505,3575,76,166,0,0
48,27,11.87,1820,4511,629,1814,1074,2434,0,0
48,28,21.34,2671,8201,2283,7200,163,478,0,0
48,29,19.94,2143,6414,2051,6240,47,129,0,0
48,30,31.01,2001,4331,1697,3818,266,536,0,0
48,31,25.58,1719,3749,1587,3564,31,49,0,0
48,32,23.81,1353,4427,1244,4189,43,140,0,0
48,33,22.96,1112,2604,932,2313,30,58,0,0
48,34,20.55,1183,2734,1024,2479,39,66,0,0
48,35,11.17,957,2608,774,2139,45,125,0,0
48,36,14,1066,2986,750,2114,274,796,0,0
48,37,7,384,885,337,810,6,6,0,0
48,38,17.55,1100,1881,912,1634,28,46,0,0
48,39,3.32,910,5181,260,1364,211,1267,0,0
48,40,15.19,1684,4993,1410,3672,85,427,0,0
48,41,20.87,1382,3583,1027,2817,28,80,0,0
48,42,28.32,1936,5040,1714,4732,142,279,0,0
48,43,3.77,760,3271,59,162,600,2887,0,0
48,44,23.13,1247,3225,896,2488,252,523,0,0
48,45,19.26,1073,2865,898,2552,27,48,0,0
48,46,3.14,363,957,0,0,363,957,0,0
48,47,0.86,133,399,0,0,133,399,0,0
48,48,0.79,358,1433,107,430,358,1433,0,0
48,49,1.45,1788,3575,359,718,1788,3575,0,0
48,50,3.62,2089,6780,0,0,2089,6780,0,0
48,53,0.82,803,4015,0,0,803,4015,0,0
48,54,2.06,2617,12190,0,0,2617,12190,0,0
48,55,6.92,2266,7254,312,635,1206,4379,0,0
48,56,23.02,1887,3870,1111,2319,905,1665,0,0
48,57,31.61,1998,3993,1861,3721,134,267,0,0
48,58,2.75,4042,4213,177,349,3852,3852,0,0
48,59,2.02,164,164,69,69,78,78,0,0
48,61,1,92,277,92,277,0,0,0,0
48,62,2,186,361,178,353,3,3,0,0
48,79,29.86,1395,2604,1312,2477,14,22,0,0
48,80,36.56,2115,3875,1924,3482,119,300,0,0
48,81,11.26,1072,2368,526,1398,537,910,0,0
48,82,7.85,288,513,219,426,38,64,0,0
48,83,11.14,726,1705,399,937,90,225,0,0
48,84,7.74,972,1928,298,687,473,910,0,0
48,85,0.06,4,4,4,4,0,0,0,0
48,86,1.58,324,649,27,54,243,486,0,0
48,94,1.43,273,273,68,68,68,68,0,0
48,95,1.51,201,201,29,29,114,114,0,0
48,96,2.32,3285,3285,821,821,821,821,0,0
48,97,2.4,3743,3743,965,965,926,926,0,0
48,98,2.06,1332,1332,370,370,321,321,0,0
48,99,2.9,2343,2343,586,586,586,586,0,0
48,100,0.88,2572,2572,641,641,649,649,0,0
48,101,1.86,1465,1465,251,251,711,711,0,0
48,108,2.35,1069,3738,630,2422,439,1316,0,0
48,109,4.97,915,2541,0,0,852,2478,0,0
48,110,5.45,1760,4148,40,160,1760,4148,0,0
48,111,1.1,1437,7054,411,2056,1437,7054,0,0
48,112,0.9,506,2217,105,525,506,2217,0,0
48,113,1,2557,5114,0,0,2557,5114,0,0
48,115,2.79,83,83,0,0,83,83,0,0
48,116,5.58,1188,4303,973,3767,124,282,0,0
48,117,4.48,1800,9000,1800,9000,0,0,0,0
48,118,8.36,1603,6574,1301,5500,79,315,0,0
48,119,14.27,2042,6606,1011,2928,814,2622,0,0
48,120,20.85,1944,5629,1582,5206,362,423,0,0
48,121,13.69,1505,4329,1243,3559,158,473,0,0
48,122,6.39,511,1251,433,1110,7,10,0,0
48,123,7.16,546,1433,525,1412,0,0,0,0
48,124,4.19,791,2172,791,2172,65,195,0,0
48,125,12.34,956,1912,956,1912,0,0,0,0
48,126,11.67,1017,2325,1017,2325,42,126,0,0
48,127,12.88,1249,2703,1168,2577,0,0,0,0
49,0,3.22,5067,16221,65,126,4873,15844,0,0
49,1,1.97,6058,24076,0,0,6058,24076,0,0
49,13,14.34,780,2126,704,2025,18,26,0,0
49,14,9.16,591,1152,374,658,72,165,0,0
49,16,1,98,98,25,25,25,25,0,0
49,17,1,1656,1656,0,0,0,0,0,0
49,19,17.08,1330,2391,835,1410,165,327,0,0
49,20,12.51,1620,2852,477,856,425,753,0,0
49,21,12.57,2450,4627,540,845,1900,3766,0,0
49,22,29.96,2020,2841,1943,2740,19,28,0,0
49,23,30.82,2264,4345,2165,4211,20,31,0,0
49,24,30.77,2159,4827,1985,4630,36,44,0,0
49,25,32.38,1688,3855,1534,3637,35,56,0,0
49,26,42.98,2268,5602,1918,5055,48,103,0,0
49,27,50.46,2521,5304,2077,4651,78,170,0,0
49,28,41.24,1917,3807,1302,2924,103,188,0,0
49,29,41.42,2128,4623,1564,3860,67,96,0,0
49,30,29.12,2303,5030,1843,4237,536,1021,0,0
49,31,24.9,2045,5290,1594,3946,249,746,0,0
49,32,18.42,1384,4219,1197,3734,16,39,0,0
49,33,10.41,872,2111,793,2004,0,0,0,0
49,34,1.31,40,40,3,3,3,3,0,0
49,35,1,99,296,99,296,0,0,0,0
49,37,2,181,265,108,193,24,24,0,0
49,38,14.83,783,2255,514,1655,48,117,0,0
49,39,18.45,1210,3042,1130,2882,74,148,0,0
49,40,21.77,1406,3929,1165,3333,45,128,0,0
49,41,19.06,1325,3572,1105,3207,134,256,0,0
49,42,20.17,2128,5578,1736,4597,594,1586,0,0
49,43,12.57,2831,9452,1672,5269,1606,5678,0,0
49,44,15.63,1002,2652,755,2032,184,443,0,0
49,45,17.17,1093,3422,904,3015,10,18,0,0
49,46,3.92,1801,4402,37,67,1113,3049,0,0
49,47,3.25,1304,4366,0,0,1304,4366,0,0
49,48,0.27,542,2167,0,0,542,2167,0,0
49,49,2.54,2448,9947,3,6,2448,9947,0,0
49,50,0.77,784,2629,0,0,784,2629,0,0
49,54,0.66,66,131,16,33,16,33,0,0
49,55,4.2,415,1221,383,1157,11,21,0,0
49,56,9.11,981,2464,665,1717,177,355,0,0
49,57,5.56,285,544,255,503,10,14,0,0
49,58,0.01,0,0,0,0,0,0,0,0
49,60,3,109,209,102,203,2,2,0,0
49,61,2,266,669,266,669,0,0,0,0
49,79,24.53,1183,2118,1000,1883,31,49,0,0
49,80,19.46,1978,5246,1433,3680,511,1527,0,0
49,81,0.86,1338,4013,1338,4013,0,0,0,0
49,94,2.41,2675,2675,669,669,669,669,0,0
49,95,2.35,263,263,31,31,180,180,0,0
49,96,2.09,1086,1086,272,272,281,281,0,0
49,97,1.66,411,411,103,103,103,103,0,0
49,98,4.4,4003,4003,994,994,1022,1022,0,0
49,99,2.52,971,971,238,238,258,258,0,0
49,100,1.41,1929,1929,482,482,482,482,0,0
49,108,13.93,2453,7620,2143,6769,310,851,0,0
49,109,14.43,3455,9046,1023,1818,2409,7204,0,0
49,110,31.96,1955,4161,1463,3215,151,296,0,0
49,111,3.62,975,3026,236,855,735,2474,0,0
49,112,0.8,1237,6183,371,1854,1237,6183,0,0
49,113,1,287,1433,0,0,287,1433,0,0
49,116,2,124,248,30,60,0,0,0,0
49,117,0.65,50,230,46,226,1,1,0,0
49,118,2.72,179,472,125,366,52,104,0,0
49,119,13.39,2102,6360,771,1806,1415,4756,0,0
49,121,1.99,1001,3536,278,992,650,2483,0,0
49,122,9.27,810,1950,723,1863,21,21,0,0
49,123,2.56,209,423,209,423,0,0,0,0
49,124,4.45,256,617,207,550,0,0,0,0
49,125,9.04,754,2303,327,646,417,1648,0,0
49,126,3.95,1179,4522,116,304,1062,4218,0,0
49,127,16.21,1578,3751,1578,3751,0,0,0,0
50,0,0.34,1256,5024,0,0,1256,5024,0,0
50,1,0.07,99,386,0,0,99,386,0,0
50,3,1,45,90,0,0,45,90,0,0
50,19,8.86,832,1471,387,601,149,290,0,0
50,20,14.03,1643,3273,1533,3066,32,65,0,0
50,21,16.48,1425,2844,1372,2745,43,81,0,0
50,22,16.59,1414,2810,1390,2773,8,12,0,0
50,23,26.25,2128,4224,2092,4155,12,23,0,0
50,24,43.57,3004,5952,2932,5821,24,44,0,0
50,25,35.83,2471,4858,2363,4692,31,51,0,0
50,26,32.7,1869,4011,1669,3712,47,67,0,0
50,27,36.57,1969,4610,1665,4024,19,30,0,0
50,28,28.74,1834,4537,1665,4309,39,59,0,0
50,29,38.85,1902,4611,1692,4278,61,134,0,0
50,30,8.95,2472,5293,338,688,2352,5039,0,0
50,31,22.24,1618,4347,1489,4082,77,150,0,0
50,32,23.49,1499,3468,1408,3301,22,48,0,0
50,33,25.46,1238,3236,879,2359,98,251,0,0
50,34,15.2,1164,2899,1027,2596,77,164,0,0
50,35,19.53,1275,2875,1217,2790,14,23,0,0
50,38,5.01,297,826,271,796,9,10,0,0
50,39,17.07,1196,2927,1069,2751,26,35,0,0
50,40,25.41,1390,3681,1141,3164,72,173,0,0
50,41,41.9,2066,5604,1618,4813,67,132,0,0
50,42,35.88,2904,11779,2467,10572,229,729,0,0
50,43,15.2,4968,22601,4514,21796,989,2442,0,0
50,44,14.46,1200,4460,1130,4248,46,169,0,0
50,45,26.18,1352,4207,1099,3559,47,129,0,0
50,46,8.93,1534,3246,198,575,394,789,0,0
50,47,9.11,1932,7964,876,2680,1109,5492,0,0
50,48,8.5,1347,3956,617,1634,872,2865,0,0
50,49,5.52,1690,8085,28,34,1618,7966,0,0
50,50,1.79,105,166,0,0,105,166,0,0
50,51,1.14,98,188,0,0,98,188,0,0
50,53,0.12,9,21,5,13,1,2,0,0
50,54,4.88,331,950,264,780,22,56,0,0
50,55,0.27,4,7,1,2,1,2,0,0
50,56,0.73,10,20,2,5,2,5,0,0
50,58,1,73,147,73,147,0,0,0,0
50,60,2,174,174,155,155,0,0,0,0
50,61,3.86,234,462,217,444,0,0,0,0
50,80,3.36,332,783,328,779,0,0,0,0
50,90,1,166,665,0,0,166,665,0,0
50,94,0.16,466,466,117,117,117,117,0,0
50,95,4.6,2400,2400,467,467,1050,1050,0,0
50,96,0.98,1320,1320,331,331,344,344,0,0
50,97,0.17,303,303,76,76,76,76,0,0
50,98,0.8,143,143,50,50,31,31,0,0
50,99,2.57,494,494,124,124,231,231,0,0
50,100,0.04,27,27,7,7,7,7,0,0
50,107,2.49,297,880,297,880,0,0,0,0
50,108,16.2,2021,6578,2021,6578,0,0,0,0
50,109,20.46,1804,4305,1705,4174,34,45,0,0
50,110,27.01,1275,3006,1139,2758,52,108,0,0
50,112,2.83,604,1583,0,0,604,1583,0,0
50,113,0.16,43,86,0,0,43,86,0,0
50,117,0.95,54,163,54,163,0,0,0,0
50,118,2.21,1718,3439,330,664,449,898,0,0
50,119,3.64,1713,4260,210,681,679,1349,274,821
50,120,2.99,1823,6917,760,2921,354,1332,339,1017
50,122,1,14,14,14,14,0,0,0,0
50,123,2.85,937,3487,937,3487,0,0,0,0
50,124,18.5,1147,2092,1112,2057,0,0,0,0
50,125,8.1,712,2332,712,2332,0,0,0,0
50,126,7.48,850,2430,821,2372,0,0,0,0
50,127,15.79,1471,3629,1471,3629,0,0,0,0
51,0,1,72,72,72,72,0,0,0,0
51,19,8.86,773,1015,334,488,146,176,0,0
51,20,22.66,1846,3646,1798,3557,16,30,0,0
51,21,16.41,1322,2639,1292,2583,10,19,0,0
51,22,22.18,1897,3768,1782,3558,38,70,0,0
51,23,37.34,2454,4788,2320,4594,38,51,0,0
51,24,39.93,2579,5111,2458,4905,40,69,0,0
51,25,25.16,1954,3818,1865,3713,22,27,0,0
51,26,35.9,2849,5653,2747,5486,29,51,0,0
51,27,29.41,2148,4911,1873,4398,72,169,0,0
51,28,34.36,2148,6881,1916,6530,41,81,0,0
51,29,18.31,1934,5334,1056,2362,947,3398,0,0
51,30,4.16,1567,3939,289,632,1313,3175,0,0
51,31,15.64,1153,2470,1101,2415,7,8,0,0
51,32,26.45,1676,4259,1501,4050,18,19,0,0
51,33,15.24,1130,2758,914,2356,149,288,0,0
51,34,13.56,1521,3718,1466,3600,52,107,0,0
51,35,9.05,794,1755,711,1605,5,5,0,0
51,38,0.89,257,1542,257,1541,0,0,0,0
51,39,3.75,977,3282,32,194,473,1200,0,0
51,40,9.86,2922,9994,258,641,2196,7572,0,0
51,41,14.93,2413,8696,1720,6191,638,2418,0,0
51,42,25.01,3513,12668,2801,10314,993,3499,0,0
51,43,27.52,2659,9793,2267,8595,504,1831,0,0
51,44,26.05,2311,8663,1312,3954,1065,4936,0,0
51,45,18.45,1126,3104,812,2395,93,269,0,0
51,46,2.03,53,142,11,21,8,16,0,0
51,47,25.42,1802,4572,1537,3953,61,162,0,0
51,48,15.29,1381,3298,1267,3077,17,41,0,0
51,49,18.29,1318,2875,1158,2595,15,31,0,0
51,50,8.07,786,2670,737,2586,40,74,0,0
51,53,6.14,613,1767,406,1217,77,157,0,0
51,54,4.75,500,1271,328,927,57,115,0,0
51,55,2,143,265,143,265,0,0,0,0
51,57,1,45,90,11,23,11,23,0,0
51,58,3.01,454,1283,454,1283,0,0,0,0
51,59,1,89,355,89,355,0,0,0,0
51,61,0.14,11,33,11,33,0,0,0,0
51,67,0.67,181,362,181,362,54,109,0,0
51,91,1,66,66,0,0,66,66,0,0
51,95,0.13,157,157,39,39,39,39,0,0
51,96,0.98,627,627,157,157,157,157,0,0
51,97,1.28,814,814,203,203,203,203,0,0
51,98,2.92,967,967,296,296,223,223,0,0
51,99,1,53,53,16,16,53,53,0,0
51,106,0.86,104,208,104,208,0,0,0,0
51,107,6.17,1482,3571,1482,3571,0,0,0,0
51,108,8.67,1271,3600,1271,3600,0,0,0,0
51,109,4.73,322,699,299,653,0,0,0,0
51,110,24.16,1585,3853,1316,3332,71,136,0,0
51,116,0.8,2140,6419,0,0,0,0,0,0
51,117,1.2,590,1688,42,42,0,0,0,0
51,118,1.28,1060,2130,155,311,294,598,0,0
51,119,3.69,1469,3717,77,307,783,1885,0,0
51,120,0.26,628,2514,157,628,157,628,0,0
51,124,6.67,556,1021,556,1021,0,0,0,0
51,125,13.14,1024,2196,957,2129,72,129,0,0
51,126,7.76,776,1858,776,1858,0,0,0,0
51,127,0.01,2,5,2,5,0,0,0,0
52,15,1,28,83,7,21,7,21,0,0
52,19,10.2,810,1447,797,1423,4,8,0,0
52,20,21.29,1557,3464,1502,3374,19,30,0,0
52,21,18.51,1437,2957,1394,2888,14,23,0,0
52,22,18.12,1859,3693,1826,3649,7,10,0,0
52,23,22,1996,3984,1960,3917,12,22,0,0
52,24,14.62,1540,3058,1497,2989,14,23,0,0
52,25,5.82,709,1392,683,1365,0,0,0,0
52,26,3.26,316,632,314,628,1,1,0,0
52,27,3.29,1175,2643,291,875,919,1874,0,0
52,28,8.16,599,1207,261,804,282,290,0,0
52,29,0.71,131,262,0,0,131,262,0,0
52,30,2,2236,6709,22,67,2169,6507,0,0
52,31,10.07,3943,8300,588,1314,1851,3498,0,0
52,32,11.3,1656,3769,867,2043,147,164,0,0
52,33,9.97,997,2110,930,1982,3,5,0,0
52,34,16.08,1836,4984,1727,4775,33,67,0,0
52,35,6.19,632,1632,620,1594,4,13,0,0
52,38,0.52,43,245,33,215,3,10,0,0
52,39,5.68,1338,7492,922,5973,49,146,0,0
52,40,0.68,475,1900,0,0,373,1493,0,0
52,41,8.29,1745,4869,184,367,1589,4561,0,0
52,42,16.17,3953,13499,2428,8941,1963,6131,0,0
52,43,17.66,5100,24630,4151,20983,1664,8102,0,0
52,44,22.34,4703,12795,1914,2941,2875,10184,0,0
52,45,4.88,2058,12120,6,6,2047,12108,0,0
52,46,6.98,433,617,365,543,22,25,0,0
52,47,24.42,1446,3688,1328,3505,20,30,0,0
52,48,22.29,1461,4119,1411,4024,11,20,0,0
52,49,14.88,1076,2838,967,2618,38,124,0,0
52,50,22.88,1466,4362,1243,3943,46,118,0,0
52,51,3,245,729,240,718,2,3,0,0
52,52,6.71,643,1417,633,1407,3,3,0,0
52,53,15.29,1200,3525,1059,3254,7,7,0,0
52,54,15.8,1167,3590,933,2830,64,226,0,0
52,55,50.19,3183,8688,3035,8399,49,96,0,0
52,56,2.76,157,447,146,432,4,5,0,0
52,57,1,16,16,4,4,4,4,0,0
52,58,19.95,1298,3125,1086,2597,61,167,0,0
52,59,4.92,264,578,183,449,3,10,0,0
52,67,2.83,517,1812,373,1296,130,449,0,0
52,68,3.36,1987,5059,1978,5022,177,545,0,0
52,69,2.14,1009,2694,334,669,675,2025,0,0
52,79,1.8,1738,3524,48,143,1691,3382,0,0
52,80,3.57,1163,2402,362,805,1074,2147,0,0
52,81,1.18,416,1041,271,750,208,416,0,0
52,91,2,135,339,0,0,135,339,0,0
52,92,2,314,604,87,173,289,578,0,0
52,96,0.02,13,13,3,3,3,3,0,0
52,105,1.64,207,468,207,468,0,0,0,0
52,106,12.34,1646,4418,1638,4402,3,6,0,0
52,107,9.28,1657,4779,1657,4779,0,0,0,0
52,108,6.26,1131,2718,1131,2718,0,0,0,0
52,109,0.25,5,5,0,0,0,0,0,0
52,110,25.71,1818,4002,1529,3544,51,96,0,0
52,118,0.19,123,245,31,61,31,61,0,0
52,119,1.81,1044,4169,287,1198,651,3384,0,0
52,120,1,15,15,0,0,15,15,0,0
52,125,3.16,230,649,230,649,11,21,0,0
52,126,5.4,276,850,200,699,0,0,0,0
53,0,3,156,156,145,145,4,4,0,0
53,19,11.42,846,1543,706,1280,47,88,0,0
53,20,20.02,1741,2982,1679,2905,21,26,0,0
53,21,17.9,1093,1884,1053,1830,13,18,0,0
53,22,3.67,1088,2173,100,198,987,1973,0,0
53,27,0.92,1010,2038,3,6,1007,2032,0,0
53,28,1.12,583,1223,0,0,583,1223,0,0
53,31,3.98,1825,6390,91,159,669,2164,0,0
53,32,16.43,1309,3456,1031,2657,100,295,0,0
53,33,17.82,1341,3025,1306,2979,8,12,0,0
53,34,11.54,1233,3591,1233,3591,0,0,0,0
53,35,6.59,838,1880,838,1880,0,0,0,0
53,39,0.77,453,1360,113,340,113,340,0,0
53,40,4.5,2021,8265,45,148,2021,8265,0,0
53,41,8.92,2416,9418,345,984,2143,8644,0,0
53,42,19.31,2874,10051,2140,7750,417,1450,0,0
53,43,37,3579,11329,2203,7237,1510,4929,0,0
53,44,33.99,4313,14511,2614,8299,1406,4920,815,3093
53,45,8.9,2881,10978,199,398,2682,10580,0,0
53,46,5.24,1133,2510,81,162,889,2023,0,0
53,47,10.3,1760,5162,903,2509,314,941,0,0
53,48,17.97,1334,3370,1293,3308,14,21,0,0
53,49,22.12,1405,3791,1226,3508,57,154,0,0
53,50,16.45,1136,2795,971,2523,15,28,0,0
53,51,9.5,932,2688,871,2577,0,0,0,0
53,52,8.79,687,1386,619,1318,0,0,0,0
53,53,20.12,1551,3385,1445,3279,2,2,0,0
53,54,14.41,1641,5894,1625,5859,5,12,0,0
53,55,15.21,1238,4049,1155,3864,28,62,0,0
53,56,12.91,1229,3497,1169,3418,92,267,0,0
53,57,20.86,1663,4022,1525,3835,56,138,0,0
53,58,11.97,818,2110,723,1938,9,17,0,0
53,66,1,57,172,0,0,57,172,0,0
53,67,3.08,897,3331,467,1584,206,707,394,1969
53,68,5.91,4234,18713,751,2607,3847,17592,0,0
53,69,0.43,1076,5381,0,0,1076,5381,0,0
53,78,0.05,86,172,0,0,86,172,0,0
53,79,1.15,2163,5797,0,0,2163,5797,0,0
53,80,2.03,1204,2413,54,112,1050,2100,0,0
53,81,1,662,1325,199,397,662,1325,0,0
53,91,5,389,893,43,128,261,507,0,0
53,104,2.65,337,917,337,917,0,0,0,0
53,105,11.69,1679,4222,1679,4222,0,0,0,0
53,106,5.09,1511,3543,1511,3543,0,0,0,0
53,107,2.11,809,2004,334,652,491,1367,0,0
53,108,1.23,2167,4335,104,208,0,0,0,0
53,109,7.79,760,2006,712,1896,0,0,0,0
53,110,24.89,2037,4554,1691,3904,202,406,0,0
53,118,1.57,192,220,49,58,69,97,0,0
53,119,2.57,1261,4059,0,0,1261,4059,0,0
53,120,1.43,368,1165,0,0,368,1165,0,0
54,22,0.93,364,727,91,182,91,182,0,0
54,23,0.34,2422,7265,0,0,2422,7265,0,0
54,24,1.02,5039,20060,8,8,5015,20036,0,0
54,25,2.64,1230,3532,28,63,1146,3342,0,0
54,26,1.99,2631,6317,1,2,2629,6313,0,0
54,27,3.95,5472,18215,87,173,5385,18042,0,0
54,28,4.62,3776,9083,0,0,3776,9083,0,0
54,29,2.03,221,931,11,11,188,899,0,0
54,30,0.27,1690,8449,0,0,1690,8449,0,0
54,31,1.82,237,522,42,42,113,398,0,0
54,34,0.17,20,59,20,59,0,0,0,0
54,36,0.47,54,108,14,27,14,27,0,0
54,39,7.35,1272,6669,1071,6186,67,161,0,0
54,40,8.56,1656,8360,1585,8207,24,51,0,0
54,41,11.28,913,2675,655,2076,114,335,0,0
54,42,33.19,2320,6533,1600,4696,453,1250,0,0
54,43,16.54,2160,7992,1063,3101,1099,4959,0,0
54,44,28.59,3539,9815,822,2078,2513,7273,70,146
54,45,5.09,918,3848,134,267,779,3556,5,25
54,46,8.69,2360,10523,599,2299,1361,6213,400,2002
54,47,26.61,3055,9919,2610,8326,494,1389,0,0
54,48,20.82,1479,5290,1410,5162,13,23,0,0
54,49,23.91,1514,3411,1311,3048,71,154,0,0
54,50,23.72,1526,3852,1230,3436,34,52,0,0
54,51,16.68,1404,4180,1244,3878,16,35,0,0
54,52,18.99,1634,5346,1448,5118,9,14,0,0
54,53,21.26,1379,3656,1218,3405,31,58,0,0
54,54,22.64,1894,5211,1618,4797,101,187,0,0
54,55,36.35,2100,4828,1556,3743,195,394,0,0
54,56,34.04,2645,6735,2438,6325,95,217,0,0
54,57,3.5,358,821,350,813,32,89,0,0
54,68,0.32,898,4488,0,0,898,4488,0,0
54,69,0.25,699,3497,0,0,699,3497,0,0
54,78,1.42,3673,7345,0,0,3673,7345,0,0
54,79,1.93,2680,6048,0,0,2680,6048,0,0
54,80,0.03,65,194,0,0,65,194,0,0
54,103,1.8,185,556,185,556,0,0,0,0
54,104,11.88,1515,3376,1026,2402,482,963,0,0
54,105,8.53,1462,3515,1348,3175,142,426,0,0
54,106,6.23,264,532,191,458,16,16,0,0
54,107,23.37,1850,4815,1126,2785,645,1921,0,0
54,108,20.88,1448,3569,1133,2964,99,229,0,0
54,109,30.9,1929,4540,1548,3657,99,230,0,0
54,110,22.35,1830,4604,1345,3409,268,634,0,0
54,114,5.89,451,1153,451,1153,0,0,0,0
54,117,3.08,1257,2455,6,6,6,6,0,0
54,118,0.35,100,100,25,25,25,25,0,0
54,119,1.22,280,1091,0,0,280,1091,0,0
54,120,3.32,1634,5209,379,758,1065,4071,0,0
55,7,1,559,1119,0,0,559,1119,0,0
55,9,1.14,78,152,23,41,18,37,0,0
55,10,1,17,35,4,9,4,9,0,0
55,11,5.36,513,1310,128,257,326,935,0,0
55,12,1,48,97,12,24,12,24,0,0
55,13,1,23,23,6,6,6,6,0,0
55,18,0.01,16,31,0,0,16,31,0,0
55,19,0.72,262,787,0,0,262,787,0,0
55,20,4.64,1957,4730,22,44,1892,4599,0,0
55,21,3.84,2324,6177,10,13,2292,6136,0,0
55,22,7.3,2482,4953,10,17,2453,4902,0,0
55,23,1.6,5974,17712,0,0,5974,17712,0,0
55,24,1.84,3600,13504,48,97,3455,13214,0,0
55,25,1.4,1186,3242,0,0,1186,3242,0,0
55,26,1.77,1591,3958,0,0,1591,3958,0,0
55,27,1.83,2376,8927,4,13,2364,8889,0,0
55,28,1.25,2329,6987,1,3,2326,6978,0,0
55,29,3,138,415,0,0,138,415,0,0
55,30,3.59,3660,17807,0,0,3660,17807,0,0
55,31,1.89,3292,9152,4,4,3281,9141,0,0
55,32,1.43,2115,6344,0,0,2115,6344,0,0
55,33,0.32,671,2540,0,0,671,2540,0,0
55,36,0.53,61,123,15,31,15,31,0,0
55,39,2,262,651,34,67,161,449,0,0
55,40,10.31,2388,8228,379,875,990,3319,0,0
55,41,27.92,2826,9748,1433,5082,961,3125,0,0
55,42,17.3,2272,9972,1963,8931,126,393,0,0
55,43,2,923,3208,560,2119,123,369,440,1759
55,44,7.99,2294,8084,1020,4393,1265,3673,0,0
55,45,6.46,1690,6282,0,0,1690,6282,0,0
55,46,3.14,1283,6486,169,675,1114,5812,0,0
55,47,36.09,3337,13546,1695,6312,776,3761,0,0
55,48,15.3,3710,14675,3427,13601,291,1064,0,0
55,49,10.43,3036,13218,2309,11012,603,1817,0,0
55,50,14.26,1327,6214,1148,5886,53,95,0,0
55,51,28,1812,4732,1438,4152,37,85,0,0
55,52,15.92,1912,4442,1864,4393,28,74,0,0
55,53,15.52,1383,4100,1261,3850,49,139,0,0
55,54,4.48,256,446,146,275,71,124,0,0
55,55,11.55,551,1434,457,1295,28,43,0,0
55,56,26.31,898,2551,691,2045,54,128,0,0
55,57,2,308,615,266,531,14,28,0,0
55,59,2.03,572,2221,143,555,143,555,504,2018
55,60,2.03,63,168,16,42,16,42,16,64
55,78,0.08,273,546,0,0,273,546,0,0
55,79,0.76,3648,7295,0,0,3648,7295,0,0
55,103,8.79,750,2088,743,2071,2,6,0,0
55,104,14,3064,7116,426,957,2465,5813,0,0
55,105,28.21,3003,7201,1851,4509,1077,2638,0,0
55,106,42.98,2937,6818,2313,5626,120,230,0,0
55,107,38.92,2258,6131,2042,5736,86,222,0,0
55,108,28.13,2302,6405,2197,6202,23,44,0,0
55,109,40.33,2410,5820,2045,4973,213,597,0,0
55,110,11.23,753,1509,590,1246,34,53,0,0
55,113,16.11,669,1816,669,1816,0,0,0,0
55,114,15.01,1036,2817,1036,2817,0,0,0,0
55,119,2.8,1450,2900,350,701,399,798,0,0
55,120,3.43,1219,1807,325,472,312,459,0,0
55,121,2.29,757,963,471,676,96,96,0,0
55,122,1.84,406,1810,0,0,406,1810,0,0
56,0,0.67,177,354,177,354,0,0,0,0
56,8,1,210,420,0,0,210,420,0,0
56,9,3.56,642,1744,629,1731,4,4,0,0
56,10,13.85,1873,3824,1302,2737,716,1414,0,0
56,11,13.85,1264,2955,1042,2618,116,154,0,0
56,12,3.25,439,1053,439,1053,0,0,0,0
56,15,3,1557,4367,145,145,1407,4217,0,0
56,16,3,825,1879,653,1363,57,172,0,0
56,17,0.02,7,15,0,0,7,15,0,0
56,18,4.88,3955,8164,4,4,3942,8151,0,0
56,19,1.25,2424,5813,0,0,2424,5813,0,0
56,20,5.09,2520,6490,38,70,2471,6410,0,0
56,21,4.1,1268,3797,4,4,1257,3786,0,0
56,22,5.13,2310,6099,5,5,2293,6083,0,0
56,23,3.68,2983,8045,3,3,2974,8036,0,0
56,24,3.62,2329,7378,18,33,2275,7280,0,0
56,25,3.53,3623,11326,3,3,3615,11319,0,0
56,26,2.5,1121,4160,0,0,1121,4160,0,0
56,27,2.4,2401,6857,5,5,2386,6842,0,0
56,28,3.72,1307,3895,3,3,1297,3885,0,0
56,29,1.99,4004,11999,0,0,4004,11999,0,0
56,30,0.03,80,179,0,0,80,179,0,0
56,31,1.51,2939,7275,0,0,2939,7275,0,0
56,32,2.42,2056,6126,5,5,2040,6110,0,0
56,33,0.94,1645,7997,1,1,1643,7995,0,0
56,34,3.81,3424,15640,22,22,3357,15572,0,0
56,35,0.01,18,91,0,0,18,91,0,0
56,40,1.99,137,248,112,223,0,0,0,0
56,41,3.7,212,563,159,469,45,86,0,0
56,42,4.71,263,914,188,746,64,134,0,0
56,44,2.57,793,2965,282,844,511,2121,0,0
56,45,4.75,1794,6318,54,107,1368,4906,0,0
56,46,2.74,1344,5319,217,811,0,0,0,0
56,47,4.76,716,3435,690,3323,9,37,0,0
56,48,25.58,3185,12316,2464,9724,187,678,219,657
56,49,16.34,1734,5032,1553,4726,284,615,0,0
56,50,19.39,2027,4334,1899,4013,97,318,0,0
56,51,12.77,1175,3022,1067,2793,248,599,0,0
56,52,10.16,1331,3981,883,2752,499,1487,0,0
56,53,5.48,739,2104,125,360,535,1589,0,0
56,54,6.55,289,717,196,515,23,43,0,0
56,55,16.46,1061,3382,1042,3333,6,16,0,0
56,56,8.78,300,944,257,867,6,17,0,0
56,57,3.39,785,1571,196,393,196,393,0,0
56,58,7.11,571,1073,143,268,143,268,0,0
56,59,1.63,638,1727,159,432,159,432,0,0
56,90,1,20,40,5,10,5,10,0,0
56,103,10.98,823,2305,812,2284,4,7,0,0
56,104,21.14,1836,4484,1603,4012,172,345,0,0
56,105,46.13,2765,6798,2143,5779,58,93,0,0
56,106,23.59,1920,5080,1817,4772,21,50,0,0
56,107,32.29,2081,5824,1873,5382,24,66,0,0
56,108,39.16,2151,6368,1938,5910,27,66,0,0
56,109,18.74,1115,3254,925,2774,34,93,0,0
56,112,15.31,1061,2365,1019,2314,0,0,0,0
56,113,38.23,2085,5076,1972,4920,28,57,0,0
56,114,15.7,963,2360,911,2205,0,0,0,0
56,115,0.44,6,6,6,6,0,0,0,0
56,119,3.89,1784,6272,104,209,1663,6029,0,0
56,120,6.66,2124,4276,536,1083,601,1278,0,0
56,121,3.4,1992,4889,498,1222,498,1222,0,0
56,122,1.84,1013,2951,210,630,383,1062,0,0
56,123,0.79,560,1322,140,331,140,331,0,0
57,0,5.06,472,1315,384,1060,9,23,0,0
57,1,2.05,307,779,307,779,0,0,0,0
57,2,0.21,54,163,54,163,0,0,0,0
57,8,2.07,78,134,78,134,0,0,0,0
57,9,5.35,350,735,255,640,22,22,0,0
57,10,9.89,952,2271,823,2021,113,226,0,0
57,11,3.25,253,610,208,519,15,30,0,0
57,12,0.29,59,118,59,118,0,0,0,0
57,16,0.02,147,440,0,0,147,440,0,0
57,17,1.73,7067,20846,0,0,7067,20846,0,0
57,18,1.87,3225,9646,0,0,3225,9646,0,0
57,19,0.96,3977,11610,0,0,3977,11610,0,0
57,20,6.6,1470,2753,185,365,1275,2378,0,0
57,21,5.48,2628,6428,49,147,2481,5987,0,0
57,22,2.84,3457,10298,91,273,3185,9480,0,0
57,23,3.8,3583,10428,1,1,3580,10425,0,0
57,24,5.93,1996,4799,69,195,1788,4214,0,0
57,25,4.65,4162,8373,41,78,4039,8140,0,0
57,26,1.2,4432,14714,1,2,4429,14708,0,0
57,27,1.52,8724,27155,0,0,8724,27155,0,0
57,28,2.39,1979,9932,5,5,1965,9918,0,0
57,29,4.26,2756,12808,24,42,2684,12682,0,0
57,30,2.52,707,2795,2,2,701,2790,0,0
57,31,3.72,2992,10772,47,47,2852,10631,0,0
57,32,0.17,613,2451,0,0,613,2451,0,0
57,33,1.92,1684,6637,8,8,1659,6612,0,0
57,34,1.79,2883,14334,0,0,2883,14334,0,0
57,35,0.8,554,2302,469,1875,85,427,0,0
57,40,11.99,2550,7691,13,38,2512,7576,0,0
57,41,16.51,1715,6155,1311,5251,346,726,0,0
57,42,3.06,1553,6216,0,0,1199,5155,354,1061
57,44,5.17,472,1552,446,1473,9,26,0,0
57,45,9.59,621,2051,558,1892,21,53,0,0
57,46,2.68,111,342,102,324,3,6,0,0
57,48,2.28,1742,9069,1189,6858,553,2211,0,0
57,49,5.22,2707,17174,2665,17089,55,172,0,0
57,50,14.77,1588,4770,1459,4549,98,294,0,0
57,51,7.52,692,1954,561,1706,78,161,0,0
57,52,4.6,278,786,183,550,87,261,0,0
57,53,4.04,224,696,172,578,0,0,0,0
57,54,15.09,1469,3821,1296,3348,29,86,0,0
57,55,3.4,425,1128,421,1115,1,4,0,0
57,56,2,374,1087,357,1070,0,0,0,0
57,57,1.8,381,761,95,190,95,190,0,0
57,58,0.56,478,957,0,0,478,957,0,0
57,59,0.44,368,737,0,0,368,737,0,0
57,103,1.59,214,428,214,428,31,61,0,0
57,104,20.87,1427,2981,905,2076,100,158,309,618
57,105,42.4,2569,6760,2349,6348,29,50,0,0
57,106,33.69,2347,5829,2045,5129,82,212,0,0
57,107,26.4,1643,4300,1405,3815,121,288,0,0
57,108,20.29,1196,3007,1061,2866,24,68,0,0
57,109,12.89,965,2319,923,2277,0,0,0,0
57,110,10.31,800,1585,661,1329,42,83,0,0
57,111,24.41,1794,4761,1794,4761,0,0,0,0
57,112,25.27,1629,4585,1588,4511,0,0,0,0
57,113,33,2109,5604,1957,5300,25,49,0,0
57,114,2.77,225,558,225,558,0,0,0,0
57,115,1.56,76,144,76,144,0,0,0,0
57,118,1.2,1566,3862,0,0,1566,3862,0,0
57,119,5.34,2802,7480,23,46,2734,7343,0,0
57,120,5.37,940,1739,513,1091,142,216,0,0
57,121,0.35,82,164,78,156,1,3,0,0
57,123,1.52,394,606,99,152,99,152,0,0
58,0,3.52,150,260,120,230,10,10,0,0
58,1,0.07,17,50,17,50,0,0,0,0
58,2,2.9,287,853,269,805,6,16,0,0
58,9,0.15,5,5,0,0,0,0,0,0
58,15,2.55,83,149,66,132,17,17,0,0
58,17,0.22,1996,5988,0,0,1996,5988,0,0
58,18,1.15,1160,3008,0,0,1160,3008,0,0
58,19,6.88,2298,5803,412,412,1886,5390,0,0
58,20,3.33,541,1096,0,0,540,1095,0,0
58,21,6.76,1973,5855,8,8,1950,5831,0,0
58,22,2.19,4160,12282,0,0,4160,12282,0,0
58,23,6.97,4048,10675,44,84,3915,10423,0,0
58,24,3.83,3936,11791,3,4,3928,11780,0,0
58,25,0.12,192,576,0,0,192,576,0,0
58,26,2.32,2333,9291,2,2,2326,9283,0,0
58,27,1.34,2588,8877,0,0,2588,8877,0,0
58,28,3.3,2809,7196,30,83,2726,6956,0,0
58,29,10.3,4125,11843,147,147,3779,11497,0,0
58,30,3.44,3120,13613,173,347,2947,13266,0,0
58,31,1.13,406,1196,116,213,255,947,0,0
58,32,0.77,2804,11217,0,0,2804,11217,0,0
58,33,1.01,2509,5046,0,0,2509,5046,0,0
58,34,1.5,578,2593,117,341,452,2243,0,0
58,35,2.19,1051,3024,1051,3024,0,0,0,0
58,40,0.01,1,3,0,0,1,3,0,0
58,41,3.13,1717,9976,1657,9796,50,151,0,0
58,42,0.95,971,3589,3,15,668,2671,301,903
58,43,2.53,166,403,140,351,9,17,0,0
58,44,22.9,1759,6510,1350,4776,131,567,0,0
58,45,24.61,1563,4680,1361,4332,35,49,0,0
58,46,4.45,260,507,243,487,1,2,0,0
58,47,18.42,1080,2584,1043,2522,11,20,0,0
58,48,13.35,1014,2226,980,2171,12,19,0,0
58,49,13.35,1132,2638,775,1831,269,569,0,0
58,50,26.98,1647,3888,1287,3170,97,263,0,0
58,51,23.69,1332,3111,1062,2615,60,123,0,0
58,52,25.31,2063,5451,1258,3294,297,1167,0,0
58,53,17.27,957,2436,807,2149,40,81,0,0
58,54,24.47,1502,3672,1176,3134,53,60,0,0
58,55,20.55,1635,5593,1459,5177,34,70,0,0
58,56,11.37,857,2352,657,1957,48,94,0,0
58,57,0.76,72,145,18,36,18,36,0,0
58,58,0.96,1634,4901,0,0,1634,4901,0,0
58,59,0.23,611,3453,0,0,611,3453,0,0
58,60,0.39,1696,3130,0,0,1696,3130,0,0
58,61,0.24,1152,1152,0,0,1152,1152,0,0
58,88,2.44,242,530,237,526,1,1,0,0
58,103,3.63,852,2422,752,2222,33,67,0,0
58,104,9.05,1321,3076,1207,2868,36,67,0,0
58,105,35.93,2132,5224,1915,4878,34,62,0,0
58,106,31.02,1891,4381,1760,4145,11,22,0,0
58,107,11.19,1278,4405,363,1010,794,3177,0,0
58,108,0.49,102,302,53,107,49,195,0,0
58,109,10.23,616,1291,616,1291,0,0,0,0
58,110,19.52,1090,3039,1037,2934,12,24,0,0
58,111,6.69,265,712,242,688,0,0,0,0
58,112,5.48,619,1467,619,1467,0,0,0,0
58,113,4.94,613,1962,613,1962,0,0,0,0
58,115,1.58,848,2146,99,199,550,1549,0,0
58,116,1.02,200,411,0,0,200,411,0,0
58,117,0.23,1002,5012,0,0,1002,5012,0,0
58,118,0.95,3505,11795,0,0,3505,11795,0,0
58,119,2.48,414,567,53,53,256,408,0,0
58,120,6.65,661,1615,661,1615,0,0,0,0
58,121,0.03,8,16,8,16,0,0,0,0
59,0,4.91,332,579,268,515,21,21,0,0
59,1,4.01,331,892,248,764,0,0,0,0
59,2,6.72,645,1556,461,1250,43,84,0,0
59,3,1.05,147,298,147,298,0,0,0,0
59,14,1.86,25,39,0,0,25,39,0,0
59,15,10.58,232,394,53,106,179,288,0,0
59,18,4.87,3938,12238,279,1345,3714,11267,0,0
59,19,4.48,1304,4489,124,215,1084,3997,0,0
59,20,1.97,248,632,50,94,136,388,0,0
59,21,0.02,13,29,0,0,13,29,0,0
59,22,5.89,2541,7898,17,17,2491,7848,0,0
59,23,3.36,2316,5637,0,0,2316,5637,0,0
59,24,2.1,1324,3963,147,438,884,2649,0,0
59,25,0.24,186,559,47,140,47,140,0,0
59,26,3.72,3254,5794,7,7,3234,5775,0,0
59,27,4.3,1616,4711,15,27,1573,4631,0,0
59,28,2.5,2532,5064,0,0,2532,5064,0,0
59,29,6.74,3891,12621,30,32,3800,12525,0,0
59,30,3.44,2368,9005,95,248,2082,8263,0,0
59,31,4.06,4900,14099,1,1,4897,14096,0,0
59,32,5.43,2504,8741,1,1,2499,8737,0,0
59,33,1.48,3473,10415,0,0,3471,10414,0,0
59,34,2.19,1462,4385,1462,4385,0,0,0,0
59,35,0.06,18,37,18,37,0,0,0,0
59,40,0.92,4741,14223,0,0,4741,14223,0,0
59,41,1.78,1139,4364,592,2960,428,1285,0,0
59,42,2.44,1740,9302,1740,9302,0,0,0,0
59,43,3.98,853,3170,853,3170,0,0,0,0
59,44,17,1950,6345,1833,6183,9,11,0,0
59,45,17.34,1564,4327,1387,3936,26,32,0,0
59,46,9.52,861,2127,759,1947,8,8,0,0
59,47,23.67,1506,3535,1450,3477,7,8,0,0
59,48,23.22,1850,3809,1618,3384,22,40,0,0
59,49,38.17,1891,4233,1549,3793,58,90,0,0
59,50,26.14,1786,5002,1669,4739,31,79,0,0
59,51,25.6,1771,4033,1584,3574,55,146,0,0
59,52,14.49,1193,3823,472,1450,648,2321,0,0
59,53,14.33,812,2065,757,1953,9,23,0,0
59,54,29.4,1302,3379,1043,2816,49,117,0,0
59,55,31.19,2173,5732,1684,4651,122,310,0,0
59,56,33.73,2027,4479,1645,3836,84,139,0,0
59,57,9.17,398,906,273,623,42,94,0,0
59,58,0.05,134,536,0,0,134,536,0,0
59,59,1.39,3983,19445,0,0,3983,19445,0,0
59,60,0.98,1751,3148,0,0,1751,3148,0,0
59,61,2.11,3372,3372,0,0,3372,3372,0,0
59,62,3.14,4566,4566,0,0,4566,4566,0,0
59,63,0.24,35,35,0,0,35,35,0,0
59,64,2.04,59,59,0,0,0,0,0,0
59,88,7.72,547,1603,513,1530,11,25,0,0
59,89,1,44,45,1,2,0,0,0,0
59,103,0.72,156,467,77,230,26,79,0,0
59,104,10.42,2066,4731,1832,4031,78,233,0,0
59,105,30.29,1912,4023,1705,3643,71,130,0,0
59,106,5.87,1929,10180,1028,8379,870,1740,0,0
59,107,3.74,1642,11258,1373,9994,490,2791,0,0
59,108,1.86,859,5071,810,4848,61,286,0,0
59,110,1,15,15,15,15,0,0,0,0
59,114,0.47,284,568,71,142,71,142,0,0
59,115,2.2,885,1768,217,434,234,467,0,0
59,117,4.34,3086,14074,113,453,3086,14074,0,0
59,118,6.28,1618,4453,99,259,1618,4453,0,0
59,119,1.77,474,1285,17,17,423,1234,0,0
59,120,6,490,1016,392,851,24,24,0,0
60,0,5.59,548,1043,419,914,43,43,0,0
60,1,5.99,307,517,203,397,13,19,0,0
60,2,6,775,2182,707,1978,23,68,0,0
60,3,4.12,618,1123,22,41,553,1001,0,0
60,4,1,18,18,4,4,4,4,0,0
60,7,1,221,662,0,0,221,662,0,0
60,8,1.97,241,241,241,241,0,0,0,0
60,19,1.69,6318,51235,0,0,6318,51235,0,0
60,20,1.78,4688,15276,0,0,4688,15276,0,0
60,21,0.97,1820,5460,0,0,1820,5460,0,0
60,22,0.76,1378,4010,0,0,1378,4010,0,0
60,23,5.52,3324,9901,9,9,3297,9874,0,0
60,24,5.69,2940,6723,14,14,2898,6680,0,0
60,25,5.16,3926,7684,6,6,3909,7668,0,0
60,26,2.94,2886,8912,2,2,2880,8905,0,0
60,27,5.71,2030,7948,8,8,2006,7924,0,0
60,28,4.34,455,818,75,94,319,625,0,0
60,29,6.12,4214,16058,117,205,3863,15444,0,0
60,30,3.64,1874,5240,1,1,1870,5236,0,0
60,31,5.51,1789,5622,18,32,1735,5525,0,0
60,32,5.84,1753,4638,6,8,1646,4434,0,0
60,33,2.85,1602,4330,853,2109,873,2477,0,0
60,34,1.06,996,2726,996,2726,2,3,0,0
60,41,3.07,988,2416,444,1871,0,0,0,0
60,42,3.76,1170,5274,1143,5220,0,0,0,0
60,43,3.58,1537,6928,1527,6878,0,0,0,0
60,44,28.92,1852,3709,1602,3255,31,60,0,0
60,45,15.24,1174,2988,1033,2664,31,84,0,0
60,46,5.59,473,1042,464,1032,3,3,0,0
60,47,32.83,1768,3092,1446,2747,70,78,0,0
60,48,27.07,1793,4067,1622,3849,27,35,0,0
60,49,26.22,1571,3544,1494,3424,17,29,0,0
60,50,24.42,1447,3658,1198,3113,85,188,0,0
60,51,16.78,1193,2698,944,2175,137,293,0,0
60,52,14.96,1596,5036,1178,4247,17,31,0,0
60,53,23.21,1250,2681,749,1764,84,209,0,0
60,54,25.75,1618,3540,1353,3095,40,87,0,0
60,55,26.74,1484,3974,1301,3700,35,64,0,0
60,56,36.75,1744,3950,1548,3571,37,88,0,0
60,58,1.29,1742,11448,0,0,1742,11448,0,0
60,59,1.09,3590,16906,0,0,3590,16906,0,0
60,60,2.22,2082,2082,0,0,2082,2082,0,0
60,61,5.11,2255,2255,0,0,2255,2255,0,0
60,62,2.54,2652,1989,662,0,1989,1989,0,0
60,63,1.11,5442,67,5375,0,67,67,0,0
60,64,7.23,2611,355,2256,0,0,0,0,0
60,87,0.64,71,213,71,213,0,0,0,0
60,88,10.24,1079,3031,1045,2939,10,30,0,0
60,89,0.83,123,370,123,370,0,0,0,0
60,92,1.65,418,835,0,0,418,835,0,0
60,104,16.07,945,2026,851,1849,13,23,0,0
60,105,31.7,2087,4666,1821,4177,40,76,0,0
60,106,3.72,1202,10441,1194,10432,0,0,0,0
60,107,3.35,1548,10824,1548,10824,0,0,0,0
60,108,3.21,837,3926,570,3404,4,4,0,0
60,114,0.73,339,678,85,169,85,169,0,0
60,116,3,205,411,205,411,0,0,0,0
60,117,4,270,617,244,591,6,7,0,0
60,118,4.93,482,1148,412,1008,99,199,0,0
60,119,10.07,736,1482,696,1442,16,16,0,0
60,120,2,101,304,101,304,0,0,0,0
60,127,1,195,195,49,49,49,49,0,0
61,2,2.96,132,149,117,121,6,11,0,0
61,3,7.92,3626,8531,21,41,3564,8407,0,0
61,7,0.64,203,610,0,0,203,610,0,0
61,8,2.38,1123,3282,81,159,1041,3124,0,0
61,17,3,293,425,173,305,40,40,0,0
61,19,0.16,453,1358,0,0,453,1358,0,0
61,20,1.12,5821,23005,0,0,5821,23005,0,0
61,21,0.23,3934,15736,0,0,3934,15736,0,0
61,22,2.86,801,801,0,0,801,801,0,0
61,23,5.63,1438,4108,10,10,1409,4080,0,0
61,24,6.99,1999,5291,8,8,1976,5268,0,0
61,25,3.81,2343,5068,3,3,2335,5060,0,0
61,26,1.76,5136,11733,0,0,5136,11733,0,0
61,27,1.9,2417,9381,0,0,2417,9381,0,0
61,28,5,1368,4003,13,13,1330,3965,0,0
61,29,5.82,2259,6480,9,9,2232,6452,0,0
61,30,4.47,4179,10226,4,4,4166,10213,0,0
61,31,2.7,3689,9767,115,115,3574,9652,0,0
61,32,4.6,1052,2830,5,14,1036,2787,0,0
61,33,5.84,2305,4316,952,1907,1486,2672,0,0
61,34,2.11,1841,4950,1841,4950,0,0,0,0
61,35,0.28,332,995,332,995,0,0,0,0
61,41,7.67,776,2666,634,2334,31,78,0,0
61,42,14.24,1291,4042,1237,3895,8,8,0,0
61,43,18.35,1758,5949,1237,4097,27,29,0,0
61,44,19.72,1782,4131,1751,4058,93,189,0,0
61,45,12.28,590,1512,499,1345,21,34,0,0
61,46,0.45,11,23,7,20,1,1,0,0
61,47,25.1,1987,4691,1889,4546,15,27,0,0
61,48,27.55,1712,4191,1512,3855,38,74,0,0
61,49,17.35,2417,7012,258,545,2153,6533,0,0
61,50,27.09,1707,4247,1231,3315,133,260,0,0
61,51,10.81,981,2603,816,2322,6,12,0,0
61,52,1.1,707,3536,707,3536,0,0,0,0
61,53,7.64,679,1814,643,1742,3,6,0,0
61,54,18.87,1145,2830,1021,2638,16,21,0,0
61,55,15.27,1306,3804,1215,3660,2,2,0,0
61,56,23.25,1636,4434,1432,4079,43,83,0,0
61,57,0.42,13,27,0,0,0,0,0,0
61,58,0.45,4014,32113,0,0,4014,32113,0,0
61,59,0.78,4145,26157,0,0,4145,26157,0,0
61,60,0.67,1342,1342,0,0,1342,1342,0,0
61,61,1.6,2318,2318,0,0,2318,2318,0,0
61,62,0.86,3032,13158,0,0,3032,13158,0,0
61,63,0.29,1065,4830,34,0,1031,4830,0,0
61,64,0.21,2213,0,54,0,2160,0,0,0
61,65,0.02,212,0,0,0,212,0,0,0
61,82,2.91,777,1772,592,1239,57,170,0,0
61,83,1.42,251,914,183,711,23,68,0,0
61,87,8.59,954,2024,790,1703,5,8,0,0
61,88,2.14,89,164,78,153,4,4,0,0
61,91,0.95,1896,1896,0,0,1896,1896,0,0
61,92,2.29,1179,2985,134,268,1179,2985,0,0
61,93,0.07,47,141,0,0,47,141,0,0
61,105,3.45,179,459,154,414,8,15,0,0
61,106,2.39,676,4780,676,4780,0,0,0,0
61,107,4.34,2132,11310,2132,11310,0,0,0,0
61,108,0.07,30,183,30,183,0,0,0,0
61,116,2,400,936,400,936,0,0,0,0
61,117,2,316,632,316,632,0,0,0,0
61,118,3,417,946,392,921,0,0,0,0
61,119,2,437,1312,437,1312,0,0,0,0
61,120,1,135,269,135,269,0,0,0,0
61,126,3.19,1242,1242,311,311,311,311,0,0
61,127,1,88,88,22,22,22,22,0,0
62,6,1.68,509,1043,469,924,0,0,0,0
62,7,2.15,643,1842,167,412,123,368,0,0
62,8,1,65,131,0,0,65,131,0,0
62,16,1.03,274,549,69,137,69,137,0,0
62,17,2.97,1278,3265,319,816,319,816,0,0
62,20,0.04,714,2856,0,0,714,2856,0,0
62,21,0.46,7789,31156,0,0,7789,31156,0,0
62,22,2.05,1158,4132,3,3,1148,4123,0,0
62,23,2.21,3444,13618,11,11,3410,13583,0,0
62,24,1.23,1433,3221,0,0,1433,3221,0,0
62,25,2.32,2122,6856,0,0,2122,6856,0,0
62,26,3.86,3213,9211,7,7,3191,9190,0,0
62,27,6.58,2390,7106,18,48,2337,6962,0,0
62,28,5.56,583,1275,11,11,550,1242,0,0
62,29,7.27,2030,6720,12,23,1039,2878,0,0
62,30,3.36,2118,5464,0,0,2118,5464,0,0
62,31,2.93,2444,7635,2,2,2439,7630,0,0
62,32,3.97,3031,8015,4,4,3020,8004,0,0
62,33,3.86,2377,7790,0,0,2377,7790,0,0
62,34,4.16,1907,6696,124,372,1783,6323,0,0
62,35,2.03,520,1489,494,1463,9,9,0,0
62,36,0.02,1,1,0,0,0,0,0,0
62,41,6.2,206,312,122,221,4,6,0,0
62,42,27.45,1754,4152,1579,3909,14,18,0,0
62,43,35.47,1682,4074,1489,3727,40,82,0,0
62,44,13.92,1281,3270,1249,3190,47,136,0,0
62,45,6.72,356,609,277,451,19,38,0,0
62,47,29.66,2187,4342,1981,3949,57,100,0,0
62,48,18.69,1684,3362,1051,2118,50,94,0,0
62,49,6.96,2948,6638,252,744,795,2094,0,0
62,50,9.1,1616,2598,639,1611,942,951,0,0
62,51,18.27,914,1914,735,1679,27,42,0,0
62,52,2.31,1141,5703,1141,5703,0,0,0,0
62,53,13.47,727,1751,589,1546,0,0,0,0
62,54,27.96,1535,4190,1383,3874,11,23,0,0
62,55,11.26,813,2643,768,2547,8,16,0,0
62,56,9.29,777,2531,640,2231,20,59,0,0
62,58,0.15,661,2642,0,0,661,2642,0,0
62,59,0.62,1206,7304,0,0,1206,7304,0,0
62,60,0.05,53,53,0,0,53,53,0,0
62,61,0.14,89,89,0,0,89,89,0,0
62,62,0.33,1215,3644,0,0,1215,3644,0,0
62,63,1.07,4675,8663,0,0,4675,8663,0,0
62,64,0.44,4691,0,0,0,4691,0,0,0
62,65,0.04,407,0,0,0,407,0,0,0
62,82,1.67,338,676,67,134,67,134,0,0
62,86,8.02,254,614,178,448,12,32,0,0
62,87,4.4,461,638,415,549,10,20,0,0
62,90,1.15,47,196,40,189,2,2,0,0
62,91,0.04,81,81,0,0,81,81,0,0
62,92,2,1518,4250,0,0,1518,4250,0,0
62,107,0.02,10,20,10,20,0,0,0,0
62,118,0.61,337,675,84,169,84,169,0,0
62,125,0.3,1287,1287,322,322,322,322,0,0
62,126,0.49,2071,2071,518,518,518,518,0,0
63,5,1.08,331,1258,23,23,309,1236,0,0
63,6,3.2,3624,16012,355,625,3048,14790,0,0
63,7,2.74,1301,4691,124,346,665,2660,0,0
63,15,4.49,469,894,469,894,0,0,0,0
63,16,1,17,17,4,4,4,4,0,0
63,22,0.32,5666,22662,0,0,5666,22662,0,0
63,23,0.41,7091,28366,0,0,7091,28366,0,0
63,24,1.91,1931,5974,0,0,1931,5974,0,0
63,25,3.19,1685,5972,105,314,1371,5030,0,0
63,26,3.06,2929,6185,20,40,2868,6064,0,0
63,27,6.23,1508,4533,9,9,1482,4506,0,0
63,28,8.64,3051,9335,197,560,2459,7654,0,0
63,29,7.87,1772,3506,10,10,1743,3477,0,0
63,30,4.52,3809,12099,0,0,3809,12099,0,0
63,31,4,3482,10899,14,28,3441,10817,0,0
63,32,2.41,4372,13443,7,7,4353,13423,0,0
63,33,5.14,3318,9808,82,176,3071,9281,0,0
63,34,2.28,1419,4257,11,34,1385,4156,0,0
63,35,2,305,594,4,4,293,582,0,0
63,42,25.93,1617,4076,1501,3902,9,13,0,0
63,43,28.93,2131,5187,2029,5031,30,44,0,0
63,44,33.34,1875,4262,1749,4083,23,29,0,0
63,45,9.86,590,1687,433,1358,15,35,0,0
63,46,1,302,905,0,0,0,0,0,0
63,47,19.24,1359,3241,1252,3104,28,38,0,0
63,48,23.12,1469,4294,1336,4031,29,73,0,0
63,49,4.05,931,2903,928,2897,1,2,0,0
63,50,18.12,1557,4265,1512,4176,10,20,0,0
63,51,12.09,1329,2975,862,2068,54,79,0,0
63,52,8.72,1494,6473,1444,6382,8,15,0,0
63,53,31.14,1963,4468,1801,4222,24,29,0,0
63,54,26.73,1603,3486,1421,3263,40,54,0,0
63,55,10.66,627,1631,473,1352,51,93,0,0
63,58,0.85,3710,14841,0,0,3710,14841,0,0
63,59,2.75,2530,18578,0,0,2530,18578,0,0
63,60,1.72,1028,4043,0,0,1028,4043,0,0
63,61,4.3,2366,2366,0,0,2366,2366,0,0
63,62,2,19,19,8,8,11,11,0,0
63,63,1.78,1323,3878,0,0,1323,3878,0,0
63,64,1.12,1296,9,0,0,1296,9,0,0
63,79,2,245,245,61,61,61,61,0,0
63,85,5.21,350,1248,284,1093,3,8,0,0
63,86,6.07,499,1187,373,902,19,50,0,0
63,87,0.92,67,67,0,0,0,0,0,0
63,90,4.64,1780,3567,595,1703,441,667,0,0
63,91,1.17,303,608,190,495,38,38,0,0
63,111,3,149,286,76,138,105,211,0,0
63,117,0.45,219,874,55,219,55,219,219,874
63,118,0.95,488,1518,122,380,122,380,271,1084
63,119,0.36,39,118,10,30,10,30,0,0
63,120,0.17,21,21,5,5,5,5,0,0
63,125,0.02,78,78,20,20,20,20,0,0
64,0,1,32,32,0,0,32,32,0,0
64,1,2,64,64,0,0,64,64,0,0
64,3,1,24,50,12,12,13,38,0,0
64,4,0.42,1167,4234,0,0,1167,4234,0,0
64,5,2.54,2779,10277,13,26,2739,10199,0,0
64,6,2.62,2381,11136,2,2,2375,11130,0,0
64,7,0.39,1060,4241,0,0,1060,4241,0,0
64,15,0.51,101,304,101,304,0,0,0,0
64,20,1,55,110,55,110,0,0,0,0
64,22,0.37,1084,4294,0,0,1084,4294,0,0
64,23,1.56,4269,16985,0,0,4269,16985,0,0
64,24,1.72,5530,17051,29,58,5443,16877,0,0
64,25,1.76,2300,6895,0,0,2300,6895,0,0
64,26,2.41,691,1193,0,0,691,1193,0,0
64,27,1.47,258,944,7,7,236,922,0,0
64,28,4.98,1774,5518,10,15,1744,5474,0,0
64,29,5.72,1540,4090,5,5,1525,4075,0,0
64,30,3.44,3602,11219,0,0,3602,11219,0,0
64,31,1.29,3472,13322,0,0,3472,13322,0,0
64,32,0.25,685,2169,1,1,683,2165,0,0
64,33,4.06,1292,3591,68,134,1087,3190,0,0
64,34,5.68,2348,7001,5,5,2332,6985,0,0
64,42,13.68,748,1699,685,1625,7,11,0,0
64,43,31.83,1778,3766,1560,3509,61,119,0,0
64,44,24.78,1747,4040,1543,3729,12,16,0,0
64,45,18.87,1547,4197,1323,3767,53,94,0,0
64,46,8.53,589,876,413,692,59,61,0,0
64,47,9.06,620,1351,592,1308,4,4,0,0
64,48,19.65,1565,3478,1541,3436,36,69,0,0
64,49,16.74,1524,3742,1508,3711,5,10,0,0
64,50,22.05,1496,2961,1094,2315,46,89,0,0
64,51,25.95,1558,3835,1367,3562,62,113,0,0
64,52,13.44,823,2192,763,2079,48,95,0,0
64,53,10.87,1318,3124,604,1741,641,1274,0,0
64,54,5.26,623,1577,621,1575,0,0,0,0
64,56,3.33,2346,6545,0,0,2346,6545,0,0
64,57,0.64,354,1053,0,0,354,1053,0,0
64,58,1.04,2783,17394,0,0,2783,17394,0,0
64,59,1.93,2750,20713,0,0,2750,20713,0,0
64,61,0.01,10,84,10,84,0,0,0,0
64,63,0.26,5127,20509,0,0,5127,20509,0,0
64,64,0.14,2640,10560,0,0,2640,10560,0,0
64,67,0.71,683,2730,171,683,171,683,0,0
64,68,0.06,61,245,15,61,15,61,0,0
64,78,1,80,80,20,20,20,20,0,0
64,84,7.07,385,1022,343,935,6,17,0,0
64,85,3.3,273,741,232,694,2,3,0,0
64,87,0.45,22,45,6,11,6,11,0,0
64,90,1,24,24,6,6,6,6,0,0
64,91,3.04,181,181,48,48,45,45,0,0
64,111,1,41,82,10,20,10,20,0,0
64,112,2.94,525,1071,32,64,419,965,106,106
64,113,2.2,388,888,45,142,237,711,142,142
64,118,1,50,50,50,50,0,0,0,0
64,119,1.64,155,296,18,53,103,138,0,0
64,120,0.83,103,103,26,26,26,26,0,0
64,123,1.45,549,549,137,137,137,137,0,0
64,124,1.55,2052,2052,513,513,513,513,0,0
65,2,3,203,553,188,522,5,10,0,0
65,4,1.82,2899,8697,0,0,2899,8697,0,0
65,5,4.16,2043,6187,0,0,2043,6187,0,0
65,6,1.16,3271,15983,0,0,3271,15983,0,0
65,23,0.09,967,2902,0,0,967,2902,0,0
65,24,0.35,4059,12178,0,0,4059,12178,0,0
65,25,0.27,6106,18318,0,0,6106,18318,0,0
65,26,5.6,4005,11589,9,11,3978,11556,0,0
65,27,2.84,4737,14190,3,3,4729,14182,0,0
65,28,0.58,422,1259,2,4,416,1246,0,0
65,29,1.84,2605,7783,4,4,2593,7772,0,0
65,30,7.43,1810,5236,5,5,1794,5221,0,0
65,31,5.63,2609,8563,0,0,2609,8563,0,0
65,32,2.32,4728,11651,0,0,4728,11651,0,0
65,33,2.89,4639,13781,0,0,4639,13781,0,0
65,34,1.74,223,709,0,0,223,709,0,0
65,35,1,2734,5684,0,0,2734,5684,0,0
65,42,3.32,182,529,176,517,2,4,0,0
65,43,38.03,2035,5573,1817,5077,56,151,0,0
65,44,28.16,1269,2903,1059,2585,21,37,0,0
65,45,26.28,1677,4432,1446,3858,34,77,0,0
65,46,15.65,862,1916,620,1530,40,81,0,0
65,48,31,1572,4425,1437,4124,45,100,0,0
65,49,14.62,925,3053,887,2959,13,31,0,0
65,50,9.34,1298,3308,1293,3300,1,2,0,0
65,51,25.84,1434,3244,1166,2759,37,59,0,0
65,52,18.51,1179,3358,1049,3037,34,91,0,0
65,53,9.51,947,2340,706,1821,117,354,0,0
65,54,5.32,401,1015,354,968,3,3,0,0
65,56,1.03,96,192,20,41,35,70,0,0
65,57,0.02,14,65,0,0,14,65,0,0
65,58,1.42,1497,8150,0,0,1497,8150,0,0
65,59,1.15,1860,14456,23,159,1842,14313,0,0
65,60,4.86,3447,21559,2195,16092,468,2127,0,0
65,61,0.14,127,845,106,802,7,14,0,0
65,62,0.15,789,3157,0,0,789,3157,0,0
65,63,0.47,7872,31489,0,0,7872,31489,0,0
65,64,0.13,2492,9963,0,0,2492,9963,0,0
65,67,2.06,1565,6261,391,1565,391,1565,0,0
65,68,1.17,915,3661,229,915,229,915,0,0
65,77,3.2,1606,3211,0,0,1606,3211,0,0
65,78,2.64,2290,4581,45,90,2156,4312,0,0
65,79,2.02,92,174,23,43,23,43,0,0
65,81,2,94,188,39,79,0,0,0,0
65,82,9.54,774,1839,733,1764,14,25,0,0
65,83,6.8,688,1576,663,1526,8,15,0,0
65,84,5.38,476,1170,396,980,4,8,0,0
65,85,5.97,377,840,111,318,11,18,0,0
65,86,0.03,8,16,0,0,0,0,0,0
65,87,1.55,76,152,19,38,19,38,0,0
65,88,3,134,183,33,46,33,46,0,0
65,89,3,136,184,34,46,34,46,0,0
65,90,1,41,41,10,10,10,10,0,0
65,96,0.8,718,2154,180,539,180,539,0,0
65,97,0.2,182,546,45,136,45,136,0,0
65,98,2.42,250,487,23,42,182,360,0,0
65,112,3.9,313,650,141,342,73,133,0,0
65,113,10.69,794,2099,522,1405,63,176,194,583
65,120,0.39,663,663,166,166,166,166,0,0
66,2,1.4,125,339,5,5,111,325,0,0
66,3,3.6,550,1606,3,3,541,1597,0,0
66,4,2.84,1166,3499,0,0,1166,3499,0,0
66,5,6.81,3168,10933,2,5,3161,10918,0,0
66,6,0.6,330,1267,0,0,330,1267,0,0
66,24,0.08,1831,5492,0,0,1831,5492,0,0
66,25,0.39,8835,26504,0,0,8835,26504,0,0
66,26,0.14,3055,10167,0,0,3055,10167,0,0
66,27,2.11,3036,11799,11,20,3003,11739,0,0
66,28,1.59,1135,6644,0,0,1135,6644,0,0
66,29,1.22,5121,19175,0,0,5121,19175,0,0
66,30,1.68,3402,11573,0,0,3402,11573,0,0
66,31,6.87,2847,9110,1,1,2843,9107,0,0
66,32,2.55,2960,11139,0,0,2960,11139,0,0
66,33,6.71,2392,8244,176,497,1865,6752,0,0
66,34,1.17,7972,23807,0,0,7972,23807,0,0
66,35,2.12,5521,16582,0,0,5521,16582,0,0
66,38,3.82,238,866,210,833,3,5,0,0
66,39,2.99,280,1004,274,979,2,8,0,0
66,43,29.63,1323,3001,770,1992,248,463,0,0
66,44,8.74,854,1834,395,855,152,325,0,0
66,45,17.55,1092,2776,1052,2695,10,21,0,0
66,46,32.72,1451,3248,1286,3026,35,47,0,0
66,47,1.18,55,109,6,13,6,13,0,0
66,48,4.62,542,1247,527,1232,5,5,0,0
66,49,24.98,1601,3782,1361,3400,74,151,0,0
66,50,12.42,1117,2854,1024,2701,19,34,0,0
66,51,20.96,1420,3473,1051,2663,20,35,0,0
66,52,21.7,1417,3546,1216,3101,33,94,0,0
66,53,13.56,972,3957,884,3755,20,58,0,0
66,54,2,194,628,148,443,0,0,0,0
66,55,3,129,253,78,203,0,0,0,0
66,58,1.32,1367,3680,109,327,1367,3680,0,0
66,59,1.37,3375,23377,197,591,3375,23377,0,0
66,60,0.71,3852,23114,0,0,3852,23114,0,0
66,61,0.4,2714,13572,0,0,2714,13572,0,0
66,62,1.84,1827,8696,54,163,1664,8207,0,0
66,63,0.73,1446,5784,0,0,1446,5784,0,0
66,64,1.11,1013,2927,0,0,1013,2927,0,0
66,74,1.75,185,369,13,27,144,288,0,0
66,75,0.25,43,85,0,0,43,85,0,0
66,76,2.77,112,221,28,55,28,55,0,0
66,77,6.93,1499,4208,246,803,762,1797,0,0
66,78,2.23,3931,7851,383,763,2782,5561,0,0
66,79,0.21,458,916,114,229,114,229,0,0
66,80,7.63,361,875,337,808,8,22,0,0
66,81,6.83,589,1610,587,1607,1,1,0,0
66,82,22.91,1115,2380,927,2091,34,50,0,0
66,83,12.48,794,1481,565,890,74,192,0,0
66,84,4.25,138,381,109,320,9,20,0,0
66,85,1,110,220,110,220,0,0,0,0
66,90,1.54,428,1285,196,587,78,233,0,0
66,91,2.64,2046,6000,266,691,1494,4418,0,0
66,98,2.58,579,1514,89,267,312,714,0,0
66,110,1.25,114,124,36,46,26,26,0,0
66,111,2.75,874,1959,235,522,213,479,0,0
66,113,7.22,664,1419,493,1008,57,137,0,0
66,114,4.05,254,633,231,600,3,6,0,0
66,118,1.32,70,113,7,7,50,93,0,0
66,120,1.61,1458,1458,364,364,364,364,0,0
67,1,1,13,38,3,9,3,9,0,0
67,2,1.77,1156,4339,0,0,1156,4339,0,0
67,3,3.03,1887,6947,0,0,1887,6947,0,0
67,4,1.95,1319,4056,0,0,1319,4056,0,0
67,5,2.87,2351,9308,2,2,2345,9302,0,0
67,10,0.99,115,230,115,230,0,0,0,0
67,11,8.03,668,1457,600,1316,63,135,0,0
67,12,2.29,66,132,47,95,2,5,0,0
67,13,13.81,1298,2793,1114,2430,58,114,0,0
67,23,2,426,549,0,0,0,0,0,0
67,25,1.02,658,2150,0,0,658,2150,0,0
67,26,0.38,8564,34257,0,0,8564,34257,0,0
67,27,0.88,7297,29181,11,22,7264,29115,0,0
67,28,0.44,986,5916,0,0,986,5916,0,0
67,29,1.64,2851,10899,0,0,2851,10899,0,0
67,30,2.04,2832,8859,0,0,2831,8858,0,0
67,31,4.17,2733,8156,6,6,2714,8137,0,0
67,32,3.69,4370,11436,3,3,4361,11428,0,0
67,33,1.17,2682,7809,0,0,2682,7809,0,0
67,34,0.22,10000,30000,0,0,10000,30000,0,0
67,35,0.16,7118,21354,0,0,7118,21354,0,0
67,36,0.02,1090,3269,0,0,1090,3269,0,0
67,37,3.03,315,731,315,731,0,0,0,0
67,38,25.62,1569,3655,1398,3428,48,67,0,0
67,39,24.71,1347,3722,1087,3281,40,90,0,0
67,40,13.81,746,2348,682,2278,4,6,0,0
67,41,24.51,1534,3314,1421,3190,25,29,0,0
67,42,22.22,1020,2412,847,2180,44,100,0,0
67,43,3,321,642,263,525,20,39,0,0
67,44,4.88,99,167,24,42,13,19,0,0
67,45,11.96,682,1644,621,1551,15,21,0,0
67,46,29.92,1534,3778,1389,3555,23,33,0,0
67,47,4.82,309,612,3,4,3,4,0,0
67,48,10.26,494,1381,405,1195,24,52,0,0
67,49,20.21,1321,3685,1169,3439,22,43,0,0
67,50,32.67,1552,3234,1174,2632,37,61,0,0
67,51,19.82,1280,3570,896,2749,151,338,0,0
67,52,13.71,1005,2755,907,2570,23,42,0,0
67,53,6.15,463,1249,414,1163,4,4,0,0
67,55,1,25,49,0,0,25,49,0,0
67,57,1.77,483,940,0,0,483,940,0,0
67,58,4.37,1793,11493,0,0,1793,11493,0,0
67,59,1.35,2898,19551,0,0,2898,19551,0,0
67,60,0.23,1348,7585,0,0,1348,7585,0,0
67,61,0.18,1208,6038,0,0,1208,6038,0,0
67,62,1.51,860,4136,8,25,835,4061,0,0
67,76,7.13,540,1541,203,427,298,1070,0,0
67,77,4.01,219,334,21,33,158,235,0,0
67,78,1,7,7,2,2,2,2,0,0
67,80,26.17,1298,3349,1218,3204,18,33,0,0
67,81,16.86,1181,2863,1139,2777,7,15,0,0
67,82,24.41,1014,2214,864,2009,14,23,0,0
67,83,18.07,1188,2963,832,2182,127,339,0,0
67,84,4.72,187,432,91,240,32,64,0,0
67,85,1.1,24,48,6,12,6,12,0,0
67,91,7.11,1707,3634,978,2241,938,1819,0,0
67,92,0.72,41,41,0,0,41,41,0,0
67,111,3.13,343,728,235,549,13,13,0,0
67,112,2.37,165,391,160,387,1,1,0,0
67,113,5,617,1896,573,1852,8,8,0,0
67,114,3,308,584,284,560,8,8,0,0
67,117,0.86,176,352,0,0,176,352,0,0
67,118,4.83,4063,7902,0,0,4063,7902,0,0
67,120,1,41,41,10,10,10,10,0,0
68,1,1.01,138,286,33,66,38,87,0,0
68,2,3.88,2458,6298,0,0,2458,6298,0,0
68,3,2.8,2934,10403,0,0,2934,10403,0,0
68,4,8,1415,4331,0,0,1415,4331,0,0
68,11,5.5,327,809,307,770,7,13,0,0
68,12,55.31,3305,7404,2781,6334,80,155,0,0
68,13,33.65,2484,5238,2063,4584,104,216,0,0
68,14,1.97,179,452,115,325,21,43,0,0
68,23,1.29,1939,5916,67,267,234,601,0,0
68,24,1.77,3321,13283,830,3321,830,3321,0,0
68,25,0.01,22,88,6,22,6,22,0,0
68,26,0.1,2329,9315,0,0,2329,9315,0,0
68,27,0.23,3890,12537,0,0,3890,12537,0,0
68,28,0.25,3956,11868,0,0,3956,11868,0,0
68,29,1.62,2307,8028,0,0,2307,8028,0,0
68,30,0.96,3269,11614,0,0,3269,11614,0,0
68,31,1.33,2186,5631,0,0,2186,5631,0,0
68,32,5.1,2252,6215,22,22,2186,6149,0,0
68,33,0.28,4400,17099,0,0,4400,17099,0,0
68,34,0.37,8486,29422,0,0,8486,29422,0,0
68,35,0.24,2417,7251,0,0,2417,7251,0,0
68,36,1.8,1235,3705,0,0,1235,3705,0,0
68,37,4.44,387,913,375,900,1,1,0,0
68,38,30.82,1952,4478,1601,4012,107,193,0,0
68,39,24.4,1659,4212,1505,3940,25,54,0,0
68,40,2.97,495,1183,279,751,23,46,0,0
68,41,30.69,2080,5328,1644,4556,49,71,0,0
68,42,38.01,1986,5080,1518,4410,87,136,0,0
68,43,20.51,1506,3874,1016,2556,149,425,0,0
68,44,38.11,1833,4076,1613,3730,79,183,0,0
68,45,28.85,1624,3722,1380,3319,60,113,0,0
68,46,21.12,1157,2662,917,2240,87,173,0,0
68,47,0.02,10,52,10,52,0,0,0,0
68,48,21.4,1809,6023,1623,5680,4,8,0,0
68,49,21.93,1609,3869,1527,3774,4,4,0,0
68,50,25.9,1608,4252,1326,3682,42,115,0,0
68,51,21.3,1443,3091,1156,2735,134,149,0,0
68,52,12.27,1406,2752,883,1958,175,265,0,0
68,53,8.2,551,1140,406,827,43,99,0,0
68,54,1,75,224,75,224,0,0,0,0
68,55,2.87,2680,5360,305,611,305,611,0,0
68,57,5.71,2364,5385,0,0,2364,5385,0,0
68,58,6.34,2077,4863,0,0,2077,4863,0,0
68,59,1.71,3157,22826,0,0,3157,22826,0,0
68,60,2.77,1377,5416,0,0,1377,5416,0,0
68,61,1.41,3063,12252,0,0,3063,12252,0,0
68,75,1.1,131,286,131,286,0,0,0,0
68,76,9.82,1922,7139,262,776,1251,4914,110,548
68,77,2.94,1616,7447,43,129,856,3905,631,3153
68,80,16.31,910,1938,849,1846,7,15,0,0
68,81,22.29,1413,3747,1319,3600,21,47,0,0
68,82,23.57,1598,3525,1371,3141,20,37,0,0
68,83,25.73,1513,3824,1095,2926,67,129,0,0
68,84,16.34,692,1314,551,1113,40,60,0,0
68,85,2,51,51,13,13,13,13,0,0
68,91,0.14,18,18,4,4,4,4,0,0
68,92,0.86,108,108,27,27,27,27,0,0
68,109,1,32,192,8,48,8,48,32,192
68,110,3.25,161,454,125,376,2,7,0,0
68,111,7.35,586,1373,496,1201,14,26,0,0
68,112,6.19,356,760,135,390,23,61,0,0
68,113,1.58,289,665,72,166,72,166,0,0
68,117,0.27,40,79,0,0,40,79,0,0
68,118,3.73,202,391,5,7,186,369,0,0
68,121,1,32,32,8,8,8,8,0,0
69,0,2.43,656,1312,656,1312,0,0,0,0
69,1,2.9,542,1975,307,898,217,1301,217,1301
69,2,0.08,63,63,0,0,63,63,0,0
69,3,1.38,1018,2708,0,0,1018,2708,0,0
69,12,9.04,840,2281,521,1474,106,269,0,0
69,13,20.22,2133,5464,1266,3314,275,703,0,0
69,14,13.28,928,1864,907,1816,7,16,0,0
69,15,1.69,109,217,109,217,0,0,0,0
69,22,6.43,952,1129,138,138,537,714,0,0
69,23,1.65,1608,4921,145,579,1162,3149,0,0
69,24,1.96,2820,11187,29,116,2733,10839,0,0
69,25,1.46,1035,3873,5,5,1020,3858,0,0
69,26,0.43,293,586,0,0,293,586,0,0
69,27,0.32,4924,14771,0,0,4924,14771,0,0
69,28,0.24,3706,11119,0,0,3706,11119,0,0
69,29,0.67,2667,9464,0,0,2667,9464,0,0
69,30,0.67,2253,8398,0,0,2253,8398,0,0
69,31,3.93,2656,5302,6,9,2639,5276,0,0
69,32,2.84,3316,8986,1,1,3312,8982,0,0
69,33,3.2,3517,14154,0,0,3517,14154,0,0
69,34,0.93,3591,17039,0,0,3591,17039,0,0
69,35,0.09,114,458,0,0,114,458,0,0
69,37,10.42,566,1084,521,1039,10,10,0,0
69,38,26.44,1554,4001,1366,3726,60,131,0,0
69,39,22.7,1607,5452,1385,5230,19,19,0,0
69,40,19.47,842,1900,685,1604,33,69,0,0
69,41,28.95,1476,4400,1263,4031,22,43,0,0
69,42,29.62,1726,3976,1480,3529,25,48,0,0
69,43,22.8,1733,4052,1276,3020,286,662,0,0
69,44,42.59,2251,5464,1759,4569,59,97,0,0
69,45,30.99,2273,5654,2048,5183,114,274,0,0
69,46,8.88,755,1528,332,707,403,812,0,0
69,47,1.8,1088,5372,1088,5372,0,0,0,0
69,48,30.06,1939,4698,1803,4472,35,53,0,0
69,49,18.47,2028,5379,1609,3901,342,1333,0,0
69,50,36.74,2030,3966,1674,3440,70,142,0,0
69,51,11.66,1419,3683,1352,3615,35,60,0,0
69,52,15.72,1377,3341,1166,3059,20,26,0,0
69,53,5.82,463,1239,365,959,0,0,0,0
69,55,0.13,47,95,12,24,12,24,0,0
69,56,0.69,2948,17689,0,0,2948,17689,0,0
69,57,1.37,3250,20882,0,0,3250,20882,0,0
69,58,1.82,3181,16816,0,0,3181,16816,0,0
69,59,4.82,2579,13177,0,0,2579,13177,0,0
69,60,3.81,2287,6422,86,173,2028,5904,0,0
69,61,2.1,1448,4377,21,41,1387,4254,0,0
69,75,0.18,18,70,4,18,4,18,18,70
69,76,9.74,794,1739,150,401,470,984,82,327
69,77,15.09,557,1274,472,1152,43,70,0,0
69,78,1.35,49,112,44,107,2,2,0,0
69,79,8.45,553,1554,476,1424,62,101,0,0
69,80,12.92,891,1900,791,1782,64,70,0,0
69,81,18.55,1487,3445,1455,3374,33,91,0,0
69,82,53.85,2347,5518,1760,4425,155,271,0,0
69,83,42.37,2066,5194,1765,4502,166,370,0,0
69,84,2.43,186,580,186,580,0,0,0,0
69,86,0.04,30,30,0,0,30,30,0,0
69,104,1.15,367,1096,110,328,363,1087,0,0
69,105,9.47,1305,2817,664,1478,701,1645,0,0
69,106,0.36,44,89,44,89,0,0,0,0
69,107,1.34,173,453,107,320,0,0,0,0
69,108,2,584,2334,106,426,106,426,426,1702
69,109,7.23,577,1274,515,1156,14,26,0,0
69,110,4.31,412,1161,347,1031,56,167,0,0
69,111,2.73,500,1725,496,1721,0,0,0,0
69,112,11.02,774,2201,565,1651,22,52,0,0
70,0,0.23,31,63,22,44,3,6,0,0
70,1,1.44,94,226,53,145,14,27,0,0
70,12,6.26,955,2265,681,1578,92,229,0,0
70,13,16.19,1326,2435,1268,2362,9,14,0,0
70,14,18.2,1605,3459,1605,3459,0,0,0,0
70,15,16.7,2182,4070,417,834,1687,3158,0,0
70,16,2.64,401,507,142,197,224,241,0,0
70,18,1.01,45,438,12,111,11,109,0,0
70,21,1.08,344,689,0,0,344,689,0,0
70,22,6.66,1661,4524,137,401,1552,4231,0,0
70,23,1.79,1901,5944,0,0,1901,5944,0,0
70,24,1.63,2800,9216,0,0,2800,9216,0,0
70,25,4.77,3292,11350,9,14,3266,11308,0,0
70,26,1.78,454,956,0,0,454,956,0,0
70,28,1,35,35,9,9,9,9,0,0
70,29,0.65,2704,10765,0,0,2704,10765,0,0
70,30,2.2,2272,7003,6,6,2255,6985,0,0
70,31,0.96,1721,6876,0,0,1721,6876,0,0
70,32,2.83,2299,7514,0,0,2299,7514,0,0
70,33,5.47,2617,8650,8,8,2592,8626,0,0
70,34,5.09,3851,9365,5,5,3834,9349,0,0
70,35,7.06,3779,10906,38,67,3666,10703,0,0
70,36,2.05,1863,3725,0,0,1863,3725,0,0
70,37,14.48,1104,2618,1037,2551,18,18,0,0
70,38,17.93,1027,2133,965,2054,5,10,0,0
70,39,22.21,1436,5269,1253,5053,25,36,0,0
70,40,10.25,586,1365,502,1281,9,9,0,0
70,41,33.97,2121,4743,1934,4521,40,45,0,0
70,42,26.49,1725,4194,1424,3751,24,38,0,0
70,43,39.5,1714,3829,1254,3115,167,304,0,0
70,44,30,1862,3986,1622,3646,114,176,0,0
70,45,30.13,1650,3990,1502,3840,49,49,0,0
70,46,20.89,1507,3630,1274,3216,44,77,0,0
70,47,14.54,1383,3954,1336,3875,6,8,0,0
70,48,22.89,1657,3899,1332,3234,60,139,0,0
70,49,17.59,2299,5736,1354,3600,998,2243,0,0
70,50,24.45,1729,3791,1405,3162,255,673,0,0
70,51,22.18,1912,4493,1380,3349,145,329,0,0
70,52,13.51,985,2376,834,2040,22,54,0,0
70,56,2.78,871,3663,0,0,871,3663,0,0
70,57,2.94,2657,7684,0,0,2657,7684,0,0
70,58,0.96,6177,27530,0,0,6177,27530,0,0
70,59,6.07,5302,25377,0,0,5302,25377,0,0
70,60,2.31,1867,7845,0,0,1867,7845,0,0
70,72,0.46,194,389,0,0,194,389,0,0
70,74,3,111,128,40,44,24,28,0,0
70,75,1,17,33,4,8,4,8,0,0
70,76,4.37,291,631,270,579,7,17,0,0
70,77,3.63,145,310,97,259,16,17,0,0
70,78,1.9,316,831,316,831,0,0,0,0
70,79,13.61,425,845,251,638,23,23,0,0
70,80,26.03,1668,3969,1414,3555,39,58,0,0
70,81,18.51,1554,3010,1270,2615,67,124,0,0
70,82,32.57,1995,5261,1579,4290,218,622,0,0
70,83,25,1209,2689,984,2282,156,343,0,0
70,85,7.19,439,582,243,386,61,61,0,0
70,86,1.77,800,800,50,50,675,675,0,0
70,102,3.36,2256,3239,20,39,2198,3122,0,0
70,103,1.27,434,530,24,48,361,385,0,0
70,104,9.42,988,1648,406,604,447,1106,0,0
70,105,0.89,1679,4874,504,1462,1679,4874,0,0
70,106,1,6,6,2,2,2,2,0,0
70,107,2.28,224,529,24,68,24,68,0,0
70,108,5.15,264,557,255,548,3,3,0,0
70,109,5.79,440,968,347,782,2,3,0,0
70,110,6.86,795,2246,656,1976,36,71,0,0
70,111,7.96,533,908,395,719,6,11,0,0
70,112,1.23,116,271,116,271,0,0,0,0
71,4,0.46,44,131,0,0,44,131,0,0
71,5,0.54,51,152,0,0,51,152,0,0
71,13,11.41,1207,2205,1101,1996,5,10,0,0
71,14,27.04,1498,3324,1481,3297,6,9,0,0
71,15,5.39,1101,2052,0,1,983,1933,0,0
71,16,10.11,1230,2409,367,710,396,772,0,0
71,17,1.86,1555,3791,0,0,1555,3791,0,0
71,18,0.99,72,143,72,143,0,0,0,0
71,23,2.11,1416,4233,68,200,1213,3635,0,0
71,24,3.25,1965,6217,82,246,1719,5478,0,0
71,25,1.5,5441,19082,0,0,5441,19082,0,0
71,26,1.45,644,2857,0,0,644,2857,0,0
71,27,3.68,873,2182,0,0,873,2182,0,0
71,29,0.22,402,1206,0,0,402,1206,0,0
71,30,2.88,3892,12648,5,5,3877,12633,0,0
71,31,1.54,1954,7451,1,1,1952,7449,0,0
71,32,4.31,1888,5728,4,4,1875,5716,0,0
71,33,0.71,4483,13468,0,0,4483,13468,0,0
71,34,2.08,2203,8575,62,62,2130,8502,0,0
71,35,2.11,4054,14800,0,0,4054,14800,0,0
71,36,2.94,3251,8330,0,0,3251,8330,0,0
71,37,19.79,919,1747,763,1578,33,38,0,0
71,38,13.88,624,1209,552,1109,15,24,0,0
71,39,22.83,1395,4445,1311,4361,16,16,0,0
71,40,7.16,499,1128,381,941,1,1,0,0
71,41,38.94,1921,3767,1684,3518,29,33,0,0
71,42,45.76,2234,4508,1837,3950,99,153,0,0
71,43,31.87,1941,4446,1498,3747,90,212,0,0
71,44,22.39,2206,5579,1150,2969,632,1642,0,0
71,45,27.5,1977,4518,1741,4178,6,7,0,0
71,46,18.52,1400,3474,1269,3263,18,27,0,0
71,47,34.74,1858,4210,1493,3649,103,177,0,0
71,48,9.87,1342,3782,899,2818,357,753,0,0
71,49,11.27,1615,4630,1483,4314,2,5,0,0
71,50,8.93,1455,3937,519,1325,961,2699,0,0
71,51,23.44,1629,4495,1372,4021,120,257,0,0
71,52,13.35,977,2026,896,1942,18,18,0,0
71,55,0.02,23,93,0,0,23,93,0,0
71,56,3.45,1901,7995,0,0,1901,7995,0,0
71,57,5.34,2898,7458,0,0,2898,7458,0,0
71,58,4.08,5596,29330,0,0,5596,29330,0,0
71,59,3.57,5401,33377,0,0,5401,33377,0,0
71,60,0.72,1138,5390,0,0,1138,5390,0,0
71,63,2,977,1953,0,0,977,1953,0,0
71,72,3.62,1082,2164,0,0,1082,2164,0,0
71,73,0.92,508,1015,0,0,508,1015,0,0
71,76,5,271,928,225,846,6,18,0,0
71,77,8.49,622,2097,592,2010,10,29,0,0
71,78,6.26,330,741,243,605,17,34,0,0
71,80,14.2,712,1268,635,1174,7,7,0,0
71,81,25.68,2279,5370,1309,3217,995,2337,0,0
71,82,37.6,2371,6597,1511,4436,429,964,335,1006
71,83,10.47,603,970,549,917,9,9,0,0
71,85,2.18,472,909,2,2,466,903,0,0
71,86,0.19,15,15,0,0,15,15,0,0
71,102,7.52,1168,2942,463,1383,594,1239,0,0
71,103,6.84,537,968,309,673,109,165,0,0
71,104,16.11,2646,2674,748,776,633,633,0,0
71,105,3.61,528,1052,417,942,37,37,0,0
71,106,3.06,107,127,34,54,24,24,0,0
71,107,2.82,491,1181,359,881,148,309,0,0
71,108,2.7,1093,1350,443,701,650,650,0,0
71,110,2,145,280,138,273,2,2,0,0
71,116,0.24,97,97,24,24,24,24,0,0
71,117,1.91,247,247,62,62,62,62,0,0
71,118,0.09,21,21,5,5,5,5,0,0
72,4,0.18,18,35,0,0,18,35,0,0
72,5,0.82,81,161,0,0,81,161,0,0
72,12,0.11,12,36,12,36,0,0,0,0
72,13,16.46,1245,2687,1143,2576,24,27,0,0
72,14,9.43,781,1895,777,1891,2,2,0,0
72,15,6.14,415,993,411,987,1,2,0,0
72,16,2.18,156,306,119,196,12,37,0,0
72,17,2.47,406,681,137,206,90,158,0,0
72,23,1,8,8,2,2,2,2,0,0
72,24,0.06,28,83,0,0,28,83,0,0
72,25,0.39,1535,4605,0,0,1535,4605,0,0
72,26,6.88,3206,36737,0,0,3206,36737,0,0
72,27,2,171,479,0,0,171,479,0,0
72,30,1.71,2431,9699,2,2,2425,9692,0,0
72,31,2.13,1828,6040,1,1,1824,6036,0,0
72,32,1.08,2173,8343,0,0,2173,8343,0,0
72,33,6.27,3249,10561,72,72,3032,10343,0,0
72,34,3.49,2117,5248,673,673,1444,4575,0,0
72,35,1.63,3692,14768,0,0,3692,14768,0,0
72,36,2.23,1311,5635,0,0,1311,5635,0,0
72,37,37.85,2112,5207,1754,4629,87,116,0,0
72,38,3.97,171,399,113,336,11,34,0,0
72,39,25.25,1975,5584,1821,5400,65,202,0,0
72,40,12.74,797,2145,628,1897,17,22,0,0
72,41,27.42,1507,3179,1341,2977,69,79,0,0
72,42,30.83,1875,3828,1483,2958,88,225,0,0
72,43,21.56,1613,3472,1256,2990,80,121,0,0
72,44,27.64,1791,4047,1451,3323,144,351,0,0
72,45,31.3,2139,4413,2017,4253,22,35,0,0
72,46,17.19,1404,3718,1315,3618,10,13,0,0
72,47,25.34,1623,3708,1260,3119,36,58,0,0
72,48,22.68,1560,4094,1463,3903,15,27,0,0
72,49,22.85,1599,4091,1451,3841,21,28,0,0
72,50,13.36,1274,4119,829,2636,406,1481,0,0
72,51,11.76,1342,3375,529,1741,740,1482,0,0
72,52,10.41,791,2022,679,1853,29,40,0,0
72,54,1.43,372,744,112,223,372,744,0,0
72,55,3.58,810,3241,0,0,810,3241,0,0
72,56,5.55,2622,10768,0,0,2622,10768,0,0
72,57,4.15,4023,11858,0,0,2714,6620,0,0
72,58,3.44,4466,14438,341,681,4444,14347,0,0
72,59,1.47,4991,16801,779,1558,4991,16801,0,0
72,72,1,124,247,0,0,124,247,0,0
72,74,5.12,236,407,121,210,38,66,0,0
72,75,2.88,439,878,342,684,32,65,0,0
72,77,7.91,299,728,237,580,21,49,0,0
72,78,15.73,1336,3429,1276,3312,82,225,0,0
72,79,1.62,128,372,124,368,1,1,0,0
72,81,7.23,1088,3276,262,808,970,2930,0,0
72,82,12.87,1751,4683,704,1785,741,2100,0,0
72,83,12.8,1557,3637,1534,3614,48,48,0,0
72,84,0.93,35,75,1,4,1,4,0,0
72,85,9.81,737,1398,202,358,282,572,0,0
72,86,4.72,1248,2060,145,190,813,1490,0,0
72,102,14.83,739,1432,550,1130,39,53,0,0
72,103,14.02,1217,2715,779,1563,293,844,0,0
72,104,5.07,2000,5534,236,448,1683,4995,0,0
72,105,8.95,564,1349,514,1265,17,28,0,0
72,106,10.94,606,1354,536,1221,12,23,0,0
72,107,2.97,549,1648,526,1579,33,98,0,0
72,108,0.71,89,234,22,65,89,234,0,0
72,116,3.76,933,933,233,233,233,233,0,0
72,117,1,208,208,52,52,52,52,0,0
72,123,0.5,248,248,62,62,62,62,0,0
72,124,0.96,551,551,138,138,138,138,0,0
73,5,1,9,9,2,2,2,2,0,0
73,11,1.3,356,711,11,23,322,643,0,0
73,12,3.01,388,776,185,370,68,136,0,0
73,13,4,406,813,406,813,0,0,0,0
73,14,10.78,1096,2528,1076,2502,2,4,0,0
73,15,31.14,2685,5475,2143,4404,272,560,0,0
73,16,4.75,646,1277,582,1105,51,147,0,0
73,23,0.14,783,3130,0,0,783,3130,0,0
73,24,0.12,246,739,0,0,246,739,0,0
73,25,0.01,17,51,0,0,17,51,0,0
73,26,0.18,72,288,0,0,72,288,0,0
73,27,1.81,376,1450,0,0,376,1450,0,0
73,28,5.23,974,2175,259,885,681,1257,0,0
73,31,2.6,2577,8681,1,1,2574,8678,0,0
73,32,2.9,3220,11611,5,5,3204,11595,0,0
73,33,1.94,3351,16086,0,0,3351,16086,0,0
73,34,7.31,4533,14592,7,7,4512,14572,0,0
73,35,2.88,1663,4469,398,398,1262,4069,0,0
73,36,0.68,779,3499,0,0,779,3499,0,0
73,37,27,1732,3692,1450,3198,82,173,0,0
73,38,12.15,718,1712,432,966,24,34,104,313
73,39,29.33,1953,4974,1796,4785,24,35,0,0
73,40,8.99,589,1654,483,1548,5,5,0,0
73,41,31.09,1668,4147,1390,3740,12,20,0,0
73,42,32.93,2199,5126,2010,4836,24,35,0,0
73,43,32.3,2333,4840,2020,4374,206,341,0,0
73,44,17.57,3072,9086,1496,4632,1411,4217,0,0
73,45,13.04,2220,8631,1951,7789,52,243,0,0
73,46,14.92,1564,5127,1007,2622,178,827,0,0
73,47,29.04,1942,5047,1757,4615,55,138,0,0
73,48,27.75,1755,4417,1611,4193,5,9,0,0
73,49,26.05,1857,4219,1521,3594,7,13,0,0
73,50,14.48,1070,2724,959,2539,70,172,0,0
73,51,31.37,1644,3865,1364,3429,81,136,0,0
73,52,8.52,515,1498,418,1315,41,86,0,0
73,53,4.58,145,223,80,143,22,27,0,0
73,54,2.56,599,1199,180,360,599,1199,0,0
73,55,4.32,1844,5105,0,0,1844,5105,0,0
73,56,8.17,2582,9553,0,0,2582,9553,0,0
73,57,4.83,4873,15291,0,0,922,3323,0,0
73,58,1.66,2238,5750,0,0,1327,3784,0,0
73,59,0.61,1807,5420,0,0,1807,5420,0,0
73,61,1,312,623,0,0,312,623,0,0
73,75,6,271,517,205,386,22,44,0,0
73,78,2,176,523,173,517,1,2,0,0
73,81,18.89,1298,2409,1104,2093,28,35,0,0
73,82,24.67,1262,2873,1171,2718,30,51,0,0
73,83,10.94,929,1554,693,1319,185,185,0,0
73,85,0.05,9,18,0,0,9,18,0,0
73,86,5.13,1189,2548,64,129,997,2163,0,0
73,101,1.69,327,645,327,645,0,0,0,0
73,102,17.27,1522,3865,1498,3827,7,11,0,0
73,103,12.67,1269,2908,1255,2888,5,6,0,0
73,104,8.59,970,2726,599,1452,117,420,0,0
73,105,2.18,368,921,368,921,0,0,0,0
73,106,9.55,980,2373,874,2082,85,246,0,0
73,107,5.31,314,829,275,780,4,8,0,0
73,108,0.1,32,96,32,96,0,0,0,0
73,111,0.04,32,95,0,0,32,95,0,0
73,112,0.77,1201,2402,0,0,1201,2402,0,0
73,123,0.2,210,210,53,53,53,53,0,0
73,124,2.88,734,734,184,184,184,184,0,0
74,0,0.66,23,23,6,6,6,6,0,0
74,1,0.34,12,12,3,3,3,3,0,0
74,11,0.58,87,173,22,43,22,43,0,0
74,12,0.11,16,33,4,8,4,8,0,0
74,14,7.39,750,2021,701,1923,16,33,0,0
74,15,28.84,2525,6050,2205,5349,152,368,0,0
74,16,23.47,2851,5862,1651,3451,651,978,0,0
74,17,0.63,347,368,3,8,339,345,0,0
74,23,1.82,4746,18901,27,27,4718,18874,0,0
74,24,1.14,417,1420,0,0,417,1420,0,0
74,25,1.68,2425,7274,0,0,2425,7274,0,0
74,26,3.71,976,3192,1,1,972,3188,0,0
74,27,8.02,1224,3587,24,24,1151,3514,0,0
74,28,4.76,281,598,179,496,60,60,0,0
74,29,0.01,2,6,2,6,0,0,0,0
74,31,0.05,177,707,0,0,177,707,0,0
74,32,1.21,3448,13189,0,0,3448,13189,0,0
74,33,0.64,2962,11848,0,0,2962,11848,0,0
74,34,1.59,1929,6045,1,1,1926,6041,0,0
74,35,1.35,1447,4542,0,0,1447,4542,0,0
74,36,1.5,1524,4548,0,0,1524,4548,0,0
74,37,10.5,913,1746,541,978,87,219,0,0
74,38,13.45,669,1641,423,1024,6,7,190,557
74,39,28.5,1385,3355,1161,3018,30,43,0,0
74,40,12.65,768,2313,419,1373,24,44,265,795
74,41,31.56,1623,4147,1332,3627,56,132,0,0
74,42,31.93,1969,4727,1712,4278,59,101,0,0
74,43,26.85,1889,4401,1674,4061,94,177,0,0
74,44,26.92,1770,3272,1551,3005,86,167,0,0
74,45,30.42,1881,4454,1772,4324,23,27,0,0
74,46,29.83,1365,2776,1194,2517,34,57,0,0
74,47,36.74,1979,4648,1771,4372,28,45,0,0
74,48,24.66,1652,4079,1503,3817,17,28,0,0
74,49,20,1742,4571,1049,2924,280,556,313,940
74,50,13.04,889,2545,784,2354,11,20,0,0
74,51,21.04,1607,3306,1366,2940,16,22,0,0
74,52,11.88,624,1398,482,1161,11,19,0,0
74,53,11.03,593,1392,568,1341,4,8,0,0
74,54,3.54,488,975,146,293,488,975,0,0
74,55,7.31,2243,8206,0,0,2243,8206,0,0
74,56,3.95,3250,9825,0,0,3250,9825,0,0
74,57,2.73,3431,13038,0,0,1432,4704,0,0
74,58,0.02,26,78,0,0,0,0,0,0
74,75,7.05,391,538,218,365,139,139,0,0
74,76,0.95,50,50,12,12,12,12,0,0
74,79,5.68,291,672,261,615,10,19,0,0
74,80,20.14,824,1286,707,1166,39,40,0,0
74,81,27.55,2115,4274,1950,3984,75,138,0,0
74,82,31.5,2113,4778,2037,4614,25,55,0,0
74,83,28.57,1336,3296,1112,2759,59,151,0,0
74,84,1.64,134,268,129,259,0,0,0,0
74,85,0.16,32,32,32,32,0,0,0,0
74,99,3.46,172,437,127,361,15,25,0,0
74,100,0.85,283,675,283,675,0,0,0,0
74,101,8.14,1122,2861,1122,2861,0,0,0,0
74,102,20.25,1452,3847,1388,3742,8,14,0,0
74,103,12.35,712,1514,659,1414,16,32,0,0
74,104,14.21,1284,3048,1011,2283,85,249,0,0
74,105,6.96,776,1914,631,1625,6,11,0,0
74,106,18.16,1084,2380,799,2023,88,105,0,0
74,107,5.33,668,1918,562,1616,17,69,0,0
74,108,2.34,492,1400,492,1400,0,0,0,0
74,109,3,366,942,366,942,0,0,0,0
74,111,1.69,921,2456,0,0,921,2456,0,0
74,112,2.48,774,1352,0,0,774,1352,0,0
74,114,0.13,44,44,11,11,11,11,0,0
74,115,3.59,691,691,173,173,173,173,0,0
74,124,0.46,62,62,15,15,15,15,0,0
75,15,5.63,344,565,169,219,150,298,0,0
75,16,7.54,405,832,295,616,37,72,0,0
75,17,0.45,63,190,16,48,16,48,0,0
75,23,0.78,1833,8992,0,0,1833,8992,0,0
75,24,2.22,2012,9260,34,34,1978,9227,0,0
75,25,4.31,2672,7733,142,142,2530,7591,0,0
75,26,0.96,919,2713,0,0,919,2713,0,0
75,27,3.73,1408,3822,5,5,1402,3816,0,0
75,28,2.04,3018,3018,0,0,2999,2999,0,0
75,29,1.03,339,339,0,0,339,339,0,0
75,31,0.02,59,234,0,0,59,234,0,0
75,32,1.63,4224,16074,0,0,4224,16074,0,0
75,33,1.52,5977,22555,0,0,5977,22555,0,0
75,34,5.64,3094,13675,7,7,3071,13653,0,0
75,35,4.34,2231,8856,22,44,2164,8723,0,0
75,36,0.12,350,1399,0,0,350,1399,0,0
75,38,5.51,314,847,298,826,6,7,0,0
75,39,25.24,1258,2819,1087,2460,43,106,0,0
75,40,19.7,1236,2604,1054,2307,41,70,0,0
75,41,24.26,1748,3903,1618,3727,38,41,0,0
75,42,26.49,2097,6175,1811,5567,110,294,0,0
75,43,25.3,1603,3475,1387,3226,47,114,0,0
75,44,19.31,1478,3861,1354,3641,70,159,0,0
75,45,16.88,1487,4268,1264,3670,46,171,0,0
75,46,28.19,2056,4610,1971,4466,15,29,0,0
75,47,38.76,2077,4848,1902,4597,45,71,0,0
75,48,34.14,2086,5293,1567,4097,303,918,0,0
75,49,25.87,1541,4051,1103,2855,187,654,0,0
75,50,16.98,903,2108,765,1923,25,35,0,0
75,51,20.41,1309,2935,1162,2734,101,216,0,0
75,52,21.8,1379,3922,1049,2866,51,198,0,0
75,53,5,150,346,87,219,11,22,0,0
75,54,4.25,650,1692,195,508,650,1692,0,0
75,55,1.2,717,1645,184,367,717,1645,0,0
75,56,2.02,69,130,4,7,69,130,0,0
75,57,0.48,801,931,0,0,778,817,0,0
75,58,1,1295,2591,0,0,0,0,0,0
75,78,10.86,628,1810,582,1725,13,23,0,0
75,79,33.56,1890,5600,1658,4861,26,61,0,0
75,80,42.65,1889,4725,1601,4155,63,150,0,0
75,81,36.34,1869,4059,1772,3904,30,50,0,0
75,82,22.9,1403,3219,1035,2293,92,254,0,0
75,83,24.19,1793,4640,1120,2785,205,586,0,0
75,84,5.5,219,580,119,394,28,51,0,0
75,85,4.84,361,514,333,485,55,101,0,0
75,99,1.54,117,324,97,284,7,13,0,0
75,100,4.71,877,2319,860,2302,6,6,0,0
75,101,19.79,1324,2715,1220,2595,18,23,0,0
75,102,23.3,1875,4821,1690,4501,34,71,0,0
75,103,13.13,934,2012,830,1809,35,68,0,0
75,104,7.81,927,1929,908,1905,6,8,0,0
75,105,2.71,397,912,387,891,1,2,0,0
75,106,12,887,1963,836,1902,11,14,0,0
75,107,7.4,682,1539,645,1490,13,16,0,0
75,108,7.87,837,2154,833,2150,2,2,0,0
75,109,1.29,18,22,4,4,7,10,0,0
75,110,0.71,8,15,0,0,8,15,0,0
75,111,1.2,1158,6198,0,0,1158,6198,0,0
75,112,3.85,1104,4509,0,0,1104,4509,0,0
75,113,4,234,442,53,105,234,442,0,0
75,115,0.28,98,98,25,25,25,25,0,0
75,120,0.03,149,149,37,37,37,37,0,0
75,121,1.39,3325,3325,831,831,831,831,0,0
75,122,1.46,706,706,176,176,176,176,0,0
76,23,0.02,18,71,0,0,18,71,0,0
76,24,1.35,5229,20915,0,0,5229,20915,0,0
76,25,3.81,3152,10431,0,0,3152,10431,0,0
76,26,3.2,1503,4388,52,52,1451,4335,0,0
76,27,0.22,127,277,0,0,127,277,0,0
76,28,0.95,1548,5663,0,0,1548,5663,0,0
76,29,0.19,2893,14466,0,0,2893,14466,0,0
76,32,0.06,340,1360,0,0,340,1360,0,0
76,33,1.23,7032,28127,0,0,7032,28127,0,0
76,34,0.55,4159,16636,0,0,4159,16636,0,0
76,35,1.04,1368,3908,0,0,1368,3908,0,0
76,36,0.67,1647,6380,0,0,1647,6380,0,0
76,38,1.64,183,367,183,367,0,0,0,0
76,39,12.38,843,1985,819,1948,8,12,0,0
76,40,24.9,1406,3230,1255,3063,35,41,0,0
76,41,18.37,1216,2497,1155,2365,50,96,0,0
76,42,16.38,1464,4212,1344,3928,22,40,0,0
76,43,22.09,1037,2136,806,1794,83,121,0,0
76,44,12.84,1422,5029,1282,4879,72,214,0,0
76,45,6.51,1815,7218,1014,4034,267,1061,0,0
76,46,18.33,1654,4689,1596,4615,10,13,0,0
76,47,28.28,1799,4125,1497,3578,97,175,0,0
76,48,14.02,1313,3881,734,1778,493,1946,0,0
76,49,15.97,1440,4394,449,1229,840,2824,0,0
76,50,14.31,1011,2618,821,2176,24,50,0,0
76,51,18.01,1611,3634,1492,3448,23,43,0,0
76,52,13.05,909,2505,684,2022,39,88,0,0
76,53,0.6,255,765,0,0,255,765,0,0
76,54,2.61,1042,3535,17,50,1042,3535,0,0
76,55,0.29,2778,13890,0,0,2778,13890,0,0
76,56,0.03,293,1464,0,0,293,1464,0,0
76,57,6.53,2016,2016,0,0,2016,2016,0,0
76,59,1,18,18,0,0,18,18,0,0
76,78,19.27,1404,3315,1374,3260,8,17,0,0
76,79,29.61,2190,5070,2033,4871,28,32,0,0
76,80,39.42,1793,5155,1513,4678,34,71,0,0
76,81,27.16,1908,4778,1749,4258,8,13,0,0
76,82,24.7,1769,3440,1656,3233,9,11,0,0
76,83,32.89,1767,3854,1403,3263,48,98,0,0
76,84,10.46,483,1532,444,1429,13,34,0,0
76,85,4,144,418,121,359,8,20,0,0
76,86,3.4,384,384,122,122,299,299,0,0
76,87,3.27,541,541,0,0,433,433,0,0
76,100,4.15,404,1003,380,955,8,16,0,0
76,101,32.28,2012,4306,1770,3889,50,80,0,0
76,102,37.19,1573,3040,1212,2628,109,140,0,0
76,103,8.87,960,2265,952,2248,50,148,0,0
76,104,7.65,827,1862,818,1851,3,4,0,0
76,105,0.84,15,15,4,4,4,4,0,0
76,107,10.75,902,1975,832,1906,9,9,0,0
76,108,19.61,1167,2672,980,2454,30,82,0,0
76,111,1,82,82,0,0,82,82,0,0
76,112,8.96,674,940,0,0,674,940,0,0
76,119,0.01,110,110,28,28,28,28,0,0
76,120,0.74,5029,5029,1257,1257,1257,1257,0,0
76,121,0.83,1843,1843,461,461,461,461,0,0
76,122,2.26,491,491,123,123,123,123,0,0
76,123,1.48,1467,1467,367,367,367,367,0,0
77,24,0.62,1929,7717,0,0,1929,7717,0,0
77,25,1.76,1323,5260,8,8,1315,5252,0,0
77,26,0.8,1687,5061,0,0,1687,5061,0,0
77,28,0.15,2223,11114,0,0,2223,11114,0,0
77,29,0.54,8075,40377,0,0,8075,40377,0,0
77,30,1.05,900,4301,0,0,900,4301,0,0
77,33,1.17,2076,7572,0,0,2076,7572,0,0
77,34,1.44,3637,14414,11,11,3604,14381,0,0
77,35,1.59,335,335,2,2,327,327,0,0
77,36,1.49,393,508,29,57,307,336,0,0
77,40,23.93,1602,4131,1425,3866,32,42,0,0
77,41,34.63,2042,4668,1627,3890,119,226,0,0
77,42,17.49,2129,8500,1338,6187,800,2361,0,0
77,43,10.3,2120,6975,376,1187,1824,6155,0,0
77,44,24.11,1857,4688,1696,4443,70,181,0,0
77,45,15.07,710,1801,547,1618,44,51,0,0
77,46,23.82,1704,3954,1605,3799,33,52,0,0
77,47,18.76,1408,3333,1234,3041,15,27,0,0
77,48,2.78,1343,6713,877,4384,0,0,0,0
77,49,15.35,1094,3286,986,3119,13,19,0,0
77,50,26.76,1395,4031,1210,3591,60,169,0,0
77,51,16.95,1096,4819,982,4643,16,34,0,0
77,53,0.15,117,583,0,0,117,583,0,0
77,54,0.85,649,3246,0,0,649,3246,0,0
77,55,0.53,5187,25936,0,0,5187,25936,0,0
77,56,2.07,1981,9907,0,0,1981,9907,0,0
77,57,2,1388,6906,0,0,1388,6906,0,0
77,72,4.52,277,436,63,103,63,103,0,0
77,77,2.2,136,423,53,159,28,88,0,0
77,78,36.19,1875,4570,1619,4217,33,49,0,0
77,79,27.27,1914,4691,1640,4233,36,76,0,0
77,80,23.57,1550,4005,1446,3795,5,10,0,0
77,81,28.45,1908,4795,1745,4431,51,119,0,0
77,82,18.99,1631,4618,1547,4507,8,8,0,0
77,83,16.13,1042,2274,929,2069,83,160,0,0
77,84,16.66,814,1575,610,1272,46,79,0,0
77,85,1.77,162,276,114,228,0,0,0,0
77,86,3,86,150,65,128,17,17,0,0
77,99,1.47,185,369,185,369,0,0,0,0
77,100,12.38,883,1856,682,1580,44,86,0,0
77,101,18.54,1257,2662,1155,2498,24,43,0,0
77,102,29.44,1813,4718,1048,3476,561,1032,0,0
77,103,0.98,50,97,48,95,1,1,0,0
77,104,5,387,937,354,882,5,6,0,0
77,105,3.02,218,567,202,551,5,5,0,0
77,106,3.56,785,2041,317,702,468,1339,590,1770
77,107,12.17,1082,2246,922,1933,136,270,0,0
77,108,8.25,710,1583,676,1507,11,25,0,0
77,112,2.77,4415,8829,0,0,4415,8829,0,0
77,119,0.72,4081,4081,1020,1020,1020,1020,0,0
77,120,1.93,3902,3902,976,976,976,976,0,0
77,121,4.04,2462,2462,615,615,615,615,0,0
77,122,5.53,3326,3326,832,832,832,832,0,0
77,123,2.41,4262,4262,1065,1065,1065,1065,0,0
77,124,0.01,21,21,5,5,5,5,0,0
78,1,2,237,483,230,463,2,7,0,0
78,25,1.61,1599,6395,335,1340,594,2375,0,0
78,33,0.06,91,365,0,0,91,365,0,0
78,34,4.94,1600,6199,42,117,1474,5847,0,0
78,39,0.76,71,71,18,18,18,18,0,0
78,40,31.39,1761,3683,1636,3472,42,71,0,0
78,41,33.55,2082,5155,1723,4549,55,99,0,0
78,42,24.26,2457,6560,2363,6403,23,28,0,0
78,43,19.67,2221,6807,1843,5753,471,1393,0,0
78,44,17.1,1313,2980,1257,2909,24,38,0,0
78,45,5.35,252,498,224,454,4,4,0,0
78,46,20.11,1327,3497,1233,3345,9,12,0,0
78,47,17.99,1810,4575,1714,4416,30,54,0,0
78,48,20.22,1821,4425,1626,4219,5,9,0,0
78,49,23.9,1563,3559,1417,3307,7,14,0,0
78,50,22.47,1416,3424,1253,3178,9,15,0,0
78,51,20.62,917,2473,672,2105,22,42,0,0
78,52,1.88,1003,3432,113,453,890,2978,0,0
78,53,1.4,511,1424,0,0,511,1424,0,0
78,55,0.78,793,3861,0,0,793,3861,0,0
78,56,1.3,687,3392,0,0,687,3392,0,0
78,57,1,316,947,0,0,0,0,0,0
78,62,1,78,156,0,0,78,156,0,0
78,72,12.01,748,1613,562,1409,44,50,0,0
78,73,18.12,1053,2426,837,2078,16,28,0,0
78,74,9.12,536,1227,491,1176,15,17,0,0
78,75,1.24,76,76,19,19,19,19,0,0
78,76,6,495,1109,458,1072,6,6,0,0
78,77,10.06,748,1595,624,1279,41,105,0,0
78,78,22.93,1546,3564,1446,3443,17,23,0,0
78,79,29.99,1814,4900,1565,4554,25,39,0,0
78,80,23.96,1638,4388,1390,3711,67,194,0,0
78,81,34.46,2155,5963,1855,5211,56,141,0,0
78,82,33.6,1725,3550,1410,3171,23,25,0,0
78,83,21.25,1348,3360,1210,3153,14,21,0,0
78,84,10.82,1086,3373,857,2782,25,64,0,0
78,85,4.63,416,983,396,956,6,9,0,0
78,99,11.33,1091,2254,968,2132,24,24,0,0
78,100,15.86,1999,5232,760,1825,1044,2932,0,0
78,101,19.01,1052,1813,676,1240,45,63,0,0
78,102,12.39,2378,5208,666,1485,1720,3931,0,0
78,103,8.14,697,1023,78,82,61,61,0,0
78,104,3.48,320,534,303,509,64,127,0,0
78,105,8.31,1490,4774,1070,3814,509,1423,0,0
78,106,13.23,1001,2304,619,1435,44,73,0,0
78,107,4.84,563,977,554,968,3,3,0,0
78,112,0.23,1166,2331,0,0,1166,2331,0,0
78,118,0.03,152,152,38,38,38,38,0,0
78,119,0.8,3553,3553,888,888,888,888,0,0
78,120,6.32,5888,5888,1472,1472,1472,1472,0,0
78,121,3.4,3908,3908,977,977,977,977,0,0
78,122,3.75,2464,2464,616,616,616,616,0,0
78,123,1.86,1398,1398,349,349,349,349,0,0
78,124,0.99,2167,2167,542,542,542,542,0,0
79,0,6.03,272,553,228,466,15,29,0,0
79,1,5.35,368,617,233,381,45,79,0,0
79,28,0.77,85,256,0,0,85,256,0,0
79,29,0.23,25,76,0,0,25,76,0,0
79,32,0.27,226,452,0,0,226,452,0,0
79,33,0.73,612,1224,0,0,612,1224,0,0
79,38,0.18,12,37,12,37,0,0,0,0
79,39,7.17,432,1207,419,1169,4,13,0,0
79,40,61.48,2702,6963,2098,5357,216,587,0,0
79,41,42.32,2417,5772,2017,5018,84,217,0,0
79,42,32.31,2326,5945,2042,5320,118,291,0,0
79,43,21.76,2015,5248,1247,3509,803,1997,0,0
79,44,3.15,1521,4563,0,0,1521,4563,0,0
79,46,2.29,243,511,112,229,6,18,0,0
79,47,5.76,1297,6648,1232,6474,16,46,0,0
79,48,13.7,1816,6216,1375,4142,1,1,0,0
79,49,28.32,1679,4271,1274,3233,119,319,0,0
79,50,22.08,1791,4960,1345,3589,197,467,0,0
79,51,18.38,1087,3395,881,3036,18,42,0,0
79,52,2.45,3726,14904,0,0,3726,14904,0,0
79,53,6.14,914,2917,0,0,914,2917,0,0
79,71,3,57,57,8,8,8,8,0,0
79,72,24.55,1500,3127,1346,2955,3,4,0,0
79,73,25.9,1900,4101,1745,3898,41,99,0,0
79,74,26.35,1678,3879,1444,3545,21,25,0,0
79,75,11.76,953,2866,749,2365,153,431,0,0
79,76,10.13,743,2027,710,1976,11,17,0,0
79,77,26.09,1607,3768,1218,2825,137,293,0,0
79,78,31,1404,3692,1140,3035,64,137,0,0
79,79,34.27,1622,3580,1352,3168,62,89,0,0
79,80,20.7,1421,3436,1242,3029,42,100,0,0
79,81,26.4,1504,3536,1341,3230,12,22,0,0
79,82,34.01,2178,4858,1770,4070,114,241,0,0
79,83,9.37,768,1541,742,1494,9,16,0,0
79,84,9.44,809,2789,602,2520,56,64,0,0
79,85,4.42,943,4382,935,4367,3,5,0,0
79,98,0.94,83,208,83,208,0,0,0,0
79,99,11.9,1378,3781,1332,3734,0,0,0,0
79,100,9.06,1119,3484,548,1202,557,2299,0,0
79,101,16.93,1759,4858,1672,4714,76,251,0,0
79,102,27.06,2218,7005,1405,4972,624,1675,0,0
79,103,7.2,1074,3486,805,2731,260,739,0,0
79,104,6.38,783,2115,297,693,534,1566,0,0
79,105,37.53,2277,6729,1654,5149,602,1638,0,0
79,106,13.14,703,1498,608,1333,32,55,0,0
79,107,26.39,1433,3158,1277,2865,36,70,0,0
79,108,10.73,866,2066,612,1311,48,153,0,0
79,110,1,123,247,123,247,0,0,0,0
79,116,1,47,47,12,12,12,12,0,0
79,117,0.33,264,264,66,66,66,66,0,0
79,118,2.78,1372,1372,343,343,343,343,0,0
79,119,1.94,2878,2878,719,719,719,719,0,0
79,120,0.02,95,95,24,24,24,24,0,0
79,121,0.15,399,399,100,100,100,100,0,0
79,122,1.2,826,826,206,206,206,206,0,0
79,123,2.93,3744,3744,936,936,936,936,0,0
79,124,0.97,533,533,133,133,133,133,0,0
80,0,25.24,1822,3699,1195,2537,210,412,0,0
80,1,4.55,450,1083,250,546,67,179,0,0
80,16,1.04,49,49,29,29,20,20,0,0
80,27,1,19,19,0,0,19,19,0,0
80,28,1.06,638,3178,0,0,638,3178,0,0
80,29,0.94,235,940,0,0,235,940,0,0
80,30,0.01,87,348,0,0,0,0,0,0
80,31,0.07,423,1692,0,0,0,0,0,0
80,37,5.63,401,846,320,719,15,30,0,0
80,38,32.49,1467,2267,1118,1798,72,95,0,0
80,39,8.61,466,762,295,519,33,33,0,0
80,40,28.14,2153,5472,1195,2662,296,890,0,0
80,41,23.97,986,2364,695,1913,80,133,0,0
80,42,38.84,1828,4171,1325,3403,127,209,0,0
80,43,4.38,1449,4364,89,257,1363,4117,0,0
80,44,3.6,700,1299,0,0,700,1299,0,0
80,47,6.54,984,3834,912,3688,24,49,0,0
80,48,5.35,1172,5206,1130,5087,0,0,0,0
80,49,20.45,1394,3596,1327,3520,16,19,0,0
80,50,19.72,1589,3945,1356,3513,109,236,0,0
80,51,14.2,996,2781,934,2603,22,69,0,0
80,52,3.9,639,2347,4,7,628,2326,0,0
80,53,7.22,302,741,26,77,302,741,0,0
80,71,7.84,543,1268,519,1235,3,6,0,0
80,72,34.93,1937,4049,1764,3803,53,85,0,0
80,73,35.46,1593,3533,1284,3003,76,150,0,0
80,74,25.37,1747,3974,1505,3701,11,13,0,0
80,75,20.56,1565,4100,1503,3940,63,180,0,0
80,76,28.4,1751,4901,1557,4535,69,143,0,0
80,77,27.2,1812,4642,1675,4414,23,41,0,0
80,78,35.04,2277,5272,2148,5074,44,108,0,0
80,79,21.5,1476,3443,1305,3166,21,42,0,0
80,80,26.96,1371,3252,1118,2857,104,208,0,0
80,81,35.14,1698,3597,1393,3106,70,132,0,0
80,82,31.8,2119,4659,1902,4404,61,74,0,0
80,83,21.66,1254,3082,1181,2962,18,33,0,0
80,84,6.67,704,2376,608,2230,11,27,0,0
80,85,7.57,947,2889,800,2388,100,496,0,0
80,86,5.3,979,4222,379,1220,592,2960,0,0
80,98,3.85,588,1280,266,636,49,99,0,0
80,99,11.87,774,1598,680,1469,29,41,0,0
80,100,3.45,374,981,347,934,30,59,0,0
80,101,7.67,2283,8419,2093,8040,131,600,0,0
80,102,4.93,606,1625,426,1290,20,61,0,0
80,103,7.21,799,2327,622,1919,150,364,0,0
80,104,38.23,2468,7573,1953,6266,732,2115,0,0
80,105,36.04,3395,10223,3092,9675,761,1940,0,0
80,106,3.89,411,1038,238,563,172,473,0,0
80,107,26.11,1756,4145,1553,3682,21,49,0,0
80,108,16.6,1442,4777,1337,4563,80,161,0,0
80,109,4.5,495,1287,419,1147,4,4,0,0
80,110,1.3,206,586,194,574,4,4,0,0
80,115,1,263,263,66,66,66,66,0,0
80,117,1,361,361,90,90,90,90,0,0
80,118,3.29,1744,1744,436,436,436,436,0,0
80,119,3.86,2300,2300,222,222,222,222,0,0
80,120,0.07,102,102,0,0,0,0,0,0
80,122,1.98,1018,1018,254,254,254,254,0,0
80,123,2.21,1746,1746,436,436,436,436,0,0
80,124,1,405,405,101,101,101,101,0,0
81,0,6.25,1393,3815,993,2849,39,39,0,0
81,13,1,46,91,0,0,46,91,0,0
81,16,2.76,1005,3703,150,824,556,1230,0,0
81,17,2.2,395,681,286,572,109,109,0,0
81,18,1.02,378,1106,95,276,95,276,0,0
81,28,1,129,257,32,64,32,64,0,0
81,30,0.25,1465,5860,0,0,0,0,0,0
81,31,2.02,4055,16118,39,116,0,0,0,0
81,33,0.55,3004,12015,0,0,3004,12015,0,0
81,38,10.7,500,967,391,775,36,64,0,0
81,39,10.24,504,1233,368,973,34,76,0,0
81,40,13.28,1407,4144,1274,3814,31,97,0,0
81,41,11.69,2262,10922,1143,5453,356,1795,0,0
81,42,10.8,2580,7746,1834,5052,700,2517,0,0
81,43,26.26,2612,7195,657,1634,1513,4391,0,0
81,44,30.96,1962,3760,1277,2932,550,557,0,0
81,47,5.91,1122,3648,1117,3639,2,3,0,0
81,48,10.96,1859,6281,1788,6149,23,44,0,0
81,49,16.07,1207,3207,1084,2921,4,5,0,0
81,50,7.85,1802,5011,1783,4969,3,6,0,0
81,51,21.31,2053,5772,1458,4200,47,123,0,0
81,52,5.51,476,1236,427,1173,5,9,0,0
81,53,11.01,894,1740,816,1563,11,30,0,0
81,71,15.27,1430,3880,1397,3820,12,36,0,0
81,72,31.17,1693,3520,1543,3336,50,73,0,0
81,73,35.74,2020,4485,1807,4216,61,80,0,0
81,74,27.44,1744,3921,1559,3625,39,76,0,0
81,75,23.38,1705,4876,1577,4546,16,38,0,0
81,76,21.72,1222,3268,1000,2901,44,89,0,0
81,77,17.75,1493,3551,1313,3135,205,532,0,0
81,78,32.33,2151,5595,1674,4154,20,44,282,1130
81,79,33.08,2264,4849,1440,3305,675,1460,0,0
81,80,29.03,2576,7128,2361,6800,99,229,0,0
81,81,28.17,1885,4370,1771,4188,23,45,0,0
81,82,31.44,1916,4550,1619,3876,85,201,0,0
81,83,16.43,1408,3476,1359,3381,18,48,0,0
81,84,4.81,824,2471,567,1702,256,769,0,0
81,85,4.49,1566,4853,434,1128,1219,4159,0,0
81,86,1.43,1580,6551,272,1359,1580,6551,0,0
81,87,0.02,9,18,2,5,2,5,0,0
81,98,2.62,1246,2491,0,0,151,302,0,0
81,99,2.78,1084,4336,1084,4336,0,0,0,0
81,100,6.35,1959,8186,1959,8186,0,0,0,0
81,101,3.6,1411,5805,1411,5805,0,0,0,0
81,103,29.4,1971,5640,1639,4853,127,316,20,61
81,104,39.32,3134,9287,1977,6018,416,1188,318,954
81,105,37.99,3172,8779,2371,7047,830,1880,0,0
81,106,28.07,1863,4724,1219,3316,405,1091,0,0
81,107,28.96,1613,5414,1472,5103,32,73,0,0
81,108,49.7,2379,4853,1869,4245,7,11,0,0
81,109,8.86,1255,3247,1255,3247,0,0,0,0
81,110,12.76,1329,3073,1225,2865,35,69,0,0
81,115,0.9,541,1623,0,0,541,1623,0,0
81,116,0.99,829,2366,0,0,829,2366,0,0
81,119,0.64,266,268,66,66,67,69,0,0
81,122,0.62,431,431,108,108,108,108,0,0
81,123,1,1632,1632,408,408,408,408,0,0
81,124,1,22,22,5,5,5,5,0,0
82,0,9.57,1951,4814,1891,4693,20,40,0,0
82,1,6.18,1289,2631,1252,2568,12,21,0,0
82,2,2.63,130,336,119,324,0,0,0,0
82,14,1,87,87,87,87,0,0,0,0
82,17,0.37,15,15,15,15,0,0,0,0
82,18,3.98,1478,2935,438,875,340,680,0,0
82,19,1,266,1594,266,1594,0,0,0,0
82,20,1.42,165,330,165,330,0,0,0,0
82,31,3.02,829,3163,71,214,757,2949,0,0
82,32,0.96,1521,6082,0,0,1521,6082,0,0
82,33,1.3,3532,14130,0,0,3532,14130,0,0
82,34,0.94,1605,6421,0,0,1605,6421,0,0
82,38,1,914,2742,229,686,229,686,0,0
82,39,1.52,132,396,132,396,0,0,0,0
82,40,17.23,1445,3713,1259,3420,49,80,0,0
82,41,23.98,1556,3530,1369,3286,35,51,0,0
82,42,7.27,1675,4488,700,1339,1144,3319,0,0
82,43,13.75,2924,9772,1889,7583,1320,3692,0,0
82,44,8.92,1597,7827,1567,7796,5,5,0,0
82,46,10.01,655,1530,617,1479,7,12,0,0
82,47,22.56,1475,3662,1269,3173,28,54,0,0
82,48,15.44,1543,3333,1349,2966,60,117,0,0
82,49,14.35,1030,2161,991,2105,13,19,0,0
82,50,16.44,1011,2483,949,2359,12,24,0,0
82,51,17.76,1278,3289,973,2865,11,13,0,0
82,52,1.28,158,360,43,130,0,0,0,0
82,53,16.89,1009,2110,834,1747,51,114,0,0
82,54,9.46,680,1428,571,1159,29,75,0,0
82,70,7.46,594,1588,557,1519,11,22,0,0
82,71,27.73,1441,3500,1258,3268,59,148,0,0
82,72,26.62,1748,4877,1598,4635,10,14,0,0
82,73,28.06,1573,3178,1391,2958,34,46,0,0
82,74,30.83,1904,4524,1804,4349,23,48,0,0
82,75,20.56,1586,4551,1429,4318,30,51,0,0
82,76,21.64,1539,4847,1417,4577,18,39,0,0
82,77,30.41,1701,4047,1412,3467,31,80,0,0
82,78,33.17,2032,4878,1461,3393,219,568,0,0
82,79,51.45,3237,8482,1734,4561,1274,3414,0,0
82,80,21.7,2244,6315,1018,2796,1128,3399,0,0
82,81,30.21,1908,5044,1701,4536,9,11,0,0
82,82,24.76,1542,3870,1320,3360,46,140,0,0
82,83,24.42,1749,4298,1581,4036,19,40,0,0
82,84,15.32,1316,3392,1183,3024,44,122,0,0
82,85,9.47,1295,3399,1233,3274,21,42,0,0
82,86,8.09,1400,4136,593,1723,2,4,0,0
82,87,1.26,902,2193,129,257,129,257,0,0
82,92,1,127,507,127,507,0,0,0,0
82,99,4.91,1366,6131,1353,6117,5,5,0,0
82,100,4.13,1250,5696,1250,5696,0,0,0,0
82,101,5.67,636,1702,590,1628,15,25,0,0
82,102,8.14,674,1498,635,1427,5,8,0,0
82,103,26.22,2083,5645,1763,4826,16,27,0,0
82,104,21.2,2546,7931,1515,4914,641,1744,0,0
82,105,8.23,1456,3992,201,666,1266,3365,0,0
82,106,29.62,2423,6300,1684,4892,296,583,0,0
82,107,15.51,1014,2129,905,1925,81,157,0,0
82,108,33.55,1645,3922,1477,3689,0,0,0,0
82,109,18.16,1313,3586,1307,3575,0,0,0,0
82,110,17.45,1187,3101,1071,2865,0,0,0,0
82,115,2.33,1439,4316,0,0,1439,4316,0,0
82,116,4.09,1612,3667,0,0,1612,3667,0,0
82,117,2.72,1611,3739,0,0,1611,3739,0,0
82,118,1.91,2055,6166,0,0,2055,6166,0,0
82,119,1.61,1610,4829,0,0,1610,4829,0,0
82,123,1.37,2422,4473,93,93,2143,4194,0,0
82,124,1.32,480,480,120,120,120,120,0,0
83,0,14.57,2221,5378,2111,5191,37,62,0,0
83,1,12.41,1918,3886,1832,3769,24,35,0,0
83,2,34.07,2120,4110,1829,3631,153,277,0,0
83,3,3.76,270,539,267,534,1,2,0,0
83,14,1,128,128,32,32,32,32,0,0
83,16,1,115,230,115,230,0,0,0,0
83,17,3.63,123,123,123,123,0,0,0,0
83,19,0.27,88,186,9,26,80,159,0,0
83,20,8.2,958,2018,865,1848,83,161,0,0
83,21,3.33,377,754,369,738,3,5,0,0
83,29,0.6,268,804,0,0,268,804,0,0
83,30,0.26,115,344,0,0,115,344,0,0
83,31,1.42,2476,8116,0,0,2476,8116,0,0
83,32,2.01,3525,14079,0,0,3525,14079,0,0
83,33,1.5,2939,10927,0,0,2939,10927,0,0
83,34,1.31,2359,9438,0,0,2359,9438,0,0
83,37,1.5,1287,6267,0,0,369,1847,0,0
83,38,7.46,4033,14305,26,50,1169,4100,0,0
83,39,9.12,1260,3518,334,958,297,775,0,0
83,40,24.43,1430,3384,1136,2688,146,376,0,0
83,41,28.31,2099,5594,1688,4640,111,292,0,0
83,42,18.35,1429,2721,1127,2418,396,396,0,0
83,43,23.24,2916,10619,2111,9013,667,1332,0,0
83,44,8.58,749,1739,701,1573,16,55,0,0
83,45,1.4,235,883,235,883,38,150,0,0
83,46,16.41,1522,4342,1464,4244,42,126,0,0
83,47,24.07,1781,5005,1584,4664,96,308,0,0
83,48,29.29,1714,4011,1603,3855,23,31,0,0
83,49,16.17,1031,2463,917,2299,26,43,0,0
83,50,22.33,1696,4788,1533,4474,16,23,0,0
83,51,10.27,536,1408,514,1374,3,3,0,0
83,52,32.56,2048,4419,1849,4058,52,92,0,0
83,53,25.06,1615,3739,1519,3591,21,33,0,0
83,54,39.63,2346,5382,2196,5091,25,48,0,0
83,55,31.21,1811,3788,1564,3493,30,41,0,0
83,56,11.2,1159,2155,1139,2133,7,7,0,0
83,57,1.03,94,187,94,187,0,0,0,0
83,69,0.62,54,139,54,139,0,0,0,0
83,70,27.81,2264,6050,2104,5863,10,10,0,0
83,71,30.44,1734,3870,1627,3641,35,76,0,0
83,72,28.85,1850,4152,1740,3941,24,50,0,0
83,73,26.67,1855,4180,1740,3963,65,126,0,0
83,74,24.56,1563,3911,1314,3247,84,245,0,0
83,75,18.88,1301,3170,1141,2792,55,150,0,0
83,76,20.29,1295,3179,1177,2982,40,95,0,0
83,77,28.73,1700,3861,1452,3481,143,221,0,0
83,78,21.85,2227,6333,972,2773,1248,3569,0,0
83,79,32.31,1940,4346,1690,3996,33,39,0,0
83,80,27.21,2161,5436,1716,4287,93,296,0,0
83,81,28.3,1612,3505,1347,3058,56,117,0,0
83,82,34.96,2068,4499,1676,3739,123,243,0,0
83,83,17.43,860,1939,741,1716,14,27,0,0
83,84,21.63,1394,3434,1206,3024,52,119,0,0
83,85,15.71,1851,5262,1654,4800,12,20,0,0
83,86,27.05,2627,8685,1868,5951,135,540,0,0
83,87,6.17,1787,6427,469,1158,396,1581,0,0
83,91,3.67,330,391,330,391,0,0,0,0
83,92,5.24,694,1544,261,626,144,306,0,0
83,93,3.35,185,302,151,268,11,11,0,0
83,94,12.18,1387,3716,1273,3585,17,23,0,0
83,95,4.47,1494,5737,1462,5657,11,27,0,0
83,96,3.06,216,471,140,396,25,25,0,0
83,97,0.31,16,32,16,32,0,0,0,0
83,100,4.03,491,992,488,977,1,5,0,0
83,101,15.64,1180,2520,1063,2287,29,57,0,0
83,102,16.27,1354,3346,1036,2693,69,155,0,0
83,103,17.67,1634,3988,1621,3972,4,5,0,0
83,104,4.33,1247,3558,264,612,0,0,0,0
83,105,9.11,1800,3106,295,852,1548,2357,0,0
83,106,12.29,1435,3039,1292,2867,36,71,0,0
83,107,19.95,1673,3542,1134,2463,526,1053,0,0
83,108,21.29,1323,3197,1304,3159,0,0,0,0
83,109,16.84,1340,3299,1105,2616,72,216,0,0
83,110,3.85,195,503,175,484,0,0,0,0
83,111,0.11,13,27,13,27,0,0,0,0
83,115,1.83,317,919,0,0,317,919,0,0
83,116,3.67,1638,4228,0,0,1638,4228,0,0
83,117,3.73,2016,5971,0,0,2016,5971,0,0
83,118,2.6,1385,4156,0,0,1385,4156,0,0
83,119,0.39,331,992,0,0,331,992,0,0
83,123,3.89,4585,13381,692,2587,3893,10794,0,0
83,124,4.52,1405,3071,10,19,1395,3051,0,0
83,125,0.03,28,55,0,0,28,55,0,0
84,0,13.28,2007,3936,1870,3724,40,65,0,0
84,1,17.31,1962,3989,1875,3837,29,51,0,0
84,2,6.52,606,1524,403,801,12,18,0,0
84,15,1,153,153,38,38,38,38,0,0
84,19,5.98,945,1890,321,641,624,1249,0,0
84,20,12.25,961,2379,903,2293,20,35,0,0
84,21,16.04,937,2147,854,1969,19,51,0,0
84,22,2.88,195,471,190,461,2,3,0,0
84,29,0.11,49,147,0,0,49,147,0,0
84,30,0.03,15,44,0,0,15,44,0,0
84,31,0.3,708,2124,0,0,708,2124,0,0
84,32,1.22,3316,11781,0,0,3316,11781,0,0
84,33,1.05,3162,10521,0,0,3162,10521,0,0
84,38,1.59,591,1746,26,53,169,508,0,0
84,39,8.28,442,851,315,617,39,73,0,0
84,40,7.74,666,1372,495,1097,102,204,0,0
84,41,22.98,2024,5192,1805,4790,49,91,0,0
84,42,12.03,2358,8666,308,959,1984,7534,0,0
84,43,10.14,1212,2777,818,1902,243,645,0,0
84,44,1.09,312,660,86,211,76,150,0,0
84,45,0.72,413,775,360,721,18,18,0,0
84,46,6.05,1221,2888,1082,2737,46,50,0,0
84,47,7.89,993,4421,984,4397,3,8,0,0
84,48,15.69,1761,7475,1568,6635,64,280,0,0
84,49,14.61,1176,3240,1046,3006,20,39,0,0
84,50,18.97,1319,3119,1222,2917,19,53,0,0
84,51,8.85,756,2475,741,2434,5,14,0,0
84,52,20.32,1519,3738,1332,3382,39,96,0,0
84,53,32.01,1935,4476,1742,4108,40,82,0,0
84,54,45.79,2484,5771,2214,5409,31,44,0,0
84,55,38.09,2554,5126,2379,4863,48,66,0,0
84,56,42.34,2481,4411,2327,4215,44,58,0,0
84,57,0.78,51,101,51,101,0,0,0,0
84,60,0.73,38,75,0,0,38,75,0,0
84,69,5.33,554,1482,554,1482,0,0,0,0
84,70,23.26,1860,4413,1794,4261,22,50,0,0
84,71,30.71,1927,4236,1661,3856,42,63,0,0
84,72,31.33,2087,4837,1980,4656,24,37,0,0
84,73,28.65,1949,6483,1760,6137,33,74,0,0
84,74,22.92,1515,3802,1443,3675,18,46,0,0
84,75,28.33,1716,5000,1512,4558,42,91,0,0
84,76,23.71,1775,4500,1545,3946,35,87,0,0
84,77,22.32,1823,4810,1749,4690,25,29,0,0
84,78,25.74,2005,4636,1247,2887,625,1569,0,0
84,79,25.92,1971,3899,1332,2725,276,525,0,0
84,80,34.8,1557,3308,1252,2856,104,197,0,0
84,81,40.06,1957,4535,1647,4106,26,39,0,0
84,82,26.11,1737,3871,1525,3614,27,32,0,0
84,83,29.04,1523,3409,1360,3198,34,40,0,0
84,84,18.47,1414,3270,1356,3171,9,23,0,0
84,85,22.29,2052,5467,1898,5024,5,10,0,0
84,86,14.93,2018,7189,1974,7016,0,0,0,0
84,87,10.42,2265,8076,2035,7527,102,235,0,0
84,88,2.51,116,377,77,228,2,3,0,0
84,92,2.25,95,323,71,270,8,17,0,0
84,93,21.51,1636,5354,1402,4765,51,128,0,0
84,94,17.61,2378,9133,1998,8475,91,232,0,0
84,95,11.44,2510,8673,1943,7920,35,85,0,0
84,96,6.29,570,2178,554,2150,3,7,0,0
84,97,4.65,263,444,166,274,32,57,0,0
84,99,0.97,122,122,122,122,0,0,0,0
84,100,5.34,176,342,95,254,13,16,0,0
84,101,8.09,913,1896,782,1533,6,9,0,0
84,102,8.22,706,1526,479,1291,9,11,0,0
84,103,0.54,47,142,47,142,0,0,0,0
84,105,22.57,2208,3462,772,1836,1429,1616,0,0
84,106,13.07,1251,3009,1143,2793,0,0,0,0
84,107,15.96,1264,2931,1139,2682,41,83,0,0
84,108,13.34,641,1464,601,1425,7,7,0,0
84,109,22.24,1375,2748,1301,2632,4,11,0,0
84,110,8.22,981,1652,981,1652,128,150,0,0
84,111,0.27,83,343,83,343,0,0,0,0
84,116,1.03,923,2770,0,0,923,2770,0,0
84,117,1.2,723,1889,0,0,723,1889,0,0
84,122,1.57,639,2223,122,288,429,1673,0,0
84,123,4.86,3800,12752,2126,6204,1576,6253,0,0
84,124,2.03,6944,41418,82,246,6862,41172,0,0
84,125,0.92,4177,21206,0,0,4177,21206,0,0
84,126,0.25,94,281,0,0,94,281,0,0
85,0,20.8,1535,3115,1444,2968,30,53,0,0
85,1,8.02,847,1692,706,1407,98,191,0,0
85,2,1.67,1809,6489,0,0,147,294,0,0
85,3,0.06,237,709,0,1,235,704,0,0
85,4,1.63,5686,15837,0,0,5686,15837,0,0
85,5,0.84,1431,5427,0,0,1431,5427,0,0
85,6,1,297,891,0,0,297,891,0,0
85,7,0.54,27,54,2,4,2,4,0,0
85,11,5.26,1282,3454,1106,3219,59,78,0,0
85,12,1.45,787,2344,774,2319,4,8,0,0
85,19,2.86,243,556,243,556,0,0,0,0
85,20,14.16,1107,2784,1076,2736,32,80,0,0
85,21,13.01,859,1645,769,1526,12,21,0,0
85,22,9.65,587,1365,395,990,115,231,0,0
85,31,1.96,92,125,23,31,23,31,0,0
85,32,0.03,84,336,0,0,84,336,0,0
85,33,1.04,288,846,38,77,173,616,0,0
85,34,2.09,80,118,80,118,0,0,0,0
85,39,0.26,421,1684,0,0,421,1684,0,0
85,40,12.84,1474,3117,333,656,1044,2287,0,0
85,41,14.66,1062,2578,900,2393,54,62,0,0
85,42,26.98,1483,2763,1165,2278,97,207,0,0
85,43,2.03,526,1049,119,238,119,238,0,0
85,44,8.36,418,1027,341,940,5,7,0,0
85,45,20.22,1909,4380,1818,4246,11,13,0,0
85,46,7.16,1701,7224,1660,7157,5,5,0,0
85,47,11.4,1139,4506,1086,4400,36,132,0,0
85,48,16.46,1066,2917,661,2005,86,223,0,0
85,49,23.34,1694,4776,1401,4209,43,135,0,0
85,50,8.52,625,1388,569,1309,7,15,0,0
85,51,14.21,1132,2742,995,2437,30,40,0,0
85,52,19.45,1544,3433,1413,3236,7,7,0,0
85,53,27.99,1647,3526,1537,3399,18,23,0,0
85,54,32.74,2353,5649,1867,4381,107,314,0,0
85,55,28.93,2408,4979,2300,4853,30,37,0,0
85,56,24.34,1867,3581,1795,3508,13,13,0,0
85,60,0.27,14,27,0,0,14,27,0,0
85,69,7.94,645,1837,645,1837,0,0,0,0
85,70,26.15,1902,4458,1795,4273,4,7,0,0
85,71,32.17,2247,5459,1887,4721,15,28,0,0
85,72,35.42,1929,4030,1603,3496,30,53,0,0
85,73,33.93,1910,4706,1586,3998,30,58,0,0
85,74,36.53,2023,4769,1769,4386,41,78,0,0
85,75,20.26,1842,5119,1544,4344,79,204,0,0
85,76,29.87,1954,4636,1437,3421,120,294,0,0
85,77,21.22,1787,4386,1515,3668,86,234,0,0
85,78,23.06,1228,2748,1044,2384,66,138,0,0
85,79,27.22,1890,3903,1490,3101,123,278,0,0
85,80,32.75,1702,3559,1415,3170,32,48,0,0
85,81,35.42,2043,4348,1709,3714,61,150,0,0
85,82,34.35,1748,3933,1442,3428,60,122,0,0
85,83,22.58,1612,3987,1498,3843,56,147,0,0
85,84,13.85,1149,3173,1149,3173,0,0,0,0
85,85,11.67,1091,3368,1089,3361,1,2,0,0
85,86,0.99,140,289,140,289,0,0,0,0
85,87,1.29,88,309,88,309,0,0,0,0
85,88,0.47,991,3965,297,1189,991,3965,0,0
85,89,18.04,1783,7198,1672,6963,25,58,0,0
85,90,15.35,1001,3495,515,1530,149,624,0,0
85,91,19.26,1215,3867,993,3337,74,177,0,0
85,92,20.09,2895,11959,2803,11728,16,48,0,0
85,93,22.4,1833,6469,1105,3723,153,502,0,0
85,94,15.51,1820,6643,1742,6486,21,47,0,0
85,95,13.37,1482,5540,1426,5459,7,13,0,0
85,96,5.19,158,290,134,261,8,10,0,0
85,97,0.05,5,10,1,2,1,2,0,0
85,100,0.3,9,10,3,4,2,2,0,0
85,101,0.11,3,3,1,1,1,1,0,0
85,102,0.55,318,635,0,0,95,191,0,0
85,103,9.16,889,2135,27,27,624,1686,0,0
85,104,2.22,1112,3120,195,387,196,583,0,0
85,105,8.28,1612,4214,565,1127,85,244,0,0
85,106,14.89,1173,2301,1076,2145,3,10,0,0
85,107,17.12,1211,3576,628,1773,168,536,0,0
85,109,26.53,1628,3262,1398,2938,40,80,0,0
85,110,26.42,1827,4665,1663,4502,129,240,0,0
85,111,3.13,1336,6881,1336,6881,0,0,0,0
85,112,1.39,635,2620,450,2251,184,369,0,0
85,118,1,76,151,19,38,19,38,0,0
85,122,4.49,4003,15843,60,69,3943,15773,0,0
85,123,4.64,2976,7006,17,21,2960,6985,0,0
85,124,1.37,5756,29214,118,472,5638,28742,0,0
85,125,1.16,2936,12147,0,0,2936,12147,0,0
85,126,0.01,3,9,0,0,3,9,0,0
86,0,7.32,743,1360,654,1192,82,161,0,0
86,1,0.52,963,2888,0,0,0,0,0,0
86,2,1.04,1320,3511,0,0,135,270,0,0
86,3,1.75,96,184,20,37,28,56,0,0
86,4,2.66,3323,11187,6,12,3305,11152,0,0
86,5,2.45,2490,8257,155,583,2026,6509,0,0
86,6,3.66,1067,10737,206,2563,407,2964,0,0
86,7,2.81,2251,9485,119,1484,119,1484,0,0
86,8,0.16,936,3744,0,0,936,3744,0,0
86,9,0.08,505,2021,0,0,505,2021,0,0
86,11,2.04,312,936,116,349,58,173,0,0
86,12,1.25,425,1274,407,1221,6,18,0,0
86,14,1,129,259,0,0,129,259,0,0
86,15,1,1012,3037,0,0,0,0,0,0
86,19,1.93,153,303,151,300,1,1,0,0
86,20,4.93,904,2342,904,2342,134,401,0,0
86,21,10.78,1402,2924,968,2237,130,215,0,0
86,22,13.72,2075,4157,411,861,1495,2974,0,0
86,23,21.49,1510,3345,718,1414,692,1750,0,0
86,24,12.85,855,1700,714,1508,8,10,0,0
86,30,0.04,4,8,4,8,0,0,0,0
86,31,0.85,90,178,88,176,1,1,0,0
86,32,3,375,611,271,507,35,35,0,0
86,33,1,21,21,21,21,0,0,0,0
86,34,4.09,164,283,72,109,3,3,0,0
86,35,5.82,568,980,171,296,100,195,0,0
86,38,5.36,894,1480,18,36,532,1064,0,0
86,39,2.27,2689,5766,0,0,780,3120,0,0
86,40,16.12,1405,4256,992,2853,342,1328,0,0
86,41,16.04,1437,3414,1324,3286,11,16,0,0
86,42,12.07,1688,5878,1598,5709,19,46,0,0
86,43,1.14,560,2239,560,2239,0,0,0,0
86,44,17.58,1428,3455,1372,3363,12,24,0,0
86,45,27.3,1860,4505,1667,4109,19,31,0,0
86,46,14.23,1052,2809,1030,2752,7,19,0,0
86,47,15.41,1012,2788,527,1596,242,699,0,0
86,48,18.23,1102,2620,920,2196,70,164,0,0
86,49,20.65,1645,4653,1571,4521,16,36,0,0
86,50,2.21,198,430,186,418,0,0,0,0
86,51,4.81,287,560,196,469,8,8,0,0
86,52,23.3,1937,5289,1840,5120,25,50,0,0
86,53,15.6,1125,2498,1012,2362,9,17,0,0
86,54,12.95,990,2246,714,1432,92,271,0,0
86,55,11.45,910,2139,896,2118,5,7,0,0
86,56,2.6,300,572,272,544,0,0,0,0
86,57,1.99,2208,8833,0,0,2208,8833,0,0
86,58,0.74,62,247,0,0,62,247,0,0
86,59,4.85,2868,13703,0,0,2868,13703,0,0
86,60,2.3,101,316,0,0,101,316,0,0
86,68,0.25,236,236,0,0,236,236,0,0
86,69,10.08,1430,2288,711,1563,716,718,0,0
86,70,28.86,2005,4104,1821,3808,32,55,0,0
86,71,17.95,1711,4205,1547,3777,35,104,0,0
86,72,2.74,253,949,253,949,0,0,0,0
86,73,16.63,855,2836,786,2666,21,52,0,0
86,74,22.34,1415,3823,1293,3640,72,209,0,0
86,75,34.41,1902,4440,1692,4156,44,70,0,0
86,76,26.72,1491,4182,1301,3848,17,37,0,0
86,77,0.63,1212,6060,1212,6060,0,0,0,0
86,78,3.7,2532,8007,1030,5066,782,1543,0,0
86,79,20.9,1423,2891,1182,2547,50,95,0,0
86,80,32.59,1860,4187,1432,3407,100,216,0,0
86,81,35.92,2092,4224,1730,3589,197,379,0,0
86,82,35.26,2332,5311,2038,4775,120,226,0,0
86,83,16.07,1263,3148,1182,2963,18,34,0,0
86,84,7.19,479,1205,452,1164,9,14,0,0
86,86,5.07,766,1560,30,67,676,1359,0,0
86,87,0.59,799,3741,621,3028,254,1018,0,0
86,88,0.79,1181,4875,573,2440,870,3479,0,0
86,89,4,2432,10037,1075,4161,1263,5594,94,281
86,90,44.97,3985,12138,2411,6550,1280,4958,270,811
86,91,60.24,3929,11631,3070,9184,358,1014,0,0
86,92,31.07,1442,3722,1003,2918,98,171,0,0
86,93,29.53,1817,4181,1401,3361,91,144,0,0
86,94,13.89,1231,3138,883,2178,115,325,0,0
86,95,5.63,522,1146,492,1115,0,0,0,0
86,96,18.18,1265,2841,1224,2762,14,26,0,0
86,99,2,280,765,280,765,0,0,0,0
86,105,4.58,516,1381,153,292,109,326,0,0
86,106,7.54,436,720,436,720,0,0,0,0
86,107,11.42,720,1605,634,1519,23,23,0,0
86,108,7.08,625,1544,625,1544,0,0,0,0
86,109,26.63,1563,3185,1484,3106,8,8,0,0
86,110,35.72,2289,5168,1966,4733,0,0,0,0
86,111,12.99,936,2211,861,2136,13,13,0,0
86,112,2.29,1388,5842,0,0,1388,5842,0,0
86,113,2.39,715,2146,0,0,715,2146,0,0
86,118,4.04,421,824,105,206,105,206,0,0
86,122,3.6,4754,31166,56,174,4698,30992,0,0
86,123,3.4,6095,17330,182,391,5858,16771,0,0
86,124,0.61,9671,38682,0,1,9670,38678,0,0
86,125,1.92,3448,13794,0,0,3448,13794,0,0
87,0,2.47,174,348,172,344,1,1,0,0
87,3,0.21,759,3061,0,0,759,3061,0,0
87,4,0.8,3066,14801,0,0,3066,14801,0,0
87,5,2.98,3507,7260,877,1815,877,1815,0,0
87,6,4.09,2731,7878,628,1860,847,2298,0,0
87,7,2.82,3630,8657,355,1059,2564,5478,0,0
87,8,0.41,2720,12808,0,0,2720,12808,0,0
87,9,0.62,4067,18829,0,0,4067,18829,0,0
87,11,0.54,50,50,13,13,13,13,0,0
87,12,0.46,42,42,11,11,11,11,0,0
87,14,2.02,303,836,301,831,0,0,0,0
87,15,5.83,743,982,251,396,411,423,0,0
87,16,0.08,99,99,0,0,99,99,0,0
87,21,10.96,1426,3825,1055,2817,73,218,0,0
87,22,23.22,3031,7403,1045,2688,1921,4674,0,0
87,23,27.35,2745,6293,2184,5056,239,535,63,125
87,24,11.85,1897,5476,1670,5018,440,1346,0,0
87,25,2.85,636,1587,200,501,459,989,0,0
87,26,0.01,14,41,0,0,0,0,0,0
87,27,1.99,1366,3989,27,54,27,54,0,0
87,29,1,246,986,62,246,62,246,246,986
87,31,2.16,125,142,44,61,27,27,0,0
87,35,3.86,338,519,123,165,164,302,0,0
87,36,4.34,395,614,136,229,107,171,0,0
87,38,0.85,15,30,4,7,4,7,0,0
87,39,0.73,537,1612,0,0,537,1612,0,0
87,40,12.4,1253,2583,1012,2031,149,408,0,0
87,41,20,1046,2345,826,1962,62,117,0,0
87,42,18.67,1140,2491,901,1958,36,71,0,0
87,43,6.06,462,1040,376,809,73,211,0,0
87,44,15.17,1858,4770,1123,2837,623,1821,0,0
87,45,13.89,701,1862,624,1707,8,12,0,0
87,46,20.46,1533,3764,1398,3524,86,171,0,0
87,47,9.82,1584,4760,616,1910,960,2835,0,0
87,48,9.1,586,1495,336,895,192,542,0,0
87,49,9.68,996,3360,964,3314,45,224,0,0
87,50,1.86,559,2004,0,0,559,2004,0,0
87,51,0.11,29,86,0,0,29,86,0,0
87,52,5.89,283,404,211,332,8,8,0,0
87,53,22.56,1205,3110,1132,2985,13,31,0,0
87,54,6.91,417,1117,365,1019,11,26,0,0
87,55,12.39,838,2016,662,1549,59,156,0,0
87,56,2.68,421,647,34,68,380,566,0,0
87,57,3.55,3733,13322,0,0,3733,13322,0,0
87,58,2.24,3380,14114,0,0,3380,14114,0,0
87,59,2.5,1404,8516,0,0,1404,8516,0,0
87,60,0.97,474,2371,119,593,119,593,0,0
87,61,0.16,127,633,34,171,31,154,0,0
87,62,1,5,5,1,1,1,1,0,0
87,67,1.38,529,2290,529,2290,0,0,0,0
87,68,2,965,4769,954,4759,3,3,0,0
87,69,7.63,1092,3096,1076,3080,74,142,0,0
87,70,19.81,1828,3988,1688,3837,253,453,0,0
87,71,24.54,1951,5620,1707,5022,53,142,0,0
87,72,6.35,407,1167,391,1119,5,16,0,0
87,73,24.69,1385,3020,1269,2865,17,30,0,0
87,74,32.53,1935,5097,1718,4689,27,55,0,0
87,75,27.34,1823,4843,1766,4754,36,96,0,0
87,76,18.68,1532,4630,1192,3913,193,387,0,0
87,77,4.1,1806,6140,426,2093,1398,4099,0,0
87,78,4.1,912,3596,472,2644,252,619,0,0
87,79,23.16,1432,3498,1211,2883,39,153,0,0
87,80,26.36,1707,3528,1554,3220,18,30,0,0
87,81,33.81,1938,4394,1524,3364,78,178,0,0
87,82,21.29,1564,3216,1272,2681,235,498,0,0
87,83,8.92,355,672,313,617,9,14,0,0
87,84,11.7,734,1468,662,1369,17,26,0,0
87,85,13.64,733,1505,601,1318,60,111,0,0
87,86,12.44,1043,2484,671,1661,262,557,0,0
87,87,13.14,1474,5320,1178,4751,201,398,0,0
87,88,3.44,1500,7891,1431,7704,82,223,0,0
87,89,6.06,2221,8650,79,236,1298,5880,923,2770
87,90,30.02,4027,15827,958,2531,2805,12705,0,0
87,91,35.44,2120,6247,1627,5069,218,500,0,0
87,92,62.66,3321,7787,2818,6854,116,211,0,0
87,93,22.4,1892,4323,1412,3286,111,260,0,0
87,94,6.89,551,1180,403,868,66,153,0,0
87,95,11.42,1056,2636,1035,2593,7,14,0,0
87,96,1.59,213,612,213,612,0,0,0,0
87,97,1,105,105,105,105,0,0,0,0
87,98,3.01,119,225,109,214,3,3,0,0
87,99,6,727,2062,450,1321,21,34,0,0
87,100,1,136,407,136,407,0,0,0,0
87,108,1,37,37,37,37,0,0,0,0
87,109,11.44,767,1470,566,1125,30,51,0,0
87,110,31.22,1998,4658,1776,4344,39,116,0,0
87,111,13.25,1383,3908,1232,3619,44,87,0,0
87,112,5.06,1355,5145,368,996,987,4148,0,0
87,113,3.52,1168,3365,187,421,923,2770,0,0
87,114,2.98,394,1120,394,1120,0,0,0,0
87,118,3.96,204,349,51,87,51,87,0,0
87,122,1.37,7139,34276,0,0,7139,34276,0,0
87,123,1.43,5026,20648,70,211,4815,20016,0,0
87,124,1.32,8734,33633,326,977,7757,30701,0,0
87,125,1.4,2823,11171,20,60,2763,10991,0,0
88,3,0.51,1820,7280,0,0,1820,7280,0,0
88,4,0.26,814,3588,83,417,563,2336,0,0
88,5,0.88,2428,12140,607,3035,607,3035,0,0
88,6,1.41,4664,27378,30,31,4573,27285,0,0
88,7,0.62,5276,31232,35,106,5170,30914,0,0
88,8,0.71,5772,34632,0,0,5772,34632,0,0
88,9,1,41,81,10,20,10,20,0,0
88,13,3.01,234,603,197,566,12,12,0,0
88,14,8.1,765,1489,629,1218,39,78,0,0
88,15,14.58,1749,2984,713,1485,968,1388,0,0
88,16,2.5,1201,1256,9,17,1146,1148,0,0
88,18,1,279,558,70,140,70,140,0,0
88,19,0.14,17,50,17,50,0,0,0,0
88,20,4.22,463,951,463,951,0,0,0,0
88,21,10.85,780,1842,774,1828,2,5,0,0
88,22,10.14,1681,4669,1486,4304,27,45,0,0
88,23,21.09,2318,5408,1980,4736,12,23,283,566
88,24,16.16,1673,3870,1028,2327,123,298,0,0
88,25,21.09,2336,4723,1555,2152,260,857,0,0
88,26,4.2,920,1135,777,850,142,285,0,0
88,28,1,176,351,176,351,0,0,0,0
88,33,0.39,8,8,2,2,2,2,0,0
88,34,4,179,444,138,403,5,5,0,0
88,35,1.36,83,165,10,19,54,108,0,0
88,36,19.44,871,1543,456,863,158,266,0,0
88,39,1.1,125,428,53,211,72,217,0,0
88,40,20.06,989,1963,779,1734,31,37,0,0
88,41,52.93,2390,6509,2049,6075,5,12,0,0
88,42,3.16,2048,13284,1562,10600,56,155,0,0
88,43,10.73,832,2533,653,1919,41,73,0,0
88,44,16.56,1396,3447,1258,3225,70,182,0,0
88,45,2.5,440,1134,321,897,119,237,0,0
88,46,6.92,3229,8506,314,777,1986,5002,0,0
88,47,15.46,1260,2901,1166,2687,54,99,0,0
88,48,13.99,973,2425,833,2154,1,2,0,0
88,49,2.11,138,380,133,371,1,3,0,0
88,50,0.03,8,23,0,0,8,23,0,0
88,52,3.52,106,182,82,157,7,7,0,0
88,53,25.56,1322,3302,1137,3056,22,30,0,0
88,54,3.41,332,1029,322,1009,3,7,0,0
88,55,4.09,555,1740,431,1118,124,620,0,0
88,56,4.61,969,3136,0,0,969,3136,0,0
88,57,2.81,809,3047,0,0,809,3047,0,0
88,58,2.82,2476,16198,0,0,2476,16198,0,0
88,59,1.87,966,4335,22,65,945,4270,0,0
88,60,6.46,3116,13025,968,3824,716,3067,0,0
88,61,6.08,3909,18902,2957,14622,318,1427,0,0
88,62,4.93,2754,13294,2113,10429,255,1200,0,0
88,63,3.86,2623,13032,277,1267,675,3652,0,0
88,64,2.51,1673,7831,157,783,157,783,0,0
88,67,0.15,175,875,175,875,0,0,0,0
88,68,2.06,1434,6488,1434,6488,0,0,0,0
88,69,7.22,541,1900,513,1848,9,17,0,0
88,70,26.15,1705,3837,1534,3545,60,150,0,0
88,71,32.63,2183,5724,1705,4785,24,53,0,0
88,72,15.01,1205,3701,1143,3559,4,5,0,0
88,73,22.6,1470,4061,1350,3855,9,21,0,0
88,74,24.64,1365,3232,1129,2774,27,53,0,0
88,75,27.71,1579,3402,1343,2942,37,65,0,0
88,76,23.51,1949,4590,1677,4118,117,240,0,0
88,77,7.52,1233,3008,315,780,855,2162,0,0
88,78,3.99,2651,6578,1399,5326,417,417,0,0
88,79,6.9,2859,7218,637,1513,943,2670,0,0
88,80,6.14,2988,10606,134,219,2822,10351,0,0
88,81,5.1,327,699,40,47,203,568,0,0
88,82,1.93,33,64,12,29,13,23,0,0
88,83,15.63,1207,2543,1133,2426,76,142,0,0
88,84,8.83,1157,1572,547,908,225,265,0,0
88,85,8.22,902,1680,707,1471,65,70,0,0
88,86,7.88,556,1179,462,1070,48,86,0,0
88,87,23.9,1506,3232,1404,3083,22,31,0,0
88,88,7.3,2944,9809,547,2554,2397,7255,0,0
88,89,1.17,381,846,0,0,381,846,0,0
88,90,12.75,2710,4472,321,855,2374,3591,0,0
88,91,18.2,1439,3971,1335,3639,67,176,0,0
88,92,46.97,2137,5131,1610,3948,78,138,0,0
88,93,19.81,2022,4219,829,2145,662,961,0,0
88,94,12.05,1206,2765,1123,2669,70,74,0,0
88,95,4.37,279,665,254,637,8,10,0,0
88,96,11.59,897,1408,684,1080,62,100,0,0
88,97,4.24,196,347,115,204,27,48,0,0
88,98,3.74,152,208,125,181,9,9,0,0
88,99,2,277,748,246,717,10,10,0,0
88,110,8.03,880,2316,880,2316,0,0,0,0
88,111,5.17,1615,4285,1515,4093,7,13,0,0
88,112,5.03,646,1681,343,918,109,373,0,0
88,113,5.11,631,1822,456,1308,108,373,0,0
88,114,5.84,626,1598,568,1522,0,0,0,0
88,115,1.89,186,536,186,536,0,0,0,0
88,117,1,73,219,73,219,0,0,0,0
88,121,0.46,3300,16499,825,4125,825,4125,0,0
88,122,0.56,879,2906,35,171,775,2392,0,0
88,123,2.98,955,4154,0,0,955,4154,0,0
88,124,5.03,1037,2392,63,93,847,2112,0,0
89,0,13.74,3653,13127,2656,9312,319,1220,0,0
89,1,0.9,509,2035,509,2035,0,0,0,0
89,5,2,71,142,9,19,43,85,0,0
89,6,0.06,8,8,2,2,2,2,0,0
89,7,2,156,491,32,83,59,242,0,0
89,8,0.01,47,284,0,0,47,284,0,0
89,13,8,616,1055,469,893,49,54,0,0
89,14,16.81,832,1554,632,1167,42,90,0,0
89,15,19.42,1341,2859,1067,2293,72,169,0,0
89,16,13.05,954,2300,887,2207,23,31,0,0
89,17,19.82,838,1642,554,1220,79,137,0,0
89,18,7.1,411,878,292,646,23,64,0,0
89,19,1.57,71,211,69,206,1,2,0,0
89,20,7.22,387,910,348,813,13,32,0,0
89,21,0.88,403,805,0,0,336,672,0,0
89,22,12.75,970,1940,789,1577,156,313,0,0
89,23,17.67,1794,3587,1793,3585,0,1,0,0
89,24,18.2,1452,3084,1265,2764,30,60,0,0
89,25,22.28,1589,2928,1431,2627,121,234,0,0
89,26,17.78,1601,3609,1190,2680,129,293,0,0
89,27,1.91,481,1442,481,1442,0,0,0,0
89,33,1.61,71,71,18,18,18,18,0,0
89,34,6,504,670,316,421,20,41,0,0
89,35,3,95,191,57,115,13,25,0,0
89,36,1,169,508,169,508,0,0,0,0
89,40,14.31,817,1709,716,1596,21,25,0,0
89,41,26.95,1726,4639,1630,4420,11,29,0,0
89,42,7.67,2762,8363,1728,5810,252,666,0,0
89,43,19.71,969,1998,458,829,370,1025,0,0
89,44,23.56,1883,4428,1623,3716,231,695,0,0
89,45,20.88,1513,3581,849,1948,492,1216,0,0
89,46,3.14,2715,7585,404,1192,2704,7575,0,0
89,47,8.7,2247,7260,342,816,1144,4920,0,0
89,48,13.69,1005,2247,742,1763,213,411,0,0
89,49,12.22,939,2331,906,2297,1,2,0,0
89,50,9.63,525,1323,376,975,12,31,0,0
89,51,2.53,66,81,8,12,8,12,0,0
89,52,11.36,1091,2995,1084,2987,2,2,0,0
89,53,7,720,1727,699,1689,50,149,0,0
89,55,3.65,358,1048,339,1009,7,13,0,0
89,56,1.59,186,373,186,373,0,0,0,0
89,57,1.53,35,70,0,0,35,70,0,0
89,58,5.73,451,976,0,0,451,976,0,0
89,59,1.3,1544,7446,1544,7446,0,0,0,0
89,60,3.05,3959,20655,3796,19839,54,272,0,0
89,61,2.94,2719,14956,2108,11903,204,1018,0,0
89,62,6.91,2664,11907,1584,7210,424,1629,0,0
89,63,1.43,1818,8635,15,76,1119,5137,0,0
89,64,3.43,3217,12872,0,0,1583,4705,0,0
89,65,1.41,85,170,52,103,11,23,0,0
89,66,10.68,830,1377,779,1323,50,83,0,0
89,68,2.98,398,1077,398,1077,0,0,0,0
89,69,20.57,1464,3154,1364,2999,19,37,0,0
89,70,24.78,1535,3302,1397,3042,21,45,0,0
89,71,30.3,1705,3543,1377,3068,28,51,0,0
89,72,27.18,1892,4515,1748,4292,25,51,0,0
89,73,28.28,1791,4107,1480,3581,60,108,0,0
89,74,27.75,1418,3039,1154,2660,49,66,0,0
89,75,29.08,1582,3839,1283,3420,69,109,0,0
89,76,32.25,1994,5270,1722,4567,83,223,0,0
89,77,22.5,1743,3912,1601,3707,14,34,0,0
89,78,17.82,2030,6560,1068,2200,321,1453,0,0
89,79,2.56,1486,2322,326,445,507,987,0,0
89,80,0.02,20,60,0,0,6,18,0,0
89,81,1.24,878,1991,0,0,71,212,0,0
89,82,9.74,898,1646,435,793,154,284,0,0
89,83,17.75,1440,3289,1193,2815,217,427,0,0
89,84,7.98,534,1365,530,1353,1,4,0,0
89,85,10.25,625,1300,527,1148,34,35,0,0
89,86,13.29,989,1962,671,1580,174,195,0,0
89,87,10.97,1020,2395,761,1923,104,138,0,0
89,88,0.62,58,58,1,1,54,54,0,0
89,90,4.5,797,797,0,0,797,797,0,0
89,91,4.65,253,572,226,493,9,26,0,0
89,92,11.33,993,2510,676,1821,164,445,0,0
89,93,13.55,1711,3479,1100,2615,294,487,0,0
89,94,6.59,356,853,261,729,32,41,0,0
89,95,12.56,762,1700,667,1536,29,52,0,0
89,96,21.3,1657,3740,1387,3289,87,147,0,0
89,97,3.35,417,1050,266,747,50,101,0,0
89,98,5.21,511,980,306,601,68,126,0,0
89,103,0.13,21,21,0,0,21,21,0,0
89,111,7.02,456,1024,416,985,6,6,0,0
89,112,5.58,398,640,367,610,7,7,0,0
89,113,10.71,1250,2367,733,1295,0,0,0,0
89,114,9.42,983,2513,894,2424,0,0,0,0
89,115,6.54,708,1495,708,1495,0,0,0,0
89,116,1.23,66,98,40,72,9,9,0,0
89,118,0.63,22,22,22,22,0,0,0,0
89,121,1.28,5956,41571,988,4878,2993,26937,0,0
89,122,0.62,3018,32090,39,158,2899,31618,0,0
89,123,0.05,588,6464,0,0,588,6464,0,0
89,124,1.14,2066,10317,8,23,2059,10294,0,0
89,125,1.53,1177,5501,0,0,1177,5501,0,0
89,126,1.71,4717,14416,0,0,4717,14416,0,0
89,127,0.26,1086,4345,0,0,1086,4345,0,0
90,0,6.74,1659,7241,1647,7217,4,8,0,0
90,1,0.36,178,891,178,891,0,0,0,0
90,5,1,148,445,37,111,37,111,0,0
90,13,0.02,1,1,0,0,0,0,0,0
90,14,7.32,647,1426,540,1212,3,6,0,0
90,15,9.41,881,1707,804,1525,14,38,0,0
90,16,25.36,1496,2951,1186,2551,93,118,0,0
90,17,6.9,497,1021,491,1008,2,4,0,0
90,18,7.93,701,1320,353,686,116,211,0,0
90,21,0.93,1545,3090,0,0,463,927,0,0
90,22,4.68,374,749,362,724,4,7,0,0
90,23,7.01,350,678,266,526,28,51,0,0
90,24,18.59,1566,3428,1293,2768,81,209,0,0
90,25,14.25,1071,2556,923,2187,49,123,0,0
90,26,1.03,95,246,28,71,22,58,0,0
90,32,1,56,56,14,14,14,14,0,0
90,33,2,104,208,55,110,16,33,0,0
90,35,0.51,8,8,2,2,2,2,0,0
90,36,1.49,82,232,77,226,2,2,0,0
90,37,2.45,212,275,210,272,19,38,0,0
90,38,0.37,85,85,85,85,0,0,0,0
90,40,16.89,1135,2829,1063,2753,11,12,0,0
90,41,16.67,1334,3171,1207,2992,13,13,0,0
90,42,19.23,2039,3659,1654,3175,99,102,0,0
90,43,12.27,573,1314,404,1031,45,84,0,0
90,44,2.68,940,4265,940,4265,0,0,0,0
90,45,6.74,1621,7769,1603,7733,1,1,0,0
90,46,9.19,1516,5545,1085,4309,391,1171,0,0
90,47,16,1403,4576,1061,3395,249,954,0,0
90,48,19.96,1493,3708,1288,3403,82,168,0,0
90,49,25.28,1215,2823,922,2251,101,206,0,0
90,50,22.3,1643,4703,1305,3848,291,800,0,0
90,51,30.51,1946,4590,1510,3832,270,600,0,0
90,52,23.61,1794,4599,1582,4207,81,187,0,0
90,53,2.86,87,241,66,199,0,0,0,0
90,55,1,19,19,0,0,0,0,0,0
90,56,4.41,516,1269,463,1164,18,35,0,0
90,59,2.11,3398,16428,3398,16428,0,0,0,0
90,60,3.83,3404,20851,3284,19687,115,1158,0,0
90,61,4,1321,5264,1266,5179,18,28,0,0
90,62,2.14,1812,5381,133,342,1680,5039,0,0
90,63,2.04,3193,9364,0,0,3193,9364,0,0
90,64,3.45,3981,11513,0,0,1898,5272,0,0
90,65,8.57,2806,6431,567,1269,466,930,0,0
90,66,7.74,435,704,286,555,46,46,0,0
90,68,8.59,735,1871,457,1149,93,241,0,0
90,69,28,1825,4806,1563,4275,72,159,0,0
90,70,23.85,1253,3578,1100,3339,31,48,0,0
90,71,22.74,1939,5084,1637,4399,163,483,0,0
90,72,32.39,1746,4624,1650,4481,21,32,0,0
90,73,32.75,1648,3387,1386,2934,37,54,0,0
90,74,23.81,1439,3400,1300,3174,33,57,0,0
90,75,36.01,1985,4522,1740,4188,45,74,0,0
90,76,28.76,1657,4089,1439,3639,30,79,0,0
90,77,16.43,1264,3483,646,1929,546,1464,0,0
90,78,10.35,1702,4669,212,232,1395,4303,0,0
90,79,4.6,412,1090,0,0,412,1090,0,0
90,80,1.12,163,403,11,11,47,119,0,0
90,81,4.58,1241,3185,267,637,553,1287,0,0
90,82,12.98,1068,2376,1063,2366,2,3,0,0
90,83,16.74,1253,3099,1220,3060,4,6,0,0
90,84,9.71,855,1972,569,1411,4,4,0,0
90,85,18.08,955,2327,840,2113,27,60,0,0
90,86,8.43,470,1024,361,815,91,181,0,0
90,87,0.69,190,380,57,114,190,380,0,0
90,88,1,33,33,8,8,8,8,0,0
90,92,1.05,470,941,118,235,118,235,0,0
90,93,2.95,72,113,18,28,18,28,0,0
90,94,1.09,137,528,34,132,34,132,0,0
90,95,3.7,488,855,481,841,2,5,0,0
90,96,8.01,795,1781,681,1610,19,19,0,0
90,98,1.51,1523,3045,1523,3045,0,0,0,0
90,99,0.03,52,103,52,103,0,0,0,0
90,103,0.87,139,139,0,0,139,139,0,0
90,112,4.41,680,1316,663,1299,0,0,0,0
90,113,12.47,1066,1998,1066,1998,0,0,0,0
90,114,11.64,886,1631,490,1015,16,16,0,0
90,115,17.51,1039,1954,915,1830,5,5,0,0
90,116,1,53,106,13,26,13,26,0,0
90,118,0.37,13,13,13,13,0,0,0,0
90,119,1.71,3806,15176,0,0,3806,15176,0,0
90,120,0.4,480,1450,0,0,480,1450,0,0
90,121,0.81,3949,41652,0,0,3949,41652,0,0
90,122,0.24,2985,32833,0,0,2985,32833,0,0
90,123,0.02,255,1401,0,0,255,1401,0,0
90,124,1.62,9169,45834,0,0,9169,45834,0,0
90,125,2.66,1841,8773,0,0,1841,8773,0,0
90,126,2.49,3486,10942,16,16,3469,10926,0,0
90,127,0.54,2231,8926,0,0,2231,8926,0,0
91,0,3.13,1199,3481,0,0,1199,3481,0,0
91,1,0.08,14,43,0,0,14,43,0,0
91,4,0.76,184,553,46,138,46,138,0,0
91,5,3.66,2364,5123,591,1281,591,1281,0,0
91,13,0.76,28,28,7,7,7,7,0,0
91,14,14.36,709,1982,521,1563,51,116,0,0
91,15,14.04,1005,2272,850,1949,44,93,0,0
91,16,17.28,993,2559,943,2454,16,34,0,0
91,17,2.92,166,486,160,476,2,3,0,0
91,18,7.99,636,1375,577,1252,20,41,0,0
91,19,6.08,455,730,427,702,0,0,0,0
91,20,2.14,363,668,363,668,0,0,0,0
91,21,4.53,573,573,573,573,0,0,0,0
91,23,12.91,1149,2219,827,1634,154,289,0,0
91,24,6.93,327,645,204,405,41,80,0,0
91,25,2.71,258,361,64,90,64,90,0,0
91,32,3.26,204,411,158,323,32,61,0,0
91,33,4.44,434,873,139,361,210,394,0,0
91,37,7.18,458,886,333,658,75,142,0,0
91,38,1,43,85,43,85,0,0,0,0
91,40,22.18,1113,2397,848,1963,84,141,0,0
91,41,18.38,2574,9888,2415,9518,40,107,0,0
91,42,37.95,2422,5958,2399,5908,8,17,0,0
91,43,20.1,1450,3424,1441,3410,3,4,0,0
91,44,2.98,289,578,229,458,0,0,0,0
91,45,3.05,1269,5918,1268,5916,0,0,0,0
91,46,3.88,1191,5795,1164,5659,9,45,0,0
91,47,4.91,1586,6786,1143,5296,363,1153,0,0
91,48,24.07,1792,4564,1680,4404,4,5,0,0
91,49,31.14,2243,5145,1401,3555,765,1599,0,0
91,50,22.8,2313,6265,1134,3356,624,1426,0,0
91,51,18.26,1314,3530,1107,3137,69,131,0,0
91,52,13.63,847,2284,590,1663,81,198,0,0
91,53,26.78,1343,2887,943,1968,285,724,0,0
91,54,10.37,1275,5611,1168,5333,88,245,0,0
91,55,2.16,970,4341,748,4120,74,74,0,0
91,56,0.46,184,905,154,875,10,10,0,0
91,58,0.58,829,4146,829,4146,0,0,0,0
91,59,2.75,3368,15809,3368,15809,0,0,0,0
91,60,9.07,2498,7273,905,2651,1807,5612,0,0
91,61,1.04,106,213,25,50,31,63,0,0
91,62,2.03,4392,16424,0,0,4392,16424,0,0
91,63,2.56,450,1338,6,6,432,1320,0,0
91,64,2.38,452,952,181,310,173,345,0,0
91,65,22.22,1360,3426,972,2264,79,265,0,0
91,66,4,241,454,220,432,7,7,0,0
91,68,2.9,274,831,274,831,0,0,0,0
91,69,28.07,1611,3908,1482,3689,41,70,0,0
91,70,9.59,579,1330,485,1214,44,87,0,0
91,71,16.41,1187,2868,1055,2687,24,41,0,0
91,72,28.34,2138,4620,1327,3372,527,668,0,0
91,73,31.4,1893,4487,1304,3287,341,876,0,0
91,74,21.77,1699,4079,1235,2847,354,1047,0,0
91,75,16.71,2744,7926,363,723,2265,7002,0,0
91,76,8.5,1999,7446,1253,6419,119,262,0,0
91,77,11.2,2511,7716,221,1065,2290,6651,0,0
91,78,5.27,1300,3374,0,0,1300,3374,0,0
91,79,4.77,281,647,248,614,5,5,0,0
91,80,27.49,1571,3556,1400,3316,14,25,0,0
91,81,16.95,1475,3528,1442,3463,18,36,0,0
91,82,8.55,733,1843,540,1458,131,261,0,0
91,83,17.28,1348,2638,800,1787,220,457,0,0
91,84,18.72,1261,1993,1121,1800,26,42,0,0
91,85,21.36,1316,2973,1009,2427,169,335,0,0
91,89,5,368,1022,326,974,4,6,0,0
91,90,9.47,1198,2494,1034,2089,90,214,0,0
91,91,7.02,926,2366,704,1795,106,254,0,0
91,93,3,479,1231,120,308,120,308,0,0
91,94,1,439,2196,110,549,110,549,439,2196
91,95,2,29,29,7,7,7,7,0,0
91,96,3.79,446,780,337,671,6,6,0,0
91,97,6.56,657,1216,494,1052,0,0,0,0
91,98,1.19,363,728,363,728,0,0,0,0
91,112,1,23,23,23,23,0,0,0,0
91,113,2.09,135,154,48,66,29,29,0,0
91,114,4.45,503,866,205,568,228,228,0,0
91,115,5.03,243,577,243,577,0,0,0,0
91,116,7,683,1579,369,723,20,31,0,0
91,119,3.21,1108,4137,0,0,1074,4103,0,0
91,120,2.68,1631,5499,36,145,1522,5065,0,0
91,121,1.49,224,673,9,26,216,647,0,0
91,124,0.03,409,2046,0,0,409,2046,0,0
91,125,1.84,1778,7192,5,5,1773,7186,0,0
91,127,2.49,515,2431,157,644,362,1809,0,0
92,3,0.45,59,118,59,118,0,0,0,0
92,4,3.97,606,1691,48,112,462,1354,0,0
92,5,6.61,3075,8870,769,2217,769,2217,0,0
92,13,5.48,917,2443,587,1520,110,308,0,0
92,14,10.2,1030,2627,1013,2590,6,12,0,0
92,15,15.27,1093,2579,984,2364,11,24,0,0
92,16,1.68,28,28,3,3,3,3,0,0
92,18,12.28,1110,2318,1085,2291,8,9,0,0
92,19,14.43,898,1790,673,1377,37,65,0,0
92,20,3.26,415,415,415,415,0,0,0,0
92,21,0.74,176,353,34,68,176,353,0,0
92,22,1,41,41,12,12,41,41,0,0
92,23,1.59,254,444,16,16,206,395,0,0
92,24,2,116,232,103,206,4,9,0,0
92,25,1.25,44,44,11,11,11,11,0,0
92,32,4.21,316,498,8,8,292,474,0,0
92,33,5.21,827,2021,36,89,718,1754,0,0
92,34,0.16,59,177,0,0,59,177,0,0
92,38,3,143,286,97,194,5,10,0,0
92,40,13.12,737,1510,660,1406,13,13,0,0
92,41,24.52,2912,10417,2560,9749,185,357,0,0
92,42,38.4,2790,7527,2723,7341,22,62,0,0
92,43,19.14,1423,3649,1335,3497,14,21,0,0
92,44,2.39,117,335,111,329,2,2,0,0
92,45,14.24,1215,2775,910,2448,4,4,0,0
92,46,10.03,1615,5166,1478,4755,0,0,0,0
92,47,15.63,2076,6700,1699,5283,126,472,0,0
92,48,28.94,1585,3780,1377,3476,20,28,0,0
92,49,28.3,2743,8119,2479,7453,356,1014,0,0
92,50,37.33,2614,7582,2090,6347,372,953,0,0
92,51,12.68,934,2377,790,2079,44,90,0,0
92,52,23.29,1717,4584,1625,4374,13,35,0,0
92,53,14.15,930,2227,853,2124,75,195,0,0
92,54,11.13,1360,4944,1296,4817,7,7,0,0
92,55,6.33,2098,9788,1252,7103,0,0,0,0
92,56,5.11,2053,9014,1441,8388,51,51,0,0
92,57,0.14,111,665,111,665,0,0,0,0
92,58,5.05,532,1697,520,1674,4,8,0,0
92,59,3.62,1130,4330,1128,4326,1,1,0,0
92,60,3.12,976,3746,875,3551,138,377,0,0
92,61,6.96,1547,3703,57,111,1267,3153,0,0
92,62,9.2,1260,4168,421,1201,1009,3513,0,0
92,63,19.78,2033,3347,1910,3203,41,48,0,0
92,64,6.45,759,2063,678,1971,27,31,0,0
92,65,6.64,361,906,334,878,5,5,0,0
92,67,1.06,45,48,11,12,11,12,0,0
92,68,2.32,67,120,42,81,8,13,0,0
92,69,16.4,946,2198,900,2114,38,73,0,0
92,70,28.35,2077,4964,1577,4027,360,786,0,0
92,71,29.82,1916,4473,1491,3635,100,213,0,0
92,72,24.87,1886,4591,1757,4266,85,195,0,0
92,73,25.4,2421,6224,1214,2717,1114,3371,0,0
92,74,5.24,3884,13492,5,5,3869,13478,0,0
92,75,8.81,3501,12318,0,0,3501,12318,0,0
92,76,8.1,4296,10873,223,223,3687,10107,0,0
92,77,7.03,1825,5750,53,53,1694,5618,0,0
92,78,2.54,495,1538,424,1253,71,285,0,0
92,79,15.16,1448,3188,1386,3116,5,8,0,0
92,80,45.99,2033,4401,1753,3997,32,46,0,0
92,81,25.27,1845,4339,1713,4097,33,58,0,0
92,82,12.14,1042,2149,839,1723,119,245,0,0
92,83,17.37,1227,2643,1095,2336,13,21,0,0
92,84,24.08,1352,3323,1021,2603,45,110,0,0
92,85,28.6,1683,3530,1417,3083,87,161,0,0
92,86,6.44,258,636,176,526,5,14,0,0
92,89,0.21,36,74,36,74,0,0,0,0
92,90,10.13,766,1792,692,1680,14,20,0,0
92,91,12.09,797,1885,601,1523,101,193,0,0
92,92,1.08,63,74,63,74,3,6,0,0
92,94,3.28,167,303,138,274,10,10,0,0
92,95,16.95,1122,2868,961,2654,41,59,0,0
92,96,13.61,907,2029,595,1443,89,163,0,0
92,97,13.08,656,1520,371,840,71,202,0,0
92,113,0.23,26,131,26,131,0,0,0,0
92,115,14.94,658,986,481,726,0,0,0,0
92,116,1.09,69,118,69,118,0,0,0,0
92,125,1.17,7,7,7,7,0,0,0,0
92,126,7.84,683,1259,279,527,362,690,0,0
92,127,14.28,2086,8086,522,2043,1600,6097,0,0
93,2,5.54,377,1000,360,983,6,6,0,0
93,3,9.01,722,1752,703,1709,6,14,0,0
93,5,1,18,18,5,5,5,5,0,0
93,13,1.33,379,758,379,758,0,0,0,0
93,14,3.81,136,271,75,149,20,41,0,0
93,15,0.6,96,193,96,193,0,0,0,0
93,18,4.5,331,582,302,524,10,19,0,0
93,19,2.78,161,392,113,321,7,15,0,0
93,21,3.26,492,1161,236,659,295,587,0,0
93,31,0.3,107,107,0,0,107,107,0,0
93,32,1.4,423,769,0,0,423,769,0,0
93,33,5,34,57,8,14,8,14,0,0
93,38,2.32,178,178,150,150,1,1,0,0
93,40,8.78,351,999,276,775,25,74,0,0
93,41,33.84,2275,5577,1691,4068,269,687,0,0
93,42,8.34,1168,2541,562,1329,591,1182,0,0
93,43,12.75,2617,8941,2528,8759,21,53,0,0
93,44,29.56,2089,5587,1955,5452,38,38,0,0
93,45,7.3,525,1013,390,775,106,207,0,0
93,46,18.76,1683,3798,1478,3428,166,375,0,0
93,47,15.81,1454,3297,1258,2866,168,349,0,0
93,48,21.23,1792,5858,1717,5717,13,27,0,0
93,49,13.14,1791,8069,1525,7007,54,216,0,0
93,50,27.81,1915,4930,1633,4108,61,166,0,0
93,51,20.42,2115,6224,2021,6058,36,101,0,0
93,52,40.65,4275,12327,3185,9938,965,2207,0,0
93,53,40.37,2231,5545,1549,3973,273,654,0,0
93,54,15.58,2082,5906,681,1410,497,1811,0,0
93,55,10.42,1157,3246,385,1100,346,996,343,1028
93,56,8.95,1870,5669,1437,4389,286,858,335,1006
93,57,14.09,1437,3610,898,2799,434,706,0,0
93,58,4.46,697,2091,538,1478,53,204,0,0
93,59,1,816,4898,816,4898,0,0,0,0
93,60,2.21,1201,6126,1067,5859,133,266,0,0
93,61,21.95,1869,4719,705,1789,871,2409,0,0
93,62,13.79,1866,5740,1334,3730,741,2850,0,0
93,63,13.93,1271,2846,1070,2432,15,38,0,0
93,64,13.1,2158,7491,1824,6874,51,146,0,0
93,65,1.46,2261,13246,2261,13246,0,0,0,0
93,66,1.53,1354,8125,1354,8125,0,0,0,0
93,67,7.57,1087,5142,1006,5000,27,47,0,0
93,68,3.16,269,537,221,442,16,32,0,0
93,69,2.66,181,421,177,417,4,4,0,0
93,70,6.97,2705,8288,385,1108,1733,5384,0,0
93,71,42.83,2741,5738,1935,4430,491,937,0,0
93,72,33.54,2473,6171,1747,4537,486,1092,283,850
93,73,42.04,2499,6125,1920,4901,212,505,0,0
93,74,16.52,4003,15349,2247,11592,1721,3628,0,0
93,75,10.76,3650,11277,0,0,3650,11277,0,0
93,76,4.09,2278,6640,0,0,2278,6640,0,0
93,77,1.32,79,130,0,0,79,130,0,0
93,78,10.68,1709,2690,1691,2655,6,12,0,0
93,79,16.56,1671,2784,1584,2682,5,10,0,0
93,80,34.25,1954,4796,1618,4029,36,72,0,0
93,81,22.96,1423,3320,1325,3172,23,32,0,0
93,82,18.39,1328,2557,1077,2291,245,358,0,0
93,83,20.23,1436,3706,1311,3523,10,25,0,0
93,84,4.29,232,522,105,229,36,92,0,0
93,85,7.51,440,989,374,923,6,6,0,0
93,86,15.7,877,1890,845,1849,8,11,0,0
93,89,2.97,311,760,280,697,10,21,0,0
93,90,0.03,4,12,4,12,0,0,0,0
93,94,0.72,24,47,23,45,0,0,0,0
93,95,12.89,890,1622,802,1525,29,32,0,0
93,96,2.12,188,348,147,295,4,8,0,0
93,112,1.84,503,1007,503,1007,140,280,0,0
93,113,0.93,179,621,179,621,28,55,0,0
93,116,2.97,83,104,83,104,0,0,0,0
93,118,0.15,7,14,7,14,0,0,0,0
93,119,0.85,42,84,42,84,0,0,0,0
93,126,4.67,523,1729,305,1371,164,193,0,0
93,127,0.33,241,482,0,0,241,482,0,0
94,1,1.46,290,815,269,793,86,243,0,0
94,2,25.36,1866,4239,1710,4070,279,764,0,0
94,3,13.63,1182,2958,971,2548,31,59,0,0
94,4,0.02,1,3,1,3,0,0,0,0
94,9,0.82,333,808,83,202,83,202,0,0
94,10,0.35,102,203,25,51,25,51,0,0
94,30,0.87,130,261,130,261,0,0,0,0
94,31,1.13,83,103,36,56,16,16,0,0
94,32,0.01,1,1,1,1,0,0,0,0
94,33,4.54,762,1482,155,300,387,764,0,0
94,34,0.31,245,490,61,122,61,122,0,0
94,38,2.68,84,84,48,48,3,3,0,0
94,39,1,22,22,6,6,6,6,0,0
94,40,0.33,107,213,0,0,107,213,0,0
94,41,8.52,3085,10944,359,1335,2746,9787,0,0
94,42,16.87,2575,8519,1550,5614,388,1059,0,0
94,43,25.35,2046,5070,1585,4218,158,178,0,0
94,44,14.23,1421,3987,954,2440,299,974,0,0
94,45,24.26,2026,4270,1728,3815,187,396,0,0
94,46,2.65,226,226,131,131,0,0,0,0
94,47,13.67,1461,3124,690,1598,552,1098,0,0
94,48,15.49,1826,3599,1804,3577,4,4,0,0
94,49,12.46,1709,3939,1547,3615,54,108,0,0
94,50,11.23,1339,2479,703,1376,531,970,0,0
94,51,17.92,1577,4430,960,2984,360,765,154,307
94,52,8.07,3219,10803,755,3073,2123,6138,0,0
94,53,64.09,3878,11620,2943,8679,655,2309,0,0
94,54,31.25,3069,10188,1375,3984,1672,6275,0,0
94,55,10.79,2439,7110,271,659,2439,7110,0,0
94,56,8.19,1114,3715,493,1299,615,2399,0,0
94,57,14.94,1450,3947,1314,3719,54,109,0,0
94,58,12.43,1785,3947,1109,2601,679,1355,0,0
94,59,1.06,340,1945,340,1945,37,256,0,0
94,60,0.84,582,2773,582,2773,0,0,0,0
94,61,11.97,1663,4948,1004,3654,43,110,0,0
94,62,28.7,1618,3614,1282,3005,102,213,0,0
94,63,29.66,1628,3565,1275,3027,64,125,0,0
94,64,27.94,1991,4630,1528,4104,142,153,0,0
94,65,13.52,1986,7773,1335,5808,64,81,0,0
94,66,2.22,1138,6781,940,5557,0,0,0,0
94,67,12.45,1915,7620,1865,7520,17,33,0,0
94,68,2.01,124,234,124,234,0,0,0,0
94,69,15.28,901,2382,636,1713,25,52,0,0
94,70,14.77,1449,4647,1395,4549,2,4,0,0
94,71,23.72,2001,6963,1877,6783,15,28,0,0
94,72,21.97,1686,4423,1623,4315,4,7,0,0
94,73,33.69,2793,7727,2614,7328,17,32,0,0
94,74,6.71,1535,6579,862,3553,405,1671,0,0
94,75,9.19,2790,9999,845,4217,1895,5546,0,0
94,76,5.67,1985,6494,0,0,1985,6494,0,0
94,77,3.79,498,996,484,969,5,9,0,0
94,78,13.04,2014,3136,1998,3104,5,11,0,0
94,79,16.51,1875,3764,1743,3545,83,167,0,0
94,80,19.66,1546,3116,1505,3016,14,33,0,0
94,81,15.17,1109,2210,881,1840,140,187,0,0
94,82,2.45,215,562,208,556,2,2,0,0
94,83,2.2,230,690,230,690,0,0,0,0
94,85,3.83,406,811,406,811,0,0,0,0
94,86,11.57,926,1837,903,1806,8,10,0,0
94,87,18.96,1328,3029,1286,2967,5,12,0,0
94,88,10.55,723,1903,686,1856,2,6,0,0
94,115,1,17,17,0,0,0,0,0,0
94,116,11.01,380,845,380,845,31,61,0,0
94,117,17.83,839,1947,839,1947,49,97,0,0
94,118,2.21,188,392,188,392,0,0,0,0
94,125,2,342,1334,307,1228,0,0,0,0
94,126,0.49,85,419,81,406,0,0,0,0
94,127,3.51,492,1284,127,320,393,1047,0,0
95,1,13.87,1513,4129,1404,3857,243,713,0,0
95,2,15.01,1106,2657,826,2165,125,330,0,0
95,3,27.83,1789,4551,1596,4242,51,90,0,0
95,4,18.41,1045,2612,1022,2567,7,15,0,0
95,9,3.79,1155,2880,392,953,327,714,0,0
95,10,1.05,193,427,10,31,162,334,0,0
95,30,4.46,192,487,95,240,32,82,0,0
95,31,14.24,973,2285,838,2059,21,39,0,0
95,32,23.79,1524,3191,1342,2774,15,18,0,0
95,33,17.16,1301,2590,807,1663,265,545,0,0
95,34,11.26,1639,2891,693,1368,542,843,0,0
95,35,0.96,65,196,65,196,0,0,0,0
95,38,1.89,877,3462,860,3427,6,12,0,0
95,39,7.18,529,1317,376,873,128,378,0,0
95,40,7.63,501,1637,298,908,68,243,0,0
95,41,3.06,192,451,130,285,53,201,0,0
95,42,31.07,2481,4896,2004,3984,111,217,0,0
95,43,16.79,1728,5914,1589,5668,25,60,0,0
95,44,30.74,2416,6246,1412,4189,426,1060,0,0
95,45,13.1,2161,6239,1346,4304,305,733,0,0
95,46,11,152,159,39,47,38,38,0,0
95,47,2.69,443,886,111,222,111,222,0,0
95,48,2.29,242,468,46,88,116,229,0,0
95,49,16.51,1723,3224,828,1660,668,1261,0,0
95,50,13.29,1280,3861,1139,3598,115,242,0,0
95,51,12.75,2278,4756,2223,4696,70,72,0,0
95,52,8.21,1804,9104,1454,8502,348,596,0,0
95,53,15.61,1808,7239,1369,5448,518,2174,0,0
95,54,35.76,3875,11534,1965,6232,1515,4237,0,0
95,55,28.85,4210,14431,2727,9653,1680,5656,0,0
95,56,8.63,2772,12164,2156,9769,788,3134,0,0
95,57,11.94,848,2441,737,2261,0,0,0,0
95,58,12.32,1282,5570,1098,5244,36,56,0,0
95,59,1.62,1497,8924,1293,8679,290,1660,0,0
95,60,2.78,1748,10098,1377,8984,307,2152,0,0
95,61,16.35,1895,4647,1374,3706,217,566,0,0
95,62,25.56,1954,4652,1792,4267,60,131,0,0
95,63,13.4,1936,5620,1198,4757,36,61,0,0
95,64,7.75,1293,5440,1233,5341,3,3,0,0
95,65,6.99,1798,10816,1217,7476,7,14,0,0
95,66,3.48,1641,11566,856,5989,0,0,0,0
95,67,12,1549,4523,1343,3546,129,382,0,0
95,68,5.53,1056,2959,434,1213,640,1799,0,0
95,69,9.48,494,957,443,900,12,14,0,0
95,70,10.04,813,4070,739,3934,16,31,0,0
95,71,11.91,1185,4886,997,4576,60,117,0,0
95,72,36.58,2286,5303,2177,5147,15,31,0,0
95,73,24,1826,5431,1633,4959,99,288,0,0
95,74,22.56,2953,14125,2313,11565,313,1350,0,0
95,75,5.58,2409,9231,183,1085,2212,8091,0,0
95,76,0.09,71,212,0,0,71,212,0,0
95,77,8.92,1316,2277,1316,2277,0,0,0,0
95,78,13.39,1888,2753,1888,2753,0,0,0,0
95,79,7.72,1301,2031,1285,2015,5,5,0,0
95,80,1.7,92,194,92,194,0,0,0,0
95,82,2.16,364,729,39,78,247,493,0,0
95,84,1.71,125,125,105,105,6,6,0,0
95,85,14.11,1646,2462,1493,2309,0,0,0,0
95,86,17.3,1761,2959,1735,2933,2,2,0,0
95,87,21.51,1860,4332,1808,4233,43,85,0,0
95,88,0.02,3,6,3,6,0,0,0,0
95,117,11.28,1005,2356,1005,2356,0,0,0,0
95,118,3.67,236,455,236,455,0,0,0,0
95,127,1.26,30,145,30,145,0,0,0,0
96,0,2.96,255,595,153,408,178,366,0,0
96,1,9.31,513,1472,468,1394,15,25,0,0
96,2,43.76,2109,4639,1470,3372,165,327,0,0
96,3,15.73,1304,3534,1086,2911,73,208,0,0
96,4,21.67,1333,3089,1265,2992,13,23,0,0
96,5,0.06,7,13,7,13,0,0,0,0
96,29,1,27,54,7,14,7,14,0,0
96,30,3.14,128,250,77,164,40,75,0,0
96,31,22.86,1467,3737,1206,3291,50,90,0,0
96,32,25.55,1842,3427,985,1916,538,1045,0,0
96,33,22.26,1748,3778,1387,3105,50,86,0,0
96,34,7.37,604,862,169,427,36,36,0,0
96,35,6,342,342,302,302,13,13,0,0
96,36,2.53,297,453,158,175,107,213,0,0
96,37,0.47,57,115,14,29,14,29,0,0
96,38,0.1,99,396,99,396,0,0,0,0
96,39,12.45,626,1180,560,1102,22,26,0,0
96,40,10.92,804,1645,598,1213,42,117,0,0
96,41,4.47,307,532,274,499,11,11,0,0
96,42,13.52,970,2408,712,1747,154,454,0,0
96,43,14.61,1778,7316,1322,6418,125,272,0,0
96,44,10.05,1957,8110,1444,7128,4,4,0,0
96,45,11.31,1465,4944,1379,4703,4,5,0,0
96,46,5.1,803,4274,290,1335,171,979,0,0
96,47,5.69,164,376,15,15,15,15,0,0
96,48,2.14,335,671,45,89,84,168,0,0
96,49,4.23,531,1323,26,51,454,1170,0,0
96,50,15.5,1291,2989,985,2443,183,365,0,0
96,51,8.25,1451,5596,1323,5419,16,32,0,0
96,52,11.52,2489,9588,1911,7913,732,2101,0,0
96,53,10.47,2368,9496,2013,8329,505,1533,0,0
96,54,9.97,2687,12252,1357,5500,1539,7353,0,0
96,55,22.81,2965,11077,2379,8155,945,4189,0,0
96,56,14.41,3623,11981,3388,11327,757,2178,0,0
96,57,9.04,2382,7719,2158,7045,310,912,0,0
96,58,16.97,845,2120,559,1572,113,196,0,0
96,59,8.63,1130,2583,781,2189,283,298,0,0
96,60,6.55,254,930,233,893,7,12,0,0
96,61,16.2,1046,2738,976,2659,29,73,0,0
96,62,31.48,1933,4894,1744,4507,24,45,0,0
96,63,16.71,1704,5259,1611,5048,47,168,0,0
96,64,26.4,1930,6034,1778,5706,28,77,0,0
96,65,10.26,1130,5078,919,4172,23,66,0,0
96,66,3.55,1258,6633,933,5364,16,33,0,0
96,67,7.54,1906,7385,1427,6013,382,1124,0,0
96,68,4.26,1258,3215,247,740,1011,2475,0,0
96,69,12.43,1138,3940,985,3662,14,23,0,0
96,70,27.41,2271,5903,1711,5258,30,59,0,0
96,71,24.31,1997,5436,1588,4795,250,470,0,0
96,72,39.5,2475,4989,2139,4363,15,22,0,0
96,73,44.12,3149,7550,3070,7436,20,32,0,0
96,74,24.59,2294,5413,2286,5398,6,8,0,0
96,75,3.98,472,651,38,76,358,424,0,0
96,76,3.8,66,66,16,16,16,16,0,0
96,77,17.91,1441,3315,1290,3044,50,91,0,0
96,78,6.25,711,1942,537,1176,12,23,0,0
96,79,2.54,2307,7561,10,10,10,10,0,0
96,82,0.84,347,694,87,173,87,173,0,0
96,84,4.98,568,882,526,797,0,0,0,0
96,85,13.2,1535,2630,1526,2621,3,3,0,0
96,86,15.97,1536,3085,1483,3010,7,14,0,0
96,87,10.48,694,1624,660,1587,11,11,0,0
97,0,14.02,663,953,571,811,21,28,0,0
97,1,16.43,706,1352,601,1186,34,54,0,0
97,2,21.3,1257,2833,1071,2564,57,85,0,0
97,3,26.49,1649,3523,1567,3407,22,33,0,0
97,4,17.4,987,1719,832,1554,11,14,0,0
97,5,12.25,534,1402,497,1300,12,34,0,0
97,12,13.46,1078,3272,955,3045,7,14,0,0
97,13,7.11,625,2726,609,2679,5,16,0,0
97,14,4.36,173,488,113,367,3,5,0,0
97,25,2.67,513,544,13,20,475,483,0,0
97,26,3.25,626,1028,197,394,293,361,0,0
97,27,1.44,1293,3554,82,163,82,163,0,0
97,31,5.73,382,862,289,684,31,59,0,0
97,32,27.37,2122,3501,1534,2762,183,237,0,0
97,33,40.26,2159,4569,1569,3574,243,439,0,0
97,34,2.06,113,127,33,47,27,27,0,0
97,36,0.57,149,298,45,89,149,298,0,0
97,37,0.43,111,223,33,67,111,223,0,0
97,39,1,93,186,0,0,0,0,0,0
97,40,2.05,66,66,16,16,8,8,0,0
97,41,11.33,1628,4429,677,2003,988,2885,0,0
97,42,4.06,237,758,120,433,47,132,0,0
97,43,13.68,734,2331,475,1628,67,183,0,0
97,44,11.2,1412,2148,1399,2135,4,4,0,0
97,45,11.05,1777,6036,1765,6024,4,4,0,0
97,46,4,1570,8476,1558,8464,4,4,0,0
97,47,17.42,1308,5646,1172,5257,211,1288,0,0
97,48,3.43,249,732,249,732,0,0,0,0
97,50,4.64,231,461,158,316,14,27,0,0
97,51,2.47,1424,6993,1424,6993,0,0,0,0
97,52,7.23,1786,8613,1360,6513,411,2037,0,0
97,53,9.71,1789,5284,1059,3860,844,1738,0,0
97,54,6.7,2002,6166,85,170,1891,5944,0,0
97,55,4.35,3041,13760,61,244,2973,13508,0,0
97,56,14.3,2987,5595,2947,5536,49,135,0,0
97,57,20.03,3737,10486,2145,4987,2024,6743,0,0
97,58,24.45,2004,5352,1697,4492,461,1405,0,0
97,59,16.07,951,2460,882,2349,13,27,0,0
97,60,17.44,1543,3480,911,2214,487,1093,0,0
97,61,16.44,1236,3746,783,2409,409,1334,0,0
97,62,30.02,1819,4662,1538,4204,52,111,0,0
97,63,17.41,994,2429,943,2329,31,74,0,0
97,64,18.34,1892,6259,1791,6129,49,138,0,0
97,65,4.54,2423,12416,1364,7429,831,4529,0,0
97,66,11.5,2353,8952,1210,6297,477,1086,0,0
97,67,10.47,1885,6179,1812,5975,24,68,0,0
97,68,5.99,767,2396,545,2067,38,38,0,0
97,69,17.68,899,1878,800,1755,27,28,0,0
97,70,27.41,1237,2319,998,1899,38,48,0,0
97,71,22.87,1580,3153,1394,2921,33,35,0,0
97,72,17.88,1027,1736,875,1491,46,77,0,0
97,73,14.14,1680,6181,1663,6149,5,11,0,0
97,74,4.48,578,1511,400,800,178,711,0,0
97,75,3.42,543,1087,310,619,257,515,0,0
97,76,7.08,641,1410,456,1083,61,109,0,0
97,77,11.92,631,1678,589,1588,14,30,0,0
97,78,1.84,1095,3526,228,654,228,654,0,0
97,79,2.28,994,3991,121,360,121,360,0,0
97,84,13.5,691,1590,656,1542,12,16,0,0
97,85,13.26,1483,2766,1434,2717,16,16,0,0
97,86,0.65,72,144,72,144,0,0,0,0
97,87,0.95,6,6,0,0,0,0,0,0
97,88,1,64,64,16,16,16,16,0,0
97,127,1.03,41,41,0,0,0,0,0,0
98,0,13.45,1166,2388,1079,2148,26,77,0,0
98,1,32.16,2667,6721,2441,6332,42,97,0,0
98,2,21.74,1423,3569,1296,3345,24,38,0,0
98,3,15.91,906,2169,790,1966,39,67,0,0
98,4,18.47,1398,3322,1216,2908,47,124,0,0
98,5,17.47,972,2204,845,1937,17,38,0,0
98,7,1,27,27,7,7,7,7,0,0
98,8,2,92,137,23,34,23,34,0,0
98,9,1,17,35,4,9,4,9,0,0
98,11,4.16,152,381,119,348,5,5,0,0
98,12,26.25,1484,3365,1250,3045,16,20,0,0
98,13,10.97,665,2593,620,2478,11,25,0,0
98,24,1,5,5,1,1,1,1,0,0
98,25,0.3,9,9,0,0,9,9,0,0
98,26,1,815,1629,0,0,815,1629,0,0
98,27,0.63,497,1285,51,102,51,102,0,0
98,31,7.13,506,1087,421,931,42,85,0,0
98,32,26.45,1835,3706,1403,2997,108,191,0,0
98,33,16.1,1072,2472,933,2275,53,83,0,0
98,40,2,70,70,54,54,5,5,0,0
98,41,2.03,71,143,21,41,17,34,0,0
98,42,6.89,319,770,231,647,17,17,0,0
98,44,0.02,2,4,2,4,0,0,0,0
98,45,7.33,504,890,472,828,10,21,0,0
98,46,16.37,1057,1815,957,1652,33,54,0,0
98,47,18.15,1697,5471,1579,5174,132,751,0,0
98,48,43.14,2401,5716,2332,5570,23,49,0,0
98,49,2.45,1812,3717,121,336,27,55,0,0
98,50,1.71,2174,4299,0,0,0,0,0,0
98,51,3.57,1408,5467,1330,5312,65,129,0,0
98,52,1.92,430,1979,203,1013,223,956,0,0
98,53,5.69,1995,8334,224,897,1944,8251,0,0
98,54,15.99,1083,3020,939,2767,103,205,0,0
98,55,14.53,2043,7247,1836,7025,122,479,0,0
98,56,4.07,1799,8393,1525,7481,355,1153,0,0
98,57,2.45,1700,7485,1048,5414,884,2765,0,0
98,58,19.39,4896,23870,4000,21025,1892,8392,0,0
98,59,46.39,3642,9574,2745,6967,925,2573,0,0
98,60,20.84,1579,5000,1263,4091,133,401,0,0
98,61,14.73,1461,3897,1036,2912,382,869,0,0
98,62,22.58,1262,3056,1175,2953,65,143,0,0
98,63,23.16,1725,4518,1632,4415,52,101,0,0
98,64,22.54,1744,5417,1448,4437,32,59,0,0
98,65,6.14,523,2612,429,2169,72,404,0,0
98,66,5.76,1552,6019,1135,5602,69,69,0,0
98,67,9.19,1132,1939,473,979,70,90,0,0
98,69,1.63,467,2066,17,17,417,2016,0,0
98,70,15.12,1329,3753,710,1628,389,1818,0,0
98,71,16.13,1044,2274,735,1637,97,206,0,0
98,72,13.24,1340,1945,1333,1931,2,5,0,0
98,73,1.14,1122,4454,3,3,1114,4446,0,0
98,74,1.49,5862,23008,0,0,5862,23008,0,0
98,75,4.1,827,3095,7,7,785,3033,0,0
98,76,0.74,1876,9302,0,0,1876,9302,0,0
98,77,1.01,1838,9192,0,0,1838,9192,0,0
98,78,0.81,1074,2840,0,0,1074,2840,0,0
98,79,1.33,997,2574,0,0,997,2574,579,1737
98,83,4.2,495,989,489,977,2,4,0,0
98,84,29.66,1860,3798,1810,3714,13,23,0,0
98,85,19.23,1848,3695,1395,2960,422,681,0,0
98,86,0.96,293,586,73,146,73,146,293,586
98,89,1,24,24,6,6,6,6,0,0
98,124,1.52,2958,16562,0,0,2958,16562,0,0
98,125,0.15,1686,10117,0,0,1686,10117,0,0
98,127,15.22,1372,3405,1117,3027,129,313,0,0
99,0,24.5,1434,3176,1214,2907,37,42,0,0
99,1,25.53,1302,3428,1265,3343,13,28,0,0
99,2,25.82,2493,6679,1987,5536,135,314,0,0
99,3,27.94,1449,3501,1305,3258,48,81,0,0
99,4,23.72,1418,3107,1301,2916,56,100,0,0
99,5,11.65,745,1418,638,1252,36,55,0,0
99,6,1,47,93,12,23,12,23,0,0
99,11,5.67,428,1143,341,1033,13,21,0,0
99,12,18.13,1604,4531,1250,3694,27,50,0,0
99,13,4.74,561,1777,561,1777,0,0,0,0
99,24,1.91,70,140,0,0,70,140,0,0
99,25,4.45,252,612,8,11,230,579,0,0
99,29,2.1,141,282,115,230,0,0,0,0
99,30,1.33,63,126,32,64,10,21,0,0
99,44,1,17,17,4,4,4,4,0,0
99,47,0.02,4,20,4,20,0,0,0,0
99,48,6.81,1337,3881,987,2918,105,299,0,0
99,49,4.41,907,2581,837,2440,14,28,0,0
99,50,2,194,581,171,513,8,23,0,0
99,51,0.2,101,102,100,100,1,2,0,0
99,52,5.71,1869,5946,1598,5063,181,535,0,0
99,53,7.75,2027,6507,772,2394,1255,4113,0,0
99,54,17.89,1486,3539,820,2139,474,978,0,0
99,55,20.78,2005,6609,1825,6411,32,40,0,0
99,56,28.37,1759,4671,1464,4157,129,243,0,0
99,57,6.94,1887,7963,1529,7347,418,1356,0,0
99,58,17.02,2400,10265,2169,9743,516,2470,0,0
99,59,24.4,3915,13062,2762,9326,1054,3034,0,0
99,60,35.73,4012,12198,3060,9848,1543,4299,0,0
99,61,38.84,3497,9848,2633,7486,1258,3606,0,0
99,62,11.48,860,1847,795,1755,36,72,0,0
99,63,22.92,1957,4529,1540,3768,67,131,0,0
99,64,18.76,2509,12100,2354,11862,10,20,0,0
99,65,4.71,2815,17114,2624,16720,24,170,0,0
99,66,7.6,1636,7721,1454,7252,0,0,0,0
99,67,1.06,63,126,63,126,0,0,0,0
99,68,9,749,2539,548,1542,67,332,0,0
99,69,16.33,2610,10103,527,1870,1317,5262,0,0
99,70,8.73,2144,10126,495,1676,1308,6526,0,0
99,71,13.38,1642,3993,600,1080,949,2743,0,0
99,72,4.11,1963,6680,295,607,1640,6015,0,0
99,73,7.61,2351,5790,218,590,2281,5697,0,0
99,74,1.64,795,1457,21,21,733,1395,0,0
99,75,0.99,2359,3320,343,343,2016,2977,0,0
99,76,2.46,2850,2850,736,736,2114,2114,0,0
99,77,3.58,957,1501,822,822,136,679,0,0
99,78,0.02,30,151,0,0,30,151,0,0
99,83,5.69,577,1468,528,1371,0,0,0,0
99,84,16.28,1299,3094,1080,2810,49,64,0,0
99,85,30.37,2159,5195,1053,2640,992,2304,0,0
99,86,9.94,1216,2279,108,115,1102,2152,12,23
99,122,1,243,729,0,0,243,729,0,0
99,123,2.43,2534,14181,0,0,2534,14181,0,0
99,124,1.44,2933,14354,0,0,2933,14354,0,0
99,125,0.27,1029,5819,0,0,1029,5819,0,0
99,126,1.06,1827,7309,0,0,1827,7309,0,0
99,127,8.43,1341,4386,342,875,926,3483,0,0
100,0,16.09,1195,3129,1014,2595,60,178,0,0
100,1,17.38,1154,2930,995,2531,105,289,0,0
100,2,25.01,1450,3034,1117,2429,100,180,0,0
100,3,9.89,1620,5043,629,1850,326,1060,0,0
100,4,5.48,2995,4664,190,455,2363,2550,0,0
100,5,6.87,1576,7471,129,379,9,19,0,0
100,6,7,460,674,115,168,115,168,0,0
100,11,5.49,349,926,264,831,5,9,0,0
100,12,10.68,1023,2793,925,2627,9,21,0,0
100,13,9.29,836,2342,799,2296,6,9,0,0
100,24,0.25,48,97,12,24,12,24,0,0
100,25,8.09,1432,3422,348,691,763,2098,0,0
100,26,2,86,173,0,0,86,173,0,0
100,27,0.67,202,403,0,0,202,403,0,0
100,29,6.69,541,897,198,349,103,160,0,0
100,30,1.61,156,313,123,246,11,22,0,0
100,31,0.91,563,1125,0,0,0,0,0,0
100,44,0.41,6661,39965,0,0,6661,39965,0,0
100,45,0.27,4335,26012,0,0,4335,26012,0,0
100,46,0.11,992,5582,0,0,992,5582,0,0
100,47,0.01,32,161,0,0,32,161,0,0
100,48,0.28,2,2,1,1,1,1,0,0
100,50,1,138,276,35,69,35,69,0,0
100,51,3.27,252,410,235,376,0,0,0,0
100,52,25.84,2854,7805,2137,6036,117,118,0,0
100,53,16.75,1314,3815,1246,3693,44,83,0,0
100,54,6.13,2142,10084,2006,9817,96,201,0,0
100,55,6.06,1848,8181,1735,8062,9,11,0,0
100,56,13.15,1732,5969,1511,5624,37,51,0,0
100,57,16.2,1791,6318,1448,5618,90,172,0,0
100,58,20.55,2387,7468,1934,5727,185,363,0,0
100,59,21.78,3408,12165,3232,11714,193,397,0,0
100,60,20.24,3333,11138,1701,5469,1565,4985,0,0
100,61,55.68,3767,11251,2554,8065,988,2966,0,0
100,62,9.97,2835,8314,1546,4937,957,2711,0,0
100,63,8.46,1299,4440,1181,3888,55,231,0,0
100,64,17.35,1598,5188,1253,3824,226,810,0,0
100,65,11.82,3153,18467,1941,10688,1080,7393,0,0
100,67,2.55,180,463,63,151,46,176,0,0
100,68,18.27,2786,10998,1006,3394,578,2504,0,0
100,69,8.12,2068,8511,517,2128,517,2128,0,0
100,70,11.29,2047,6514,627,1888,464,1530,0,0
100,71,0.04,272,1086,0,0,272,1086,0,0
100,72,4.49,4282,16836,163,427,4097,16387,0,0
100,73,4.68,977,3186,208,322,729,2786,0,0
100,74,3.1,2087,5462,0,0,2087,5462,0,0
100,75,2.57,2052,3582,1521,1521,531,2061,0,0
100,76,1.75,1867,1867,1782,1782,85,85,0,0
100,77,12.09,1787,1787,1787,1787,0,0,0,0
100,78,23.54,1382,1382,1382,1382,0,0,0,0
100,79,2.64,454,454,454,454,0,0,0,0
100,84,3.76,370,1139,295,1000,3,3,0,0
100,85,24.82,2033,5436,1934,5288,16,32,0,0
100,86,14.97,1664,4478,1609,4408,38,43,0,0
100,87,4,238,238,167,167,13,13,0,0
100,107,2.17,112,225,76,152,37,73,0,0
100,123,0.12,1269,7616,0,0,1269,7616,0,0
100,124,1.07,1422,8446,0,0,1422,8446,0,0
100,125,0.84,2414,9433,0,0,2414,9433,0,0
100,126,2.6,2699,6303,25,50,2624,6152,0,0
100,127,1.76,1993,2086,0,0,1993,2086,0,0
101,0,9.66,945,2411,935,2373,3,13,0,0
101,1,15.41,1081,2948,779,2151,102,293,0,0
101,2,19.1,836,1647,680,1407,34,44,0,0
101,3,4.1,473,1371,148,402,108,323,0,0
101,4,0.41,80,161,20,40,20,40,0,0
101,7,1,39,39,10,10,10,10,0,0
101,11,13.49,750,1947,573,1659,29,53,0,0
101,12,5.91,285,953,224,849,14,29,0,0
101,13,16.63,1232,3234,1171,3122,20,37,0,0
101,14,1,22,22,22,22,0,0,0,0
101,20,1,32,65,8,16,8,16,0,0
101,25,1,65,194,65,194,0,0,0,0
101,26,4.99,652,1490,251,637,168,388,0,0
101,27,0.77,320,839,6,11,303,805,0,0
101,30,0.28,51,101,51,101,0,0,0,0
101,31,6.84,1273,3357,413,1045,561,1568,0,0
101,32,4.08,146,233,107,155,44,88,0,0
101,40,0.28,146,292,0,0,146,292,0,0
101,41,1.73,536,1060,0,0,536,1060,0,0
101,43,1.13,263,789,16,49,214,643,0,0
101,44,2.78,2121,8768,28,85,2036,8513,0,0
101,45,0.09,1528,9170,0,0,1528,9170,0,0
101,46,1.4,7260,37443,0,0,7260,37443,0,0
101,47,1.48,7117,22386,10,10,7086,22354,0,0
101,48,1.88,2931,8730,8,8,2908,8707,0,0
101,52,1,61,110,61,110,0,0,0,0
101,53,6.97,479,1043,427,966,28,31,0,0
101,54,1.01,357,1390,289,1255,22,45,0,0
101,55,9.19,2154,8253,1771,7177,337,987,0,0
101,56,3.57,1831,4645,432,1640,1416,3064,0,0
101,57,5.88,2230,9532,2210,9487,170,505,0,0
101,58,9.06,1842,6989,903,3458,863,3149,0,0
101,59,27.91,2609,7386,2083,5995,144,406,0,0
101,60,23.88,2636,8502,2440,8081,29,65,0,0
101,61,13.69,3423,12422,1871,6363,2137,8281,0,0
101,62,21.72,2020,6274,1300,4419,639,1768,0,0
101,63,12.62,1750,4877,1513,4234,243,717,0,0
101,64,18.27,1048,3534,864,3208,23,40,0,0
101,65,1.17,34,75,24,64,3,3,0,0
101,67,3.25,1577,5940,109,285,1352,5394,0,0
101,68,11.21,942,2611,764,2148,70,205,0,0
101,69,23.99,1183,2837,1013,2502,14,30,0,0
101,70,36.53,2293,5980,2010,5114,83,274,0,0
101,71,35.98,1910,4436,1666,4029,36,61,0,0
101,72,53.65,2552,6207,2025,5291,102,160,0,0
101,73,37.53,2213,5788,2025,5450,42,67,0,0
101,74,5.37,1117,1350,164,390,947,950,0,0
101,75,5.33,1506,4547,1455,4496,0,0,0,0
101,77,1.75,1280,2871,1280,2871,0,0,0,0
101,78,11.08,2233,3577,2233,3577,0,0,0,0
101,84,0.74,132,264,132,264,0,0,0,0
101,85,14.15,1894,5615,1290,3701,106,353,0,0
101,86,15.57,1205,3047,871,1904,104,366,0,0
101,87,1.52,40,73,2,2,2,2,0,0
101,101,2,97,157,53,68,15,30,0,0
101,102,0.56,303,909,303,909,0,0,0,0
101,107,0.83,183,366,0,0,183,366,0,0
101,124,1.04,110,221,18,36,57,113,0,0
101,125,5.73,2355,5201,52,122,2200,4835,0,0
101,126,3.97,3865,3872,0,0,3865,3872,0,0
101,127,3.14,4303,4303,0,0,4303,4303,0,0
102,0,20.68,1327,3980,1219,3742,36,79,0,0
102,1,25.78,1343,3225,1165,2944,38,61,0,0
102,2,32.03,1834,3717,1513,3331,84,106,0,0
102,3,7.53,454,1117,364,955,11,17,0,0
102,10,6.92,377,849,258,635,14,21,0,0
102,11,10.91,820,2088,687,1931,5,13,0,0
102,12,10.68,744,2196,644,1931,24,70,0,0
102,13,10.75,1041,2439,949,2327,42,123,0,0
102,14,3.41,190,223,190,223,0,0,0,0
102,17,2,31,31,25,25,2,2,0,0
102,20,1,37,37,9,9,9,9,0,0
102,24,0.01,1,2,1,2,0,0,0,0
102,25,12.49,827,1683,742,1513,12,24,0,0
102,26,11.14,898,2171,820,1951,69,202,0,0
102,27,2.44,491,1372,223,569,268,803,0,0
102,28,0.53,201,602,0,0,60,181,0,0
102,29,4.1,1048,2185,515,1131,545,1085,0,0
102,30,7.14,742,1432,467,966,289,549,0,0
102,31,32.89,2629,6106,2322,5546,161,401,0,0
102,32,4.92,575,1421,238,765,325,643,0,0
102,41,3.04,540,698,8,24,515,625,0,0
102,42,3.71,1459,1533,47,95,1395,1403,0,0
102,43,0.27,810,3242,0,0,810,3242,0,0
102,44,2.07,558,1314,5,5,543,1299,0,0
102,45,6.02,745,1535,2,2,739,1529,0,0
102,46,2.78,3664,12398,41,98,1938,7298,0,0
102,47,1.96,8886,31116,0,0,8884,31110,0,0
102,48,2.24,3773,11479,5,5,3757,11463,0,0
102,50,3.38,746,1894,0,0,746,1894,0,0
102,51,2.22,2051,4533,0,0,2051,4533,0,0
102,52,1.89,1552,3481,3,9,1549,3472,0,0
102,53,1.96,994,2418,0,0,994,2418,0,0
102,54,0.01,16,79,16,79,0,0,0,0
102,55,0.37,667,3335,667,3335,0,0,0,0
102,56,0.7,762,2085,415,1245,472,1214,0,0
102,57,3.29,882,3180,869,3168,30,81,0,0
102,58,1.03,247,988,67,266,25,101,0,0
102,59,4.55,2096,7848,285,839,1680,6641,0,0
102,60,17.99,1665,4976,1486,4468,41,151,0,0
102,61,18.02,2155,6808,1878,6170,94,102,0,0
102,62,24.8,1487,3159,1296,2774,32,66,0,0
102,63,19.98,1595,3820,1546,3769,16,17,0,0
102,64,3.46,336,944,154,410,173,513,0,0
102,67,4.26,462,1255,316,743,122,487,0,0
102,68,20.62,1911,5175,1835,5081,8,11,0,0
102,69,29.94,1611,4629,1411,4202,90,187,0,0
102,70,31.4,2153,5940,1826,5342,50,94,0,0
102,71,35.48,2289,6220,1641,5101,77,149,0,0
102,72,29.33,1609,4212,1411,3902,4,5,0,0
102,73,37.82,2139,5212,1902,4853,50,66,0,0
102,74,35.37,1829,5443,1618,5026,61,121,0,0
102,75,11.42,1314,3931,1304,3907,106,420,0,0
102,77,0.03,25,25,25,25,0,0,0,0
102,78,5.08,972,972,972,972,0,0,0,0
102,83,5.17,813,2766,802,2749,3,6,0,0
102,84,17.44,1414,3494,1065,2431,116,354,0,0
102,85,22.42,1423,3721,790,2195,148,360,0,0
102,86,6.94,322,868,277,760,15,36,0,0
102,101,1,1191,3573,298,893,298,893,0,0
102,102,1.44,295,885,295,885,0,0,0,0
102,103,1,269,539,269,539,0,0,0,0
102,123,0.72,3276,3288,817,817,824,836,0,0
102,124,1.38,2392,7340,408,885,1168,4684,0,0
102,125,3.03,5072,23666,407,407,4648,23242,0,0
102,126,4.52,2797,5077,756,756,2040,4321,0,0
102,127,3.8,2377,3569,0,0,2358,3532,0,0
103,0,31.19,1268,4418,918,3281,61,181,0,0
103,1,18.96,1166,2352,887,1896,84,143,0,0
103,2,29.35,1477,3275,1182,2673,91,194,0,0
103,3,12.9,974,1783,763,1464,45,81,0,0
103,9,6.95,442,1088,347,926,4,11,0,0
103,10,7.58,707,2419,604,2201,5,14,0,0
103,11,7.77,883,2419,829,2309,18,37,0,0
103,12,3.65,621,1560,507,1445,38,38,0,0
103,13,1,87,262,87,262,0,0,0,0
103,16,1.3,160,281,160,281,0,0,0,0
103,17,0.52,67,67,67,67,0,0,0,0
103,18,3.82,193,366,172,324,0,0,0,0
103,24,2.73,58,61,12,14,9,9,0,0
103,25,6.32,377,863,332,777,15,29,0,0
103,26,26.83,1958,4774,1772,4359,49,112,0,0
103,27,16.93,991,2035,591,1390,121,200,0,0
103,28,5.26,3036,6505,113,214,878,1888,0,0
103,29,18.95,1823,3570,1280,2624,340,468,0,0
103,30,33.38,2209,5259,1618,3870,279,694,0,0
103,31,26.56,2759,6485,2056,5099,433,926,0,0
103,32,1.65,545,1091,9,19,517,1035,0,0
103,39,3.39,2538,7570,1,2,2538,7570,0,0
103,40,4.76,1059,4553,30,77,1022,4479,50,99
103,41,10.7,3176,6913,1807,3994,665,1389,0,0
103,42,6.88,3184,12992,1001,2957,2019,9603,0,0
103,43,1.26,3959,14256,0,0,3959,14256,0,0
103,44,0.61,1561,4657,0,0,1561,4657,0,0
103,45,0.21,121,364,0,0,108,323,0,0
103,46,3.53,7296,21600,31,31,483,1350,0,0
103,47,0.57,4780,15070,0,0,832,3225,0,0
103,48,0.02,155,619,0,0,155,619,0,0
103,49,1.3,75,118,0,0,75,118,0,0
103,50,8.23,2727,7562,361,1804,2366,5759,0,0
103,51,2.55,1696,7763,969,5375,727,2388,0,0
103,52,1.33,3822,15027,64,193,3758,14835,0,0
103,53,4.15,2242,6301,7,14,2222,6260,0,0
103,54,9.52,2543,7762,2,2,2536,7755,0,0
103,55,3.78,1848,4899,75,75,1625,4675,0,0
103,56,5.83,1190,4945,18,38,1135,4832,0,0
103,57,0.04,24,119,0,0,24,119,0,0
103,58,3.81,444,889,59,117,12,24,0,0
103,59,6.26,918,3118,144,519,765,2792,0,0
103,60,4.73,1840,5990,318,1180,1456,4689,0,0
103,61,13.87,2216,7264,1494,5269,496,1726,0,0
103,62,32.15,2418,6583,1657,4662,125,256,0,0
103,63,31.87,2371,6614,2219,6405,330,1258,0,0
103,64,0.32,62,165,21,41,41,124,0,0
103,65,0.08,301,903,0,0,301,903,0,0
103,66,2,287,1425,72,356,72,356,0,0
103,67,14.81,1812,6981,1080,5083,682,1798,0,0
103,68,4.15,1747,9426,1703,9383,4,4,0,0
103,69,17.63,1769,6339,1490,5696,214,456,0,0
103,70,21.86,2013,8577,1923,8414,47,89,0,0
103,71,26.66,2016,5743,1707,5072,166,343,0,0
103,72,40.17,2969,5464,2170,4473,681,823,0,0
103,73,42.59,2687,5612,2411,5209,60,94,0,0
103,74,35.52,2234,5781,1816,5181,14,20,0,0
103,75,5.61,535,1476,493,1366,34,102,0,0
103,77,3.79,859,859,859,859,0,0,0,0
103,78,10.18,1251,1251,1251,1251,0,0,0,0
103,83,8.64,1261,4571,927,3444,42,168,0,0
103,84,13.99,2150,6250,934,3318,477,1049,0,0
103,85,20.05,1487,3735,1172,3191,207,284,0,0
103,86,22.47,1359,2474,1166,2043,64,144,0,0
103,93,1.69,773,3179,0,0,773,3179,0,0
103,94,0.34,353,1929,0,0,353,1929,0,0
103,115,0.63,79,158,20,39,20,39,0,0
103,122,4.24,853,7399,0,0,853,7399,0,0
103,123,1.76,5272,15781,4,4,5259,15768,0,0
103,124,1.93,6964,20802,24,24,6894,20731,0,0
103,125,3.13,2817,4994,2049,2049,769,2946,0,0
103,126,2.66,3780,3780,3780,3780,0,0,0,0
103,127,3.98,3549,3549,764,764,2785,2785,0,0
104,0,17.42,1121,2169,975,1840,49,109,0,0
104,1,24.14,1413,3437,1167,2984,64,125,0,0
104,2,23.35,1299,3051,1127,2717,38,79,0,0
104,3,15.39,846,1892,638,1449,36,82,0,0
104,9,8.23,667,1744,527,1398,45,114,0,0
104,10,10.98,809,2685,698,2385,37,100,0,0
104,11,12.63,865,1844,758,1651,36,64,0,0
104,17,5.18,264,349,218,298,2,4,0,0
104,18,0.18,4,4,4,4,0,0,0,0
104,26,9.1,697,1735,602,1549,30,60,0,0
104,27,23.56,1782,4558,1666,4390,15,32,0,0
104,28,8.66,632,1448,356,890,92,186,0,0
104,29,30.25,1763,4060,1331,3075,99,213,0,0
104,30,20.65,1343,3308,1013,2648,47,109,0,0
104,31,0.84,20,20,0,0,0,0,0,0
104,39,3.68,741,2222,103,322,700,2062,54,214
104,40,4.41,1266,3497,52,178,935,2707,352,875
104,41,18.56,1664,3495,1427,3100,26,40,0,0
104,42,1.5,3154,15527,0,1,3154,15527,0,0
104,43,2.03,3300,10615,0,0,3300,10615,0,0
104,44,0.9,716,2149,0,0,716,2149,0,0
104,45,0.3,220,440,0,0,220,440,0,0
104,46,6.21,2772,5835,6,13,2752,5794,0,0
104,47,2.92,2401,6369,0,0,2268,5972,0,0
104,48,0.77,778,2335,0,0,778,2335,0,0
104,49,4.59,1983,5985,0,0,1983,5985,0,0
104,50,3.65,1447,4636,330,1828,1118,2808,0,0
104,51,3.81,3450,17617,1170,6668,2271,10931,0,0
104,52,1.2,6188,25180,0,0,6188,25180,0,0
104,53,2.82,3402,13248,0,0,3402,13248,0,0
104,54,2.09,7376,22927,0,0,7376,22927,0,0
104,55,4.51,1400,5365,23,23,1377,5342,0,0
104,56,8.48,3485,14105,44,49,3431,14036,0,0
104,57,12.17,2061,8323,517,1134,1382,6862,0,0
104,58,7.67,500,1619,465,1550,7,14,0,0
104,59,6.14,523,1555,508,1511,59,177,0,0
104,61,0.4,85,172,83,165,2,7,0,0
104,62,6.65,404,958,248,656,7,10,0,0
104,63,2.3,100,200,97,193,1,2,0,0
104,65,0.52,1870,5609,0,0,1869,5608,0,0
104,66,0.05,28,56,0,0,0,0,0,0
104,67,14.9,1661,4127,843,2890,667,992,0,0
104,68,14.45,1825,6619,1617,6144,54,143,0,0
104,69,31.32,2430,5729,2224,5343,51,94,0,0
104,70,33.07,2243,6346,2174,6219,23,42,0,0
104,71,24.9,1554,3426,1491,3261,9,19,0,0
104,72,34.08,1711,4287,1368,3638,57,141,0,0
104,73,55.52,2709,5924,2135,5086,144,291,0,0
104,74,39.82,2291,5657,2093,5296,26,52,0,0
104,75,8.74,4843,14288,335,838,4461,13359,0,0
104,76,0.07,568,1703,0,0,568,1703,0,0
104,79,0.91,493,2097,493,2097,0,0,0,0
104,80,0.74,251,584,111,444,0,0,0,0
104,83,12.56,1138,2362,1120,2326,6,12,0,0
104,84,23.03,2073,4803,2073,4803,27,55,0,0
104,85,40.24,2255,5643,2022,5398,41,42,0,0
104,86,6.63,1296,1695,347,745,943,943,0,0
104,87,0.16,8,15,7,14,0,0,0,0
104,88,3.26,283,686,283,686,0,0,0,0
104,93,1.42,2476,13800,0,0,2476,13800,0,0
104,94,0.5,2641,15847,0,0,2641,15847,0,0
104,114,7.01,592,986,286,424,58,116,0,0
104,115,2.94,276,444,67,109,75,117,0,0
104,116,0.71,140,280,35,70,35,70,0,0
104,122,6.39,1772,3490,10,10,1729,3447,0,0
104,123,6.89,4129,20083,32,32,4027,19980,0,0
104,124,1,1971,8875,24,24,1901,8805,0,0
104,125,3.33,3096,5941,1618,1633,1424,4207,0,0
104,126,1.51,2507,2636,2379,2379,128,257,0,0
104,127,3.18,3431,14365,0,0,3431,14365,0,0
105,0,23.95,1267,3057,897,2158,48,108,0,0
105,1,24.07,1382,3550,1123,3077,52,101,0,0
105,2,20.42,1135,2301,973,2041,45,75,0,0
105,3,1,24,24,6,6,6,6,0,0
105,8,0.04,7,7,2,2,2,2,0,0
105,9,11.43,696,1429,473,1083,6,10,0,0
105,10,21.11,1383,3774,1219,3428,55,115,0,0
105,11,2.05,324,647,324,647,0,0,0,0
105,18,0.11,67,268,0,0,67,268,0,0
105,26,4,498,1230,332,898,55,111,0,0
105,27,10.38,757,2027,715,1952,4,6,0,0
105,28,21.16,1610,3974,1352,3320,77,198,0,0
105,29,38.14,3476,9296,2456,6632,781,2209,0,0
105,30,6.96,371,755,174,408,57,98,0,0
105,38,3.99,446,623,30,60,356,444,0,0
105,39,1.4,549,1807,100,378,247,672,355,1420
105,40,1.16,361,1270,90,318,90,318,303,1212
105,41,0.72,21,21,21,21,0,0,0,0
105,42,2.86,2060,8099,37,37,2016,8055,0,0
105,43,1.01,470,1000,110,220,140,339,0,0
105,46,1.25,307,503,210,210,98,293,0,0
105,48,1.63,1804,6431,0,0,1804,6431,0,0
105,49,1.3,1547,5273,0,0,1547,5273,0,0
105,50,0.39,4085,12256,0,0,4085,12256,0,0
105,51,1.42,3418,10743,0,0,3418,10743,0,0
105,52,3.81,2117,7126,0,0,2117,7126,0,0
105,53,7.71,2954,10610,0,0,2954,10610,0,0
105,54,3.79,3556,11348,3,3,3547,11338,0,0
105,55,1.97,1826,7903,0,0,1826,7903,0,0
105,56,9.31,3988,16130,194,551,3794,15579,0,0
105,57,18.71,2447,7161,957,2497,1367,4122,0,0
105,58,20.06,1140,2409,1091,2330,11,21,0,0
105,59,29.44,1441,3043,1319,2812,17,33,0,0
105,60,15.64,1125,2643,1101,2619,8,8,0,0
105,61,2.07,152,313,152,313,0,0,0,0
105,65,0.33,1145,3425,0,0,1135,3404,0,0
105,66,2,879,1941,0,0,319,820,0,0
105,67,5.45,577,1271,202,538,206,325,0,0
105,68,30.39,1878,5324,1547,4650,290,585,0,0
105,69,23.71,2184,7537,2173,7525,4,4,0,0
105,70,32.83,2213,5212,2038,4820,113,296,0,0
105,71,33.26,2383,6197,2206,5931,24,27,0,0
105,72,31.52,2566,6117,1765,3944,692,2052,0,0
105,73,24.65,1682,4421,1374,3800,88,261,0,0
105,74,45.56,2193,5711,1877,5192,74,132,0,0
105,75,14.59,1898,5524,738,2170,1079,3202,0,0
105,76,3.57,2522,10317,12,35,2486,10212,0,0
105,77,3.12,1792,9853,83,332,1792,9853,0,0
105,78,0.55,339,1358,102,407,339,1358,0,0
105,79,4.41,2471,7753,1565,6846,0,0,0,0
105,80,5.8,1629,3997,754,3121,66,66,0,0
105,81,3.51,647,1808,16,16,193,541,0,0
105,83,3.77,375,859,303,717,22,43,0,0
105,84,25.5,1697,3985,1544,3674,47,102,0,0
105,85,24.05,1449,4170,1418,4135,1,1,0,0
105,86,8.48,1347,4864,1095,3858,109,411,0,0
105,87,23.17,2201,6355,2157,6312,8,8,0,0
105,88,11.65,1025,2604,963,2446,27,72,0,0
105,93,0.01,23,134,0,1,22,131,0,0
105,94,0.22,299,1690,7,13,279,1650,0,0
105,102,1,45,45,45,45,0,0,0,0
105,114,1.08,485,1936,474,1913,4,8,0,0
105,115,5.71,3920,12153,774,2990,455,1181,0,0
105,116,3.08,609,1205,0,0,213,425,0,0
105,118,0.07,29,87,0,0,29,87,0,0
105,120,0.01,95,95,0,0,95,95,0,0
105,121,0.21,1461,1461,0,0,1461,1461,0,0
105,122,0.99,2106,4878,0,0,2106,4878,0,0
105,123,0.37,4769,25060,0,0,4769,25060,0,0
105,124,1.37,5308,26541,0,0,5308,26541,0,0
105,125,1.36,7059,20626,0,0,7059,20626,0,0
105,126,2.13,3185,7189,0,0,3185,7189,0,0
105,127,3.7,1832,3966,0,0,1832,3966,0,0
106,0,21.73,1450,3796,1305,3510,49,143,0,0
106,1,26.67,1381,2707,860,1726,143,296,0,0
106,2,18.7,1215,2510,924,1934,41,82,0,0
106,3,5,232,348,186,302,9,9,0,0
106,8,9.28,649,1350,497,1184,6,11,0,0
106,9,8.35,710,2032,558,1871,42,45,0,0
106,10,3.54,375,923,373,918,1,2,0,0
106,18,5.89,1954,6646,0,0,1954,6646,0,0
106,26,1.45,211,493,211,493,0,0,0,0
106,27,10.61,1103,2062,1017,1962,29,33,0,0
106,28,35.72,2574,6594,2177,5704,178,375,0,0
106,29,44.22,2528,6435,1842,5028,376,785,0,0
106,30,1,16,16,4,4,4,4,0,0
106,40,0.22,17,17,4,4,4,4,0,0
106,48,1.28,1360,4059,0,0,1339,4017,0,0
106,49,0.06,4,8,0,0,0,0,0,0
106,50,0.46,4831,14493,0,0,4831,14493,0,0
106,51,0.63,5786,17358,0,0,5786,17358,0,0
106,52,2.89,4794,14269,0,0,4794,14269,0,0
106,53,4.77,4805,19160,0,0,4805,19160,0,0
106,54,6.29,4688,18585,0,0,4688,18585,0,0
106,55,2.04,2673,11292,599,2996,2074,8296,0,0
106,56,19.78,1543,4116,1147,3127,197,668,0,0
106,57,15.03,1283,3260,1088,2864,61,137,0,0
106,58,10.64,1633,7261,1551,7164,11,11,0,0
106,59,13.08,1231,3639,1152,3533,30,56,0,0
106,60,10.2,1330,4776,1279,4689,41,76,0,0
106,61,2.91,430,855,13,25,391,780,0,0
106,64,3.74,275,916,199,662,8,17,51,203
106,66,2.86,1503,4203,74,144,1282,3770,0,0
106,67,0.17,83,167,3,6,75,149,0,0
106,68,4.29,2474,12897,1209,6808,1037,5604,0,0
106,69,16.75,2786,11753,2418,9957,476,2289,0,0
106,70,25.06,3776,15645,2167,7852,1559,7666,0,0
106,71,9.24,2447,11531,2343,11024,186,926,0,0
106,72,2.35,1118,5661,1118,5661,212,1047,0,0
106,73,22.64,2139,8528,1745,8094,7,11,0,0
106,74,17.8,1829,9093,1532,8793,1,2,0,0
106,75,13.88,1243,5100,1164,5011,4,7,0,0
106,76,3.04,677,3441,125,258,552,3182,0,0
106,77,3.74,3789,13596,0,0,3789,13596,0,0
106,78,0.75,1452,5809,0,0,1452,5809,0,0
106,79,3.27,1987,6258,1649,5920,0,0,0,0
106,80,0.8,519,2595,519,2595,0,0,0,0
106,81,1.54,1900,5699,0,0,570,1710,0,0
106,82,1,617,2469,0,0,0,0,0,0
106,83,4.06,1915,3829,175,350,529,1059,0,0
106,84,10.73,1010,2214,643,1529,117,223,0,0
106,85,19.73,1523,3436,1027,2888,67,74,351,351
106,86,24.7,1795,5093,1421,4127,87,267,0,0
106,87,8.84,1086,3288,1071,3272,5,5,0,0
106,88,21.61,1601,3936,1119,2926,193,487,0,0
106,89,3.42,516,1550,0,0,396,1187,0,0
106,90,0.02,2,6,0,0,0,0,0,0
106,92,2.35,967,3023,31,122,31,122,0,0
106,93,11.62,1572,1739,53,66,53,66,0,0
106,94,2.62,379,1068,317,945,21,41,0,0
106,95,2.4,41,41,10,10,10,10,0,0
106,96,0.6,14,14,3,3,3,3,0,0
106,112,0.57,323,1617,323,1617,0,0,0,0
106,113,3,1320,6492,1320,6492,0,0,0,0
106,114,7.71,1639,7168,1623,7151,0,0,0,0
106,115,4.17,1391,6763,1391,6763,29,114,0,0
106,116,3.25,1325,6454,1308,6437,274,1338,0,0
106,117,3.19,1482,6937,1464,6900,110,548,0,0
106,118,1.85,797,2976,135,537,734,2665,188,1127
106,119,1.82,946,1892,278,557,946,1892,0,0
106,120,0.02,129,129,0,0,129,129,0,0
106,121,0.4,2817,2817,0,0,2817,2817,0,0
106,122,1.42,2920,7644,0,0,2920,7644,0,0
106,123,0.66,6062,36270,0,0,6062,36270,0,0
106,124,1.39,2964,19045,5,10,2948,19014,0,0
106,125,0.74,4997,26400,0,0,4997,26400,0,0
106,126,4.76,1745,2555,1291,1315,387,1126,0,0
106,127,3.36,1934,4410,647,647,1274,3750,0,0
107,0,21.06,1144,2379,1000,2173,39,59,0,0
107,1,19.24,1275,2397,1095,2118,45,78,0,0
107,2,21.32,1626,3562,1227,2710,182,506,0,0
107,3,4.37,223,430,188,372,5,6,0,0
107,7,0.39,41,83,41,83,0,0,0,0
107,8,7.09,924,1885,821,1507,29,116,0,0
107,9,8.23,640,2374,621,2333,6,14,0,0
107,19,1,31,62,8,16,8,16,0,0
107,26,0.05,14,28,3,7,3,7,0,0
107,27,18.57,1535,4091,1259,3232,205,762,0,0
107,28,32.72,2328,5857,1885,4866,204,543,0,0
107,29,56.09,3704,9288,2422,6491,873,1933,0,0
107,30,15.26,1330,3521,860,2189,149,428,0,0
107,31,1,11,21,0,0,0,0,0,0
107,37,0.47,1055,4220,0,0,1055,4220,0,0
107,38,0.15,332,1327,0,0,332,1327,0,0
107,48,8.94,883,1823,814,1691,115,227,0,0
107,49,8.59,564,1104,422,853,38,66,0,0
107,51,2,43,43,11,11,11,11,0,0
107,52,1.24,2759,10477,0,0,2759,10477,0,0
107,53,2.42,4066,17341,0,0,4066,17341,0,0
107,54,3.05,4382,14420,109,535,4267,13872,0,0
107,55,3.23,3236,15097,2788,13775,816,3166,0,0
107,56,19.04,2137,6030,1667,5188,441,877,0,0
107,57,15.08,1661,5549,1617,5461,9,18,0,0
107,58,36.67,2375,5012,2005,4551,42,72,0,0
107,59,16.32,1748,7217,1658,7060,18,34,0,0
107,60,2.83,1902,6362,403,1873,1,1,0,0
107,61,1,26,26,6,6,6,6,0,0
107,62,5.27,712,1731,458,1289,250,478,0,0
107,63,17.44,1324,3074,888,2221,399,809,0,0
107,64,12.95,1648,5133,892,2612,414,1222,315,1259
107,65,11.31,854,3192,837,3142,6,17,0,0
107,66,1.02,216,633,4,8,205,610,0,0
107,68,6.19,1572,5841,152,396,1117,4652,0,0
107,69,0.51,1043,6296,264,1848,778,4448,0,0
107,70,1.96,1781,11821,1488,10355,448,2547,0,0
107,71,6.3,3400,17450,3388,17437,190,1327,0,0
107,72,7.97,1994,9467,1975,9424,249,1082,0,0
107,73,16.69,3466,14451,2889,13477,18,58,0,0
107,74,6.46,1895,9147,1413,8022,417,994,0,0
107,75,9.18,1533,6328,3,5,1525,6312,0,0
107,76,10.66,1720,5393,1060,3458,673,1974,0,0
107,77,20.6,1814,3507,1765,3410,48,95,0,0
107,78,9.57,1148,4592,939,4156,201,408,0,0
107,79,10.21,1616,4912,1525,4807,5,9,0,0
107,80,1.8,1240,4811,1240,4811,0,0,0,0
107,81,0.22,1102,5512,1102,5512,0,0,0,0
107,82,0.43,2189,10943,2189,10943,0,0,0,0
107,83,14.32,874,2030,818,1890,5,5,0,0
107,84,12.07,1308,4500,1294,4486,5,5,0,0
107,85,4.87,1745,8795,1710,8748,2,6,0,0
107,86,20.15,1668,5053,1532,4698,46,118,0,0
107,87,25.95,1633,3441,1422,3199,70,81,0,0
107,88,15.93,1023,2036,834,1822,63,71,0,0
107,89,11.51,3427,11287,61,123,924,2977,0,0
107,90,20.36,2408,7072,11,56,2232,6491,0,0
107,91,9.05,929,3040,915,3019,46,172,0,0
107,92,16.01,1395,3461,1182,3133,88,179,0,0
107,93,23.14,1677,3536,1064,2771,210,296,0,0
107,94,16.96,1300,4651,1081,3917,131,613,0,0
107,95,13.54,934,2174,806,1964,72,205,0,0
107,96,14.19,836,1664,642,1233,54,123,0,0
107,97,0.84,209,622,209,622,0,0,0,0
107,111,3.76,962,3726,307,1229,654,2496,0,0
107,112,5.65,1821,8667,1804,8651,0,0,0,0
107,113,5.19,1513,5448,1099,4620,456,988,0,0
107,114,3.96,2489,8298,200,797,505,1849,0,0
107,115,5.34,1357,5289,1023,4382,6,23,0,0
107,116,3.41,2186,11031,1492,8950,336,2015,694,2081
107,117,1.61,1341,6633,851,5165,706,2550,0,0
107,118,1.04,2158,12756,943,6604,1215,6151,78,467
107,119,0.68,1904,9452,61,347,1859,9137,0,0
107,122,1.99,1003,6020,1003,6020,0,0,0,0
107,123,1.16,800,4801,774,4647,26,155,0,0
107,124,0.32,470,3102,190,1140,280,1961,0,0
107,125,0.26,1594,11161,0,0,1594,11161,0,0
107,126,4.16,3285,3285,3285,3285,0,0,0,0
107,127,4.55,3121,8037,1442,1442,1652,6568,0,0
108,0,21.75,1193,3125,1105,3007,11,22,0,0
108,1,24.22,1304,2256,1076,1885,75,139,0,0
108,2,23.26,1394,3284,1163,2583,77,234,0,0
108,7,8.71,520,892,478,849,3,3,0,0
108,8,3,121,121,117,117,1,1,0,0
108,9,12.34,1157,2738,1065,2562,120,332,0,0
108,18,0.26,122,244,0,0,122,244,0,0
108,19,0.39,181,361,0,0,181,361,0,0
108,25,1.2,129,229,7,7,107,207,0,0
108,26,7.05,826,1835,556,1230,115,301,0,0
108,27,17.01,2142,6442,871,1825,1088,4138,0,0
108,28,32.13,2361,5275,2068,4716,93,182,0,0
108,29,26.37,2094,4493,1837,4058,110,246,0,0
108,30,23.92,2962,8503,921,2485,1756,5381,0,0
108,31,11.09,968,2633,260,577,697,2095,0,0
108,36,0.15,1207,3620,0,0,1207,3620,0,0
108,37,2.6,6014,18599,0,0,6014,18599,0,0
108,38,3.26,3659,14568,0,0,3659,14568,0,0
108,39,0.99,1604,6415,0,0,1604,6415,0,0
108,40,0.09,106,425,0,0,106,425,0,0
108,46,0.01,23,69,6,17,6,17,0,0
108,47,3.96,909,2131,138,239,687,1800,0,0
108,48,3.2,569,1659,542,1579,23,55,0,0
108,49,5.02,662,1241,360,666,219,519,0,0
108,50,0.85,753,2259,0,0,753,2259,0,0
108,52,4.13,233,456,189,378,12,27,0,0
108,53,10.28,4673,13536,667,1560,3989,11951,0,0
108,54,13.22,2051,6156,674,1782,1322,4252,0,0
108,55,11.75,1546,5630,1087,3629,460,2299,0,0
108,56,27.93,1816,4373,1572,3912,72,153,0,0
108,57,27.68,1795,3993,1694,3853,11,13,0,0
108,58,15.6,1465,3423,1443,3382,7,13,0,0
108,59,26.6,1823,4172,1587,3793,40,86,0,0
108,60,1.65,592,720,71,199,521,521,0,0
108,61,1.02,2198,8792,0,0,2198,8792,0,0
108,62,4.38,4666,14880,31,62,4573,14694,0,0
108,63,14.67,3208,11119,473,1315,2634,9675,0,0
108,64,12,1638,6699,1283,5769,342,845,0,0
108,65,11.67,1322,5894,1249,5766,18,37,0,0
108,66,9.82,1198,3741,997,3385,280,424,0,0
108,67,6.71,1623,8660,387,1879,1184,6626,0,0
108,68,5.03,924,4207,81,279,680,3368,0,0
108,69,0.32,1768,8840,0,0,1768,8840,0,0
108,70,3.08,2139,16358,1933,15201,465,3254,0,0
108,71,6.2,3296,21183,2490,16155,643,4061,0,0
108,72,9.35,2163,10030,2139,9912,38,189,0,0
108,73,6.04,2848,15993,2838,15932,3,20,0,0
108,74,3.83,2707,7835,1347,4222,1305,3098,0,0
108,75,12.08,1793,5882,634,1854,1103,3870,0,0
108,76,35.63,3043,8570,1848,5326,879,2526,0,0
108,77,22.72,1970,6016,916,2478,878,3269,0,0
108,78,15.66,1990,8150,1773,7497,161,498,0,0
108,79,11.8,1899,4833,338,1054,1455,3632,0,0
108,80,2.55,1186,4113,1186,4113,0,0,0,0
108,81,1.7,3125,22896,3125,22896,0,0,0,0
108,82,3.24,217,613,179,536,0,0,0,0
108,83,31.62,2246,5040,2212,4984,33,63,0,0
108,84,8.7,1948,8711,1737,7596,3,3,0,0
108,85,16.34,2371,9347,1576,6526,435,1242,0,0
108,86,21.68,1004,2346,687,1757,81,172,0,0
108,87,27.2,1457,3236,1237,2886,74,131,0,0
108,88,19.5,1587,3333,1469,3171,55,85,0,0
108,89,10.39,1752,5592,628,1348,1055,4132,0,0
108,90,14.5,2413,7350,1387,4507,697,1793,0,0
108,91,26.77,1972,5046,1913,4897,15,45,0,0
108,92,9.87,1322,3306,1271,3243,51,89,0,0
108,93,17.98,1592,2722,1370,2474,55,64,0,0
108,94,29.42,1840,5532,1635,5107,38,84,0,0
108,95,21.66,1704,5953,1465,5342,105,338,0,0
108,96,6.99,757,2197,700,1984,19,71,0,0
108,97,0.97,147,295,147,295,0,0,0,0
108,109,0.23,75,375,75,375,0,0,0,0
108,110,6.3,1935,10952,1730,10155,205,797,0,0
108,111,8.68,2561,8615,71,215,2561,8614,0,0
108,112,3.68,1180,4114,767,3288,413,826,0,0
108,113,1.57,466,898,97,195,466,898,0,0
108,114,10.82,2805,7032,924,3360,2050,4009,0,0
108,115,7.46,1571,6643,1571,6643,0,0,0,0
108,116,6.28,1387,9085,1387,9085,216,1729,0,0
108,117,2.67,2929,15620,1675,11858,1641,6858,0,0
108,118,1.19,1307,8967,1307,8967,0,0,0,0
108,119,1.47,1312,8157,1312,8157,0,0,0,0
108,120,3.89,1357,5982,1323,5949,0,0,0,0
108,121,1.24,1044,6326,1044,6326,0,0,0,0
108,122,1.29,1876,12940,1876,12940,0,0,0,0
108,123,2.27,1055,6330,1055,6330,0,0,0,0
108,124,3.03,1648,9767,1648,9767,0,0,0,0
108,125,2.13,1116,6697,1116,6697,0,0,0,0
108,126,0.57,1166,6162,946,5284,0,0,0,0
108,127,1.08,1964,7515,111,111,276,1096,0,0
109,0,26.46,1669,3895,1498,3688,33,41,0,0
109,1,18.99,1283,2588,1044,1961,72,201,0,0
109,2,13.58,1111,2261,974,1977,121,244,0,0
109,6,1,17,17,4,4,4,4,0,0
109,7,9.5,763,1904,724,1787,13,39,0,0
109,8,1,15,15,4,4,4,4,0,0
109,9,13.04,1007,2095,867,1761,98,185,0,0
109,10,2.49,239,377,239,377,0,0,0,0
109,17,1,18,18,4,4,4,4,0,0
109,19,1.35,629,791,0,0,629,791,0,0
109,25,3.8,858,2042,648,1810,70,77,0,0
109,26,6.79,883,2119,856,2067,9,18,0,0
109,27,17.14,1306,3003,1117,2688,29,57,0,0
109,28,18.2,1331,2891,1187,2529,33,93,0,0
109,29,3.18,257,485,229,457,0,0,0,0
109,30,40.95,2397,6229,1430,3788,726,1925,0,0
109,31,45.63,3946,8746,1855,4424,1535,3069,0,0
109,32,11.13,738,1407,599,1249,30,30,0,0
109,33,8.45,611,1510,585,1477,2,4,0,0
109,36,5.55,4127,18718,15,28,4109,18688,0,0
109,37,2.81,4563,16073,7,7,4541,16052,0,0
109,38,1.54,5717,19809,0,0,5717,19809,0,0
109,39,2.93,3655,12817,0,0,3655,12817,0,0
109,40,3.03,700,2765,12,12,688,2754,0,0
109,41,1,45,45,11,11,11,11,0,0
109,46,3.82,3350,10027,694,2078,1267,3794,0,0
109,47,8.2,816,1779,123,265,467,1027,0,0
109,50,3.44,410,862,80,212,275,547,0,0
109,51,1.84,72,72,61,61,4,4,0,0
109,53,13.1,1021,2635,658,1736,260,772,0,0
109,54,28.04,1788,4368,1665,4185,20,47,0,0
109,55,35.69,2342,6213,1819,4359,488,2274,0,0
109,56,26.34,1765,4378,1674,4239,16,24,0,0
109,57,22.03,2239,7646,2031,7229,61,129,0,0
109,58,5.91,2223,5884,754,2939,1466,2933,0,0
109,59,5.38,2326,7297,783,2553,2051,6473,0,0
109,61,0.07,384,1537,0,0,384,1537,0,0
109,62,4.11,5093,20125,7,7,5073,20105,0,0
109,63,1.22,4756,18998,0,0,4756,18998,0,0
109,64,16.3,1197,3688,956,2492,195,1117,0,0
109,65,19.84,1078,3932,864,3645,11,35,0,0
109,66,13.52,2461,11903,2039,11031,163,360,0,0
109,67,8.42,2127,11200,1554,9733,389,921,0,0
109,68,1.46,3137,15602,11,32,3106,15507,0,0
109,69,1,52,155,13,39,13,39,0,0
109,71,3,2184,10942,1793,8466,130,825,0,0
109,72,3.01,3198,15250,3198,15250,0,0,0,0
109,73,2.41,2165,15666,2165,15666,0,0,0,0
109,74,4.55,2991,22969,1613,12206,755,6919,404,1211
109,75,8.44,1735,11452,966,7642,408,2764,0,0
109,76,26.29,2293,6191,1891,5307,44,93,0,0
109,77,7.54,1008,3577,739,2939,211,545,0,0
109,78,3.84,1618,2966,0,0,1618,2966,0,0
109,79,1.05,992,2925,0,0,992,2925,0,0
109,81,1.84,2597,28193,2597,28193,0,0,0,0
109,82,11.34,1058,2296,775,1874,24,70,0,0
109,83,17.85,1522,3278,1499,3253,8,8,0,0
109,84,14.76,1141,1649,678,1316,155,111,0,0
109,85,22.39,1355,3609,994,2938,161,353,0,0
109,86,38.82,2366,5224,2219,4973,27,47,0,0
109,87,22.61,1678,4422,1603,4338,78,162,0,0
109,88,21.05,1174,2499,1071,2312,57,92,0,0
109,89,23.5,1444,2957,1212,2607,58,97,0,0
109,90,11.04,1323,3278,1170,2813,51,155,0,0
109,91,20.34,1914,5094,1788,4884,134,360,0,0
109,92,18.82,1694,3403,1589,3235,58,114,0,0
109,93,23.23,1713,4682,1487,4123,120,414,0,0
109,94,15.23,1292,3297,1261,3224,11,53,0,0
109,95,7.1,2709,15197,204,481,2469,14678,0,0
109,96,2.98,331,809,322,785,3,8,0,0
109,97,10.09,413,1166,386,1092,9,25,0,0
109,108,0.94,294,1766,294,1766,0,0,0,0
109,109,8.95,1170,5118,1170,5118,0,0,0,0
109,110,9.1,994,4128,841,3582,202,865,0,0
109,111,4.03,1380,5714,466,2669,972,3305,0,0
109,112,1.9,1565,14605,1239,13627,326,978,0,0
109,113,2.05,956,3824,956,3824,0,0,0,0
109,114,6.28,1806,7719,1806,7719,96,481,0,0
109,115,6.21,1287,5547,406,1784,830,3660,0,0
109,116,9.81,2432,13803,2432,13803,462,3341,0,0
109,117,20.1,1826,5222,1794,5158,4,29,0,0
109,118,16.17,1426,3888,1236,3318,0,0,190,570
109,119,11.02,1970,9278,1850,9037,0,0,0,0
109,120,20.37,1897,5858,1542,5245,0,0,0,0
109,121,19.94,2206,7047,2023,6682,115,631,0,0
109,122,2.34,1031,5292,1031,5292,43,256,0,0
109,123,1.57,1210,6326,1160,6077,0,0,0,0
109,124,3.59,3708,17366,545,2980,1352,5407,0,0
109,125,2.76,1775,9304,1274,7298,501,2006,0,0
109,126,2.44,2053,11158,1528,9170,524,1988,0,0
109,127,3.73,4018,15556,366,2196,3558,12984,0,0
110,0,18.78,1137,2488,955,2235,12,24,0,0
110,1,18.01,1311,2931,1036,2417,75,155,0,0
110,2,2.25,251,726,251,726,0,0,0,0
110,4,0.12,157,314,0,0,48,95,0,0
110,5,1.88,1307,2614,0,0,502,1004,0,0
110,7,5.01,287,408,215,336,0,0,0,0
110,8,2.94,230,419,200,390,10,10,0,0
110,9,18.36,1418,3380,1054,2525,155,327,0,0
110,10,6.95,538,1211,479,1092,22,45,0,0
110,26,11.02,972,1559,938,1491,11,23,0,0
110,27,24.24,1957,3020,1858,2852,15,28,0,0
110,28,15.19,1379,2900,1194,2554,84,165,0,0
110,29,21.2,1677,3677,1420,3180,22,40,0,0
110,30,34.78,2035,4917,1625,4056,165,396,0,0
110,31,35.18,3015,7651,2529,6380,608,1601,0,0
110,32,19,1371,3285,976,2434,66,138,0,0
110,33,5.15,477,1157,329,904,0,0,0,0
110,34,0.16,8,8,0,0,0,0,0,0
110,36,0.53,1755,8624,0,0,1755,8624,0,0
110,37,7.28,5001,17397,0,0,5001,17397,0,0
110,38,3.88,4097,13290,16,16,4050,13244,0,0
110,39,3.31,4427,13191,4,4,4416,13180,0,0
110,40,1.13,1087,3261,0,0,1087,3261,0,0
110,46,14.89,879,1791,534,1185,66,125,0,0
110,47,1.79,255,867,179,715,0,0,0,0
110,49,5.76,354,703,349,697,31,60,0,0
110,50,29.39,1990,5040,1972,5002,6,13,0,0
110,51,16.01,990,2313,748,1843,34,74,0,0
110,52,7.7,430,820,326,629,16,16,0,0
110,53,7.24,439,1000,391,917,2,5,0,0
110,54,23.66,1718,3786,1536,3483,48,81,0,0
110,55,50.9,2581,5381,2204,4775,94,171,0,0
110,56,41.8,2156,4982,1804,4404,69,129,0,0
110,57,1.98,2154,12716,2141,12703,4,4,0,0
110,58,2.54,1502,7295,1487,7265,5,10,0,0
110,60,0.39,1334,14481,99,890,1236,13591,0,0
110,61,1.24,2395,24861,739,6654,1655,18207,0,0
110,62,1.97,1492,6345,514,1234,772,3466,0,0
110,63,2.42,3858,7186,3783,6884,76,302,0,0
110,64,3.9,4871,24624,863,5141,4008,19483,0,0
110,65,7.65,1740,16327,1126,12064,481,3138,0,0
110,66,5.56,2589,17968,622,5463,1638,8276,0,0
110,67,5.82,4402,37369,1937,21754,1778,9113,0,0
110,68,1.88,1617,15919,1043,12924,520,2356,0,0
110,69,5.07,2072,6724,22,22,2046,6698,0,0
110,70,1.57,2515,12285,9,9,2487,12256,0,0
110,71,2.32,2360,10677,26,85,2294,10474,0,0
110,72,5.07,2086,10211,2086,10211,0,0,0,0
110,73,3.02,1685,6290,1685,6290,0,0,0,0
110,74,13.22,3029,16202,2933,16024,283,1683,0,0
110,75,29.03,2123,5087,1645,4366,113,201,0,0
110,76,54.9,3497,8959,3058,8089,88,180,0,0
110,77,11.62,1636,5342,1531,5215,6,7,0,0
110,78,2,1252,13777,1252,13777,0,0,0,0
110,79,2.46,1286,16478,1265,16457,21,21,0,0
110,80,1.93,1420,11678,638,10113,768,1536,0,0
110,81,9.76,2641,17788,1598,15581,1035,2109,0,0
110,82,12.47,1028,1952,997,1911,39,72,0,0
110,83,19.51,1441,3273,1400,3206,14,22,0,0
110,84,8.93,1073,2378,997,2226,25,51,0,0
110,85,15.97,1404,2983,1193,2600,39,78,0,0
110,86,36.46,2542,5883,1752,4291,458,949,0,0
110,87,24.06,1921,4248,1731,3918,111,239,0,0
110,88,16.23,1194,2272,826,1636,89,193,0,0
110,89,14.17,1022,2517,848,2246,52,116,0,0
110,90,26.54,1902,3904,1631,3360,67,150,0,0
110,91,17.35,1572,3001,857,1204,564,1631,0,0
110,92,21.41,1552,3494,1464,3368,85,200,0,0
110,93,22.75,1138,3294,978,3057,41,66,0,0
110,94,15.82,1011,3275,926,3033,22,74,0,0
110,95,9.53,801,1767,739,1539,52,207,0,0
110,96,19.19,1379,2923,1322,2862,8,9,0,0
110,97,10.03,486,1291,468,1263,2,5,0,0
110,108,0.01,11,76,11,76,0,0,0,0
110,109,8.7,1716,9570,1699,9536,0,0,0,0
110,110,21.75,1450,4624,1450,4624,0,0,0,0
110,111,3.61,267,1211,267,1211,0,0,0,0
110,112,1.37,559,3183,527,3084,33,98,0,0
110,113,4.42,1498,7307,1480,7243,170,963,0,0
110,114,0.89,673,3958,602,3459,75,517,0,0
110,115,5.71,2161,10961,861,5167,870,4933,0,0
110,116,7.26,2634,12735,257,744,2292,11819,0,0
110,117,10.89,2820,6444,1352,3534,508,989,0,0
110,118,31.16,1843,4246,1764,4100,46,92,0,0
110,119,31.07,2804,7095,2600,6735,0,0,0,0
110,120,32.37,2309,6870,1804,5563,407,1296,0,0
110,121,21.7,2398,7250,2294,6989,142,397,0,0
110,122,6.35,1604,7459,1604,7459,134,669,0,0
110,123,3.12,1606,8453,1278,6815,0,0,0,0
110,124,3.48,2640,12663,307,1842,739,2954,0,0
110,125,6.56,2859,11008,353,2064,2486,8923,0,0
110,126,3.91,2067,9672,1385,8307,770,1887,0,0
110,127,2.41,2995,19089,1047,6690,2073,13155,0,0
111,0,14.5,925,2268,782,2017,10,13,0,0
111,1,5,298,682,286,659,4,8,0,0
111,2,1,251,502,0,0,251,502,0,0
111,3,2.78,848,1681,8,12,825,1646,0,0
111,4,7.17,743,1485,0,0,743,1485,0,0
111,5,3,1915,6273,0,0,1915,6273,0,0
111,6,0.83,67,97,13,13,28,58,0,0
111,7,10.18,717,1486,603,1352,10,16,0,0
111,8,6.2,285,576,174,436,2,6,0,0
111,9,19.21,1393,3136,1284,2901,13,23,0,0
111,10,13.8,1610,3844,1163,2946,61,144,0,0
111,11,1.48,118,236,84,167,0,0,0,0
111,27,8,780,1812,602,1304,59,169,0,0
111,28,20.82,1514,3727,1008,2622,195,390,0,0
111,29,26.2,1806,4097,1427,3436,83,163,0,0
111,30,15.97,1201,2841,966,2369,170,345,0,0
111,31,30.96,2412,7054,1741,5388,354,855,0,0
111,32,32.87,2300,6304,1155,3294,409,1121,0,0
111,34,1,8,8,2,2,2,2,0,0
111,35,1.02,543,1618,3,6,534,1599,0,0
111,36,7.21,1801,5825,26,50,1723,5676,0,0
111,37,0.76,733,2297,0,0,733,2297,0,0
111,38,2.86,1111,3364,0,0,1111,3364,0,0
111,39,4.77,1393,3218,190,381,1203,2838,0,0
111,40,0.64,2621,7864,0,0,2621,7864,0,0
111,46,7.32,525,1138,478,1036,16,34,0,0
111,49,8.99,857,1486,600,1144,81,105,0,0
111,50,11.13,1002,2004,972,1974,10,10,0,0
111,51,20.22,1432,3248,1182,2816,51,94,0,0
111,52,21.94,1345,3303,844,1930,142,406,0,0
111,53,5.28,530,1239,496,1205,0,0,0,0
111,54,8.32,470,1610,418,1386,10,67,0,0
111,55,9.51,673,1269,585,1175,4,6,0,0
111,56,34.11,2000,4523,1736,4017,52,107,0,0
111,57,3.65,1645,9476,1637,9461,2,5,0,0
111,60,1.74,2242,10898,0,0,2242,10898,0,0
111,61,2.51,2557,24320,448,3340,1681,17558,0,0
111,62,5.77,3947,26170,3530,22828,380,2797,0,0
111,63,5.97,3084,18696,3084,18696,0,0,0,0
111,64,5.19,3199,21799,3199,21799,0,0,0,0
111,65,3.36,2620,21880,2537,20637,361,2744,0,0
111,66,3.97,4874,59580,3947,48982,400,3989,0,0
111,67,2.09,3226,48724,2757,43447,274,2348,0,0
111,68,6.22,3971,39937,3074,30062,1126,11475,0,0
111,69,8.21,2998,21689,55,84,2904,21510,0,0
111,70,2.16,3946,9172,173,631,3428,7278,0,0
111,71,3.08,6602,31724,49,195,6456,31140,0,0
111,72,2.32,737,3056,56,353,670,2692,0,0
111,73,5.65,2190,11966,2190,11966,0,0,0,0
111,74,18.14,1524,3395,1145,2903,5,10,0,0
111,75,17.81,2251,3883,2154,3768,63,134,0,0
111,76,39.12,2427,6265,2030,5555,190,473,0,0
111,77,11.14,2095,8536,1999,8380,20,40,0,0
111,78,2.64,1656,16346,1656,16346,0,0,0,0
111,79,0.56,1909,3818,573,1145,1909,3818,0,0
111,80,2.06,1766,8630,1176,6707,616,1976,0,0
111,81,3.02,2290,20581,1834,19726,417,815,0,0
111,82,17.57,1248,3164,1195,3085,21,34,0,0
111,83,22.43,1770,4797,1624,4562,31,52,0,0
111,84,14.07,1153,2683,989,2389,51,94,0,0
111,85,20.82,1291,3035,1232,2948,15,24,0,0
111,86,13.31,1297,3589,589,1409,747,2340,0,0
111,87,11.8,2259,8609,421,1518,1693,6724,0,0
111,88,20.63,1647,3456,1417,3009,29,55,0,0
111,89,26.05,1650,4143,1345,3428,63,161,0,0
111,90,15.46,1138,2482,903,1933,208,600,0,0
111,91,18.35,2169,5773,1832,4905,249,717,0,0
111,92,17.68,1034,2216,795,1938,75,90,0,0
111,93,14.12,1138,2694,1078,2609,20,28,0,0
111,94,17.86,1749,3726,1398,3295,85,112,0,0
111,95,16.78,1945,4955,1907,4916,13,13,0,0
111,96,15.2,1442,2876,1405,2834,54,97,0,0
111,97,16.18,1519,3175,1404,3045,13,18,0,0
111,108,1.57,495,3465,495,3465,0,0,0,0
111,109,7.65,1764,8601,1764,8601,0,0,0,0
111,110,14.05,1179,4262,1179,4262,0,0,0,0
111,111,8.43,812,3389,812,3389,0,0,0,0
111,112,9.25,1231,4793,1231,4793,0,0,0,0
111,113,7.72,1646,7115,1021,4842,885,3322,0,0
111,114,3.01,3557,22400,2488,16073,1057,6316,0,0
111,115,3.04,2612,11506,993,3908,984,5691,0,0
111,116,3.93,4436,14394,504,1018,2290,9438,0,0
111,117,13.3,3505,8746,1071,2343,815,2255,0,0
111,118,30.09,1973,4973,1911,4885,8,16,0,0
111,119,27.89,1719,5422,1642,5299,0,0,0,0
111,120,28.1,3019,11498,2949,11368,0,0,0,0
111,121,38.15,3753,16519,2062,9624,1689,6904,0,0
111,122,6.46,1544,7485,1485,7425,153,649,0,0
111,123,3.67,1190,6364,1190,6364,109,545,0,0
111,124,1.82,1071,5890,1071,5890,161,963,0,0
111,125,2.29,1559,8932,436,2421,1114,6502,0,0
111,126,4.26,3516,15754,902,5203,2698,11059,0,0
111,127,10.36,4657,32471,2972,20679,1853,12744,114,799
112,0,18.08,1163,3313,1042,3044,64,182,0,0
112,1,1.19,132,264,131,262,0,1,0,0
112,2,2,613,977,0,0,613,977,0,0
112,3,1.87,513,1026,0,0,513,1026,0,0
112,4,1.59,903,3416,0,0,903,3416,0,0
112,5,1.02,9635,38542,0,0,9635,38542,0,0
112,6,0.27,3006,12023,0,0,3006,12023,0,0
112,7,14.25,948,2362,891,2304,4,4,0,0
112,8,7.29,403,1177,352,1080,17,32,0,0
112,9,15.66,1067,2920,941,2665,28,58,0,0
112,10,2,256,640,256,640,0,0,0,0
112,19,1,146,146,37,37,37,37,0,0
112,27,6.24,433,805,263,585,135,151,0,0
112,28,19.29,2680,4142,684,1257,1692,2298,0,0
112,29,18.25,1644,4157,1235,3396,207,412,0,0
112,30,23.61,2400,7144,1818,5503,552,1634,0,0
112,31,19.41,2661,6622,1148,3537,705,750,646,1938
112,32,34.53,2762,8456,2008,6374,261,747,0,0
112,33,0.23,34,103,34,103,0,0,0,0
112,35,1.61,1935,5595,0,0,1935,5595,0,0
112,36,3.76,1736,7227,50,99,1687,7128,0,0
112,37,3.97,1113,2870,17,17,1062,2820,0,0
112,38,2.06,813,2466,93,185,720,2280,0,0
112,39,0.28,1247,3733,10,19,1238,3713,0,0
112,40,0.41,2743,8230,0,0,2743,8230,0,0
112,47,1.87,59,59,15,15,15,15,0,0
112,48,2.88,166,166,116,116,17,17,0,0
112,49,3.28,239,451,231,442,3,3,0,0
112,50,16.72,1228,2969,1080,2735,78,163,0,0
112,51,22.39,1452,2732,1072,2016,158,332,0,0
112,52,25.75,1540,4032,1241,3299,180,494,0,0
112,53,17.95,1122,2424,1029,2304,17,26,0,0
112,54,4.2,176,337,116,277,5,5,0,0
112,55,11.66,579,1551,487,1340,13,17,0,0
112,56,2.86,178,428,80,306,3,11,0,0
112,57,0.69,191,191,0,0,0,0,0,0
112,59,2.19,733,2502,0,0,733,2502,0,0
112,60,2.33,4165,16267,0,0,4165,16267,0,0
112,61,4.69,3381,20449,21,166,3319,19956,0,0
112,62,3.33,2049,15528,2036,15422,111,783,0,0
112,63,4.84,3433,23896,3433,23896,0,0,0,0
112,64,5.08,4568,28483,4160,27668,407,815,0,0
112,65,3.73,4544,31531,3217,19591,1792,14736,0,0
112,66,0.71,3507,24632,767,9196,2740,15436,0,0
112,67,4.87,5728,27646,62,62,5542,27459,0,0
112,68,2.75,3050,21408,2503,17103,1173,8687,0,0
112,69,1.41,4344,39876,131,911,3959,36665,0,0
112,70,1.27,4053,15472,0,0,3058,6515,0,0
112,71,4.27,2690,3666,56,97,2521,3376,0,0
112,72,1.01,1302,6509,0,0,1302,6509,0,0
112,73,1.9,492,1568,492,1568,0,0,0,0
112,74,11.84,1358,4546,1285,4421,33,61,0,0
112,75,20.57,1793,5896,1567,5476,15,26,0,0
112,76,27.49,2015,5365,1350,3793,426,1222,0,0
112,77,5.78,1492,7478,1377,7248,12,25,0,0
112,78,2.98,1773,11730,1254,10692,84,168,0,0
112,79,1.11,4431,26558,3807,25309,892,1784,0,0
112,80,0.82,3538,19790,3279,19271,370,741,0,0
112,81,0.37,679,6787,679,6787,0,0,0,0
112,82,12.49,1340,7929,1245,7810,17,17,0,0
112,83,24.8,1486,3080,1356,2906,38,61,0,0
112,84,26.27,1826,4009,1734,3877,32,62,0,0
112,85,24.83,1845,4081,1734,3949,14,21,0,0
112,86,30.24,1907,4498,1815,4366,50,92,0,0
112,87,39.87,2515,5845,1475,3707,671,1519,0,0
112,88,40.26,2820,5517,1895,3947,371,714,0,0
112,89,31,1901,4833,1682,4486,85,176,0,0
112,90,31.95,1930,4915,1738,4675,18,23,0,0
112,91,32.03,2105,4422,1761,3981,16,26,0,0
112,92,19.63,1469,3293,1211,2948,34,37,0,0
112,93,17,1482,3601,1294,3412,32,53,0,0
112,94,18.43,1522,3322,1362,2956,98,223,0,0
112,95,18.62,1527,3065,1198,2611,110,151,0,0
112,96,15.34,1511,3585,1494,3555,60,119,0,0
112,97,14.86,1688,3423,1641,3376,7,7,0,0
112,98,1.44,261,521,260,521,0,0,0,0
112,99,1.34,89,256,89,256,0,0,0,0
112,108,2.87,910,6072,910,6072,0,0,0,0
112,109,6.84,1154,4321,1154,4321,0,0,0,0
112,110,9.6,1024,4479,1009,4460,13,13,0,0
112,111,16.95,1884,6994,1884,6994,0,0,0,0
112,112,20.92,2062,7852,2033,7824,0,0,0,0
112,113,5.27,1663,11145,1663,11145,0,0,0,0
112,114,12.63,3490,18967,3225,18702,81,81,0,0
112,115,1.88,1619,7273,1615,7269,1,1,0,0
112,116,1.31,909,2444,0,0,909,2444,0,0
112,117,6.38,1427,4644,672,2513,688,2064,0,0
112,118,17.02,1433,5365,1374,5210,0,0,0,0
112,119,26.87,2109,7187,1969,6864,7,29,0,0
112,120,34.61,3054,7704,2338,6653,835,1627,7,14
112,121,25.23,2346,8389,2108,7918,123,303,101,201
112,122,12.74,2043,10350,2009,10281,67,231,0,0
112,123,5.15,1640,8631,1640,8631,25,124,0,0
112,124,3.4,2417,16277,2386,16247,511,3517,0,0
112,125,4.84,3630,16876,1707,10763,2372,9124,0,0
112,126,19.73,3964,17724,3263,15660,1186,4877,0,0
112,127,4.08,2032,12180,2032,12180,9,54,0,0
113,0,12.92,935,2579,861,2412,24,56,0,0
113,1,1.08,103,309,103,309,0,0,0,0
113,2,1.31,2445,7275,7,7,2423,7253,0,0
113,3,3.26,511,1488,81,243,511,1488,0,0
113,4,2.01,4177,15913,11,34,4177,15913,0,0
113,5,0.77,9306,37223,0,0,9306,37223,0,0
113,6,0.07,629,2517,0,0,629,2517,0,0
113,7,18.58,949,2356,769,2025,23,43,0,0
113,8,9.2,756,1916,707,1848,4,11,0,0
113,9,3.88,426,658,367,482,0,0,0,0
113,10,0.69,36,73,36,73,0,0,0,0
113,24,2,155,258,39,65,39,65,0,0
113,25,2,344,1033,59,178,344,1033,0,0
113,27,4.1,271,629,210,511,8,15,0,0
113,28,10.52,865,2133,811,2079,9,9,0,0
113,29,0.67,107,220,107,220,0,0,0,0
113,30,6.67,374,745,340,678,12,22,0,0
113,31,18.37,1590,4586,1277,3799,172,499,0,0
113,32,13.19,1471,3649,864,2240,495,1275,0,0
113,33,1.32,54,146,42,122,4,8,0,0
113,35,3.03,817,1622,2,2,811,1616,0,0
113,36,0.37,8,15,1,1,5,12,0,0
113,37,1.55,211,422,92,185,146,292,0,0
113,39,1.17,23,23,14,14,3,3,0,0
113,40,2.75,318,587,116,183,67,135,0,0
113,45,0.7,204,407,204,407,0,0,0,0
113,47,1.56,143,215,143,215,0,0,0,0
113,48,4.32,300,480,210,389,30,30,0,0
113,49,17.07,705,1414,512,1105,46,66,0,0
113,50,19.15,1389,3822,1244,3568,25,49,0,0
113,51,9,1757,4872,944,2806,953,2346,0,0
113,52,28.44,1918,4071,1368,2982,417,846,0,0
113,53,12.48,574,1399,489,1305,26,29,0,0
113,55,3.68,242,966,236,945,2,7,0,0
113,59,0.24,834,3335,0,0,834,3335,0,0
113,60,2.57,2153,8035,7,37,2153,8035,0,0
113,61,3,1944,13626,0,0,1944,13626,0,0
113,62,0.37,1245,13695,0,0,1245,13695,0,0
113,63,2.63,1640,10628,1435,9605,205,1023,0,0
113,64,2.02,3585,23084,1639,9946,1946,13139,0,0
113,65,0.48,5703,51328,0,0,5703,51328,0,0
113,66,0.51,3394,24524,0,0,3394,24524,0,0
113,67,7.4,4914,24404,11,14,4881,24363,0,0
113,68,2.93,1851,10177,479,3350,1503,7740,0,0
113,69,9.09,4649,32938,210,1329,3017,19640,0,0
113,70,5.53,3222,18081,24,93,2682,13603,0,0
113,71,0.21,2730,2730,0,0,2730,2730,0,0
113,72,0.15,2034,2034,0,0,2034,2034,0,0
113,73,0.49,68,136,0,0,68,136,0,0
113,74,5.55,1514,4805,291,1348,1223,3457,0,0
113,75,4.44,1250,5995,1149,5894,0,0,0,0
113,76,21.16,2151,9023,2003,8777,57,119,0,0
113,77,14.26,1903,13344,1861,13301,5,5,0,0
113,78,22.56,923,2187,830,2029,15,28,0,0
113,79,29.6,1630,4734,1466,4347,38,81,0,0
113,80,24.5,1830,4155,1522,3350,92,258,0,0
113,81,5.63,916,7252,891,7221,3,5,0,0
113,82,9.34,1095,5160,886,4674,208,484,0,0
113,83,25.61,1410,3070,1206,2702,45,89,0,0
113,84,23.56,1534,3771,1340,3413,58,113,0,0
113,85,24.28,1404,3716,1208,3403,26,43,0,0
113,86,32.83,1640,3681,1478,3459,80,141,0,0
113,87,27.25,1481,3901,1252,3503,29,65,0,0
113,88,14.98,1361,3879,989,2424,331,1534,0,0
113,89,14.45,2112,7689,1432,4434,774,3691,0,0
113,90,26.5,2215,5794,1699,4720,237,496,0,0
113,91,20.2,1068,2206,966,2067,19,22,0,0
113,92,18.2,1729,3819,1340,3224,98,167,0,0
113,93,36.7,2728,6858,2330,5895,84,208,0,0
113,94,16.56,1082,2503,740,1728,106,250,0,0
113,95,25.23,1651,3400,1479,3095,47,86,0,0
113,96,26.69,1588,3071,1373,2810,33,48,0,0
113,97,20.19,1538,3886,1471,3803,17,22,0,0
113,98,13.25,1789,4468,1407,3928,117,170,0,0
113,99,2.4,271,781,259,769,0,0,0,0
113,108,7.09,810,4333,776,4298,0,0,0,0
113,109,8.79,1366,8046,1366,8046,206,1443,0,0
113,110,7.13,1146,5131,1146,5131,60,238,0,0
113,111,19.79,2457,9993,2130,9525,317,1580,0,0
113,112,21.49,2859,9544,2052,8029,149,464,0,0
113,113,5.88,1975,10180,1841,9781,350,1484,0,0
113,114,12.82,2130,10302,2051,10143,307,1298,0,0
113,117,1.61,937,4783,937,4783,0,0,0,0
113,118,4.59,1342,6098,1341,6096,0,0,0,0
113,119,34.96,2079,5953,1728,5259,293,630,0,0
113,120,30.32,1804,4538,1254,3068,451,1285,0,0
113,121,28.23,1485,3304,1307,3092,2,2,0,0
113,122,22.52,3050,20323,3043,20309,7,14,0,0
113,123,3.06,1778,10797,1778,10797,248,1736,0,0
113,124,5.18,2341,13278,2281,13188,228,1390,0,0
113,125,1.09,902,5879,902,5879,271,1764,0,0
113,126,7.57,3023,19289,2900,18921,684,4622,0,0
113,127,30.73,2995,14362,2776,13703,328,1367,0,0
114,0,11.11,1437,3505,1338,3329,48,70,0,0
114,1,0.31,679,1581,0,0,679,1581,0,0
114,2,0.98,7391,22172,0,0,7391,22172,0,0
114,3,0.74,3067,9202,0,0,3067,9202,0,0
114,4,0.45,7824,23534,0,0,7824,23534,0,0
114,5,0.31,5016,16437,0,0,5016,16437,0,0
114,7,11.15,809,1476,572,997,14,14,0,0
114,8,4.28,261,551,147,306,15,15,0,0
114,9,1.18,250,750,20,59,192,575,0,0
114,10,3.01,307,599,296,588,4,4,0,0
114,26,1.06,9,14,6,12,1,1,0,0
114,27,0.88,89,179,89,179,0,0,0,0
114,30,2.51,2381,11900,2376,11880,2,7,0,0
114,31,6.37,1989,6277,504,2238,1482,4055,0,0
114,32,11.61,2060,5558,1446,3499,434,1365,0,0
114,33,15.5,1053,2748,1009,2679,11,20,0,0
114,34,4.19,157,537,138,518,6,6,0,0
114,40,2.08,57,57,18,18,13,13,0,0
114,42,1,54,54,14,14,14,14,0,0
114,43,0.8,32,32,8,8,8,8,0,0
114,44,1,34,69,34,69,0,0,0,0
114,45,0.68,322,645,322,645,0,0,0,0
114,46,2.62,438,823,428,812,0,0,0,0
114,47,1,12,12,3,3,3,3,0,0
114,48,16.05,699,1354,455,939,57,106,0,0
114,49,24.97,1703,4032,1477,3656,114,271,0,0
114,50,16.62,1417,3140,1221,2808,84,171,0,0
114,51,17.42,750,1433,677,1358,21,22,0,0
114,52,22.1,1310,2944,1127,2644,58,97,0,0
114,53,1,84,171,84,171,0,0,0,0
114,60,2.22,1264,6032,293,1466,1264,6032,0,0
114,61,6.19,4539,13618,0,0,4539,13618,0,0
114,62,0.62,1483,13705,0,0,1483,13705,0,0
114,63,0.68,2168,15016,2088,14619,79,397,0,0
114,64,3.64,3373,18506,1727,12092,1646,6414,0,0
114,65,0.15,1771,15938,0,0,1771,15938,0,0
114,66,1.12,429,1882,17,17,377,1831,0,0
114,67,6.42,3173,15324,4,14,3160,15283,0,0
114,68,4.79,3905,19496,27,27,3824,19414,0,0
114,69,4.61,3113,23360,748,3742,2344,19515,0,0
114,70,2.2,2387,12835,2387,12835,0,0,0,0
114,72,1.34,1999,12984,309,2161,1690,10823,0,0
114,74,2.27,1069,2331,0,0,1069,2331,0,0
114,75,2.55,1177,3416,87,173,1088,3240,0,0
114,76,9.08,1170,3525,846,2560,345,1002,0,0
114,77,17.38,1598,5036,1013,2815,685,2800,0,0
114,78,21.85,1577,3745,1536,3695,10,13,0,0
114,79,29.21,1671,4284,1516,4072,19,31,0,0
114,80,28.97,1696,3877,1622,3758,10,18,0,0
114,81,20.04,1429,3281,1261,2971,32,90,0,0
114,82,18.51,1151,2564,784,1643,304,857,0,0
114,83,37.84,2254,4632,2111,4489,20,20,0,0
114,84,29,2073,4406,1900,4233,13,13,0,0
114,85,26.14,1719,4018,1494,3622,152,272,0,0
114,86,28.27,1617,3790,1405,3385,108,216,0,0
114,87,32.13,1692,4038,1405,3645,155,354,0,0
114,88,8.69,1100,3581,390,1063,678,2481,0,0
114,89,11.5,3456,14079,354,1043,2902,12600,0,0
114,90,19.22,2451,7433,686,1866,1723,5513,0,0
114,91,34.62,2975,7161,1602,3920,1227,2894,0,0
114,92,21.81,1931,5354,1399,4298,301,613,29,116
114,93,35.73,3644,10249,2962,8351,128,294,246,994
114,94,48.36,2619,7589,2313,7036,80,145,0,0
114,95,18.54,1392,3588,1255,3417,29,40,0,0
114,96,16.36,1405,2884,1087,2300,83,172,0,0
114,97,8.88,655,1399,621,1354,8,11,0,0
114,98,15.89,1497,3213,1437,3153,3,3,0,0
114,99,1.93,314,661,174,521,0,0,0,0
114,100,1.39,71,212,69,208,0,0,0,0
114,108,7.84,770,3823,770,3823,0,0,0,0
114,109,8.69,1334,6770,1332,6767,1,3,0,0
114,110,7.28,1784,7309,1628,6999,155,311,0,0
114,111,11.59,1686,7178,1686,7178,0,0,0,0
114,112,13.95,2004,9455,1696,8403,425,1585,0,0
114,113,10.03,2601,13194,1785,10617,1207,5144,0,0
114,114,6.44,1894,8806,1883,8796,0,0,0,0
114,119,6.3,545,1552,539,1546,0,0,0,0
114,120,11.05,911,2036,864,1989,0,0,0,0
114,121,18.12,1306,2255,1008,1956,259,259,0,0
114,122,26.06,1771,9210,1771,9210,0,0,0,0
114,123,9.29,1216,6041,1216,6041,0,0,0,0
114,124,17.4,2038,12927,2024,12911,2,4,0,0
114,125,2.59,417,2562,417,2562,0,0,0,0
114,126,14.54,2410,16287,2315,16004,511,3374,0,0
114,127,14.66,2515,14016,2408,13728,453,2648,0,0
115,0,13.21,1909,3945,1118,2629,735,1254,0,0
115,1,4.21,3892,3892,0,0,3884,3884,0,0
115,2,1,6,6,2,2,2,2,0,0
115,3,0.17,1191,3536,0,0,1191,3536,0,0
115,4,0.22,3862,11585,0,0,3862,11585,0,0
115,5,1.41,721,1751,0,0,721,1751,0,0
115,6,2.35,383,767,2,4,378,756,0,0
115,7,7.8,1047,2245,214,488,778,1586,0,0
115,8,17.33,2214,4701,720,1739,920,1738,0,0
115,9,3.05,1179,3150,22,22,1114,3086,0,0
115,10,1,23,23,6,6,6,6,0,0
115,19,0.2,212,212,0,0,212,212,0,0
115,20,7.68,2940,4905,0,0,2940,4905,0,0
115,21,0.12,17,17,0,0,17,17,0,0
115,26,3.93,2032,4402,367,1065,1755,3612,0,0
115,27,1.4,102,360,98,356,1,1,0,0
115,28,0.94,261,962,261,962,0,0,0,0
115,30,6.98,1345,5988,1304,5901,14,29,0,0
115,31,5.57,3213,8949,2614,7151,486,1459,0,0
115,32,11.7,2910,6560,1938,4351,945,2209,0,0
115,33,17.69,1403,3172,1321,3030,23,43,0,0
115,34,2.05,97,286,69,203,9,28,0,0
115,42,1.43,985,2912,5,5,969,2896,0,0
115,43,2.76,2749,6746,370,735,1639,4540,0,0
115,44,1.73,212,583,181,530,7,7,11,34
115,45,10.53,705,1917,462,1465,66,120,0,0
115,46,7.11,671,1801,435,1136,36,69,0,0
115,47,11.19,785,2104,605,1562,13,40,0,0
115,48,47.86,3872,9074,2886,6910,294,636,0,0
115,49,32.21,2530,7126,1640,4629,578,1878,0,0
115,50,17,1454,2483,1170,1990,82,152,0,0
115,51,10.63,448,937,381,818,3,3,0,0
115,52,14.97,990,2231,880,2090,24,34,0,0
115,53,1,49,49,15,15,49,49,0,0
115,60,0.74,1197,5985,359,1795,1197,5985,0,0
115,61,0.64,3106,6962,1,3,3106,6962,0,0
115,62,0.34,1868,3735,0,0,1868,3735,0,0
115,63,0.02,80,557,80,557,0,0,0,0
115,64,3.97,3529,20796,3180,19751,349,1046,0,0
115,65,1.29,2614,11078,2419,10491,195,586,0,0
115,66,1,1494,11955,1494,11955,0,0,0,0
115,67,0.09,425,2127,0,0,425,2127,0,0
115,68,2.48,3953,19687,0,0,3953,19687,0,0
115,69,3.6,1541,11208,671,4696,753,5698,0,0
115,70,3.92,3737,21865,3728,21806,3,20,0,0
115,71,0.08,375,4320,34,227,341,4093,0,0
115,72,1.74,2054,18587,1083,7635,971,10953,0,0
115,73,2.03,2097,21891,1985,20993,492,5412,0,0
115,74,2.03,169,503,0,0,169,503,0,0
115,75,5.04,1999,9167,108,390,1890,8777,0,0
115,76,1.33,1386,3433,92,382,1361,3381,0,0
115,77,2.78,2638,12629,390,1951,2638,12629,0,0
115,78,5.11,1504,4652,294,925,1284,4009,0,0
115,79,24.4,2179,6928,1425,4497,763,3017,0,0
115,80,27.5,1905,4864,1824,4669,22,55,0,0
115,81,20.81,1329,2751,1205,2569,22,42,0,0
115,82,11.3,2750,9168,2070,8060,127,331,0,0
115,83,39.25,2403,4869,2031,4354,40,56,0,0
115,84,33.94,2066,4142,1773,3769,42,48,0,0
115,85,26.02,1714,3058,1310,2498,126,169,0,0
115,86,44.23,2521,5989,2199,5506,63,90,0,0
115,87,40.55,2227,6053,1864,5279,132,374,0,0
115,88,3.79,686,2124,246,871,404,1181,0,0
115,89,20.48,1074,2256,1045,2198,10,20,0,0
115,90,13.66,1406,3421,710,1591,620,1691,0,0
115,91,16.86,1611,3897,1364,3435,198,525,0,0
115,92,23.11,2185,4741,1733,3409,504,1086,31,126
115,93,46.21,2829,7029,2429,5751,131,353,96,494
115,94,6.5,450,1203,350,1012,33,64,0,0
115,95,21.92,1541,3964,1108,2881,130,332,0,0
115,96,12.68,1085,2469,829,1980,145,353,0,0
115,98,8.3,835,1607,798,1569,1,1,0,0
115,99,33.11,2520,3286,2124,2738,38,38,0,0
115,100,18.05,1602,3142,1415,2874,0,0,0,0
115,101,9.81,809,2020,809,2020,63,189,0,0
115,102,0.22,23,65,23,65,0,0,0,0
115,108,4.61,438,2017,428,1987,0,0,0,0
115,109,3.09,1011,6864,928,6616,0,0,0,0
115,110,2.77,1390,6590,1390,6590,6,31,0,0
115,111,13.22,1704,7038,1704,7038,43,214,0,0
115,112,17.43,2323,12073,1123,6551,1436,6942,0,0
115,113,5.32,2145,10427,2145,10427,97,563,0,0
115,114,5.25,1002,3535,1002,3535,0,0,0,0
115,115,2,186,677,46,169,46,169,0,0
115,118,1,39,77,10,19,10,19,0,0
115,119,1,36,36,11,11,36,36,0,0
115,122,15.16,773,4369,773,4369,0,0,0,0
115,123,19.11,1346,5913,1332,5883,0,0,0,0
115,124,25.05,1414,6340,1408,6316,2,8,0,0
115,125,27.39,2478,14263,2478,14263,0,0,0,0
115,126,29.85,2880,13850,2880,13850,48,333,0,0
115,127,12.77,2081,13769,2081,13769,85,593,0,0
116,0,1.73,2885,9192,62,249,2823,8943,0,0
116,1,0.96,443,1773,0,0,443,1773,0,0
116,2,1.03,122,312,55,110,67,202,0,0
116,3,7.89,959,1830,0,0,945,1816,0,0
116,4,5.52,482,1076,1,2,479,1071,0,0
116,5,17.28,2247,6044,6,14,2228,6001,0,0
116,6,4.06,853,2179,0,0,853,2179,0,0
116,7,2.67,2261,4516,2,2,2254,4509,0,0
116,8,9.35,1719,4197,347,645,1307,3450,0,0
116,9,2.88,516,944,163,309,306,589,0,0
116,10,7.7,611,1329,565,1280,1,3,0,0
116,11,13.9,730,777,730,777,13,27,0,0
116,12,1.39,184,367,69,137,39,78,0,0
116,20,1,100,201,0,0,100,201,0,0
116,22,3.1,817,1637,392,788,142,283,0,0
116,23,15.51,940,2411,870,2220,6,15,0,0
116,24,23.58,1487,3414,1189,2986,48,91,0,0
116,25,41.83,2207,5132,1986,4775,14,17,0,0
116,26,27.28,2163,4433,2107,4365,63,178,0,0
116,27,6.64,793,1753,785,1736,3,6,0,0
116,28,4.28,836,1667,304,603,431,862,0,0
116,29,2.61,289,628,50,147,220,440,0,0
116,30,12.98,878,2632,863,2589,5,14,0,0
116,31,12.7,2350,5544,2312,5431,0,0,0,0
116,32,5.47,1977,5607,1879,5358,6,10,0,0
116,33,4.19,312,608,221,504,30,35,0,0
116,43,1,15,30,4,7,4,7,0,0
116,44,9.92,1601,4110,472,1017,405,797,341,1022
116,45,12.9,1334,3244,768,1930,129,233,0,0
116,46,23.78,1577,4032,1192,3020,54,108,0,0
116,47,25.99,1890,5038,1290,3712,257,612,0,0
116,48,11.09,984,2665,786,2301,72,212,0,0
116,49,16.46,1984,4451,1383,3038,298,973,0,0
116,50,9.66,1092,1171,1064,1115,9,19,0,0
116,51,9.82,696,1568,634,1496,21,24,0,0
116,52,9.56,612,1394,297,785,69,136,0,0
116,53,4,754,2231,7,12,225,667,0,0
116,61,1.05,266,520,3,3,257,511,0,0
116,62,1.13,5281,18909,0,0,5281,18909,0,0
116,63,1.76,1649,5423,0,0,1649,5423,0,0
116,64,0.44,1741,5224,0,0,1741,5224,0,0
116,65,10.58,3771,18529,1825,12746,1937,5774,0,0
116,66,4.47,2277,11555,210,1451,2051,10053,0,0
116,67,3.26,2318,8566,20,34,2258,8465,0,0
116,68,0.11,675,6745,202,2024,675,6745,0,0
116,69,2.17,2432,20540,1263,9593,1399,13747,0,0
116,70,3.86,4094,27226,4060,26983,12,81,0,0
116,71,2.49,4596,45188,2016,14232,2615,31239,0,0
116,72,2.81,2825,32463,463,4218,2347,28128,0,0
116,73,1.12,2318,26419,1208,13102,1443,16978,0,0
116,75,0.2,425,2124,0,0,425,2124,0,0
116,77,4,2527,9048,0,0,0,0,0,0
116,78,4.17,1344,4304,24,96,1344,4304,0,0
116,79,4.25,2573,8462,445,1778,2573,8462,0,0
116,80,7.26,1019,3224,124,385,912,2993,0,0
116,81,9.39,1185,3872,1112,3799,0,0,0,0
116,82,24.09,2082,5102,1827,4694,188,431,0,0
116,83,21.28,1838,4677,1761,4591,14,23,0,0
116,84,23.17,1990,4734,1831,4572,20,21,0,0
116,85,27.74,1501,3394,1051,2358,40,99,0,0
116,86,21.1,1172,3091,1053,2915,21,30,0,0
116,87,19.07,1343,3498,1011,2882,45,104,0,0
116,88,5.9,367,898,339,860,6,10,0,0
116,89,17.98,1259,2984,1133,2726,110,223,0,0
116,90,28.05,2155,5485,2009,5250,103,186,0,0
116,91,20.69,3303,8861,2007,6028,723,2210,0,0
116,92,55.98,4837,15673,4170,13765,1205,3713,0,0
116,93,35.27,2922,9118,2180,6671,567,1988,0,0
116,94,13.47,1233,3878,871,2932,116,310,0,0
116,95,13.07,1772,4488,1648,4120,41,123,0,0
116,96,20.43,1534,3269,1210,2830,133,208,0,0
116,97,16.79,1309,2387,1279,2357,40,79,0,0
116,98,19.91,1918,5194,1884,5161,5,5,0,0
116,99,39.14,3055,6011,2489,4973,0,0,0,0
116,100,20.62,1652,3003,1554,2870,1,1,0,0
116,101,20.36,1699,3149,1677,3126,0,0,0,0
116,102,22.91,1638,3254,1638,3254,0,0,0,0
116,103,4.99,293,696,278,681,0,0,0,0
116,108,0.19,232,696,0,0,0,0,0,0
116,109,5.05,3434,13844,0,0,2542,11168,0,0
116,110,10.77,2366,9304,1091,5015,1293,4376,0,0
116,111,16.61,1572,6723,1572,6723,8,40,0,0
116,112,7.02,1099,6638,1099,6638,62,620,0,0
116,113,1.58,1382,6909,1382,6909,0,0,0,0
116,114,9.21,1234,3652,1234,3652,0,0,0,0
116,122,0.01,5,19,5,19,0,0,0,0
116,123,8.3,1422,4808,973,3462,449,1346,0,0
116,124,28.27,1498,6481,1498,6481,12,73,0,0
116,125,25.06,1258,5485,1258,5485,38,226,0,0
116,126,16.28,2269,14154,2269,14154,273,2186,0,0
116,127,28.98,1881,10863,1873,10826,26,112,0,0
117,0,4.73,2588,10813,1045,3897,885,3674,0,0
117,1,4.43,1498,5791,817,3798,653,1964,0,0
117,2,5.68,2145,6050,99,99,1984,5884,0,0
117,3,18.24,1516,3241,740,1835,611,1267,0,0
117,4,2.85,1337,2674,88,176,1074,2147,0,0
117,5,2.67,351,701,0,0,351,701,0,0
117,6,0.49,684,1369,0,0,684,1369,0,0
117,7,4.66,2968,9343,40,77,2873,9136,0,0
117,8,23.3,1611,2702,1327,2299,60,64,0,0
117,9,9.97,1118,2413,833,1863,85,163,0,0
117,10,27.75,2127,2752,2104,2712,2,2,0,0
117,11,33.5,2504,3265,1914,2086,443,887,0,0
117,12,0.58,77,154,69,137,19,37,0,0
117,21,0.58,237,294,0,0,0,0,0,0
117,22,16.37,2656,4968,900,1864,177,292,0,0
117,23,25.27,1612,4086,1222,3150,111,271,0,0
117,24,24.66,2298,4675,1434,2798,654,1171,0,0
117,25,15.07,956,2131,936,2090,0,0,0,0
117,26,48.8,3175,7045,3056,6766,39,93,0,0
117,27,17.63,2361,5272,2329,5212,3,5,0,0
117,28,7.09,1881,3625,369,736,1507,2884,0,0
117,29,1.86,2975,9201,1388,6021,1587,3180,0,0
117,30,22.84,2598,8800,1751,6145,685,2091,0,0
117,31,17.44,1680,4866,1455,4232,59,162,0,0
117,32,5.96,1176,2639,877,1826,100,271,0,0
117,33,1.92,462,1378,454,1361,0,0,0,0
117,46,3.89,553,1347,469,1186,26,51,0,0
117,47,62.16,3839,11148,2741,8400,351,937,0,0
117,48,42.75,3857,12254,2401,7813,751,2241,0,0
117,49,34.36,3477,8174,2419,5532,608,1531,0,0
117,50,9,203,203,111,111,21,21,0,0
117,51,5.72,576,1423,473,1216,34,69,0,0
117,52,3.76,2347,6708,165,411,163,405,0,0
117,53,1,8,8,2,2,2,2,0,0
117,58,15,87,87,0,0,87,87,0,0
117,59,1.19,10,10,0,0,10,10,0,0
117,61,1.3,211,422,16,32,164,327,0,0
117,62,2.27,2462,8256,17,34,2411,8155,0,0
117,63,6.03,3569,11624,0,0,3569,11624,0,0
117,64,1.35,2449,4880,4,4,2436,4867,0,0
117,65,7.78,2764,8326,1638,4284,1114,4017,0,0
117,66,2.06,3453,16011,421,2944,3033,13067,0,0
117,67,1.27,2075,6218,1,1,2072,6214,0,0
117,68,0.69,2527,20894,539,5393,2527,20894,0,0
117,69,1.22,3687,29817,864,8210,3560,28974,0,0
117,70,3.22,4086,27212,3042,20945,313,1880,0,0
117,71,3.24,3319,23876,2000,14490,857,7119,0,0
117,72,5.77,3573,24656,2066,20847,1507,3809,0,0
117,73,1.27,1137,12788,18,200,1119,12588,0,0
117,74,1.45,1015,3030,250,750,265,780,0,0
117,75,1,187,374,47,94,47,94,0,0
117,79,5.09,1446,4037,0,0,1446,4037,0,0
117,80,3.5,1307,4176,0,0,1307,4176,0,0
117,81,7.79,372,791,348,767,0,0,0,0
117,82,17.99,1429,3613,1158,2975,31,62,0,0
117,83,19.64,1508,3379,1296,3059,129,236,0,0
117,84,24.46,1548,3220,1493,3056,35,104,0,0
117,85,17.55,1276,3572,1256,3553,32,64,0,0
117,86,11.15,871,2385,870,2382,0,0,0,0
117,87,21.15,1960,3919,1282,3006,172,216,0,0
117,88,26.17,2000,4517,1579,3709,119,267,0,0
117,89,13.05,2065,5396,562,1256,1467,4200,0,0
117,90,18.09,2870,10313,879,2114,347,1017,0,0
117,91,18.77,3213,12564,1355,4968,1960,7912,0,0
117,92,28.55,3259,9255,2971,8614,541,1294,0,0
117,93,29.77,2910,10233,2076,7626,543,1679,0,0
117,94,37.52,3211,9639,2373,6943,389,1281,0,0
117,95,11.6,1025,2509,924,2292,70,222,0,0
117,96,21.44,1180,2502,1131,2450,20,28,0,0
117,97,21.13,1822,3597,1739,3514,4,4,0,0
117,98,19.08,1503,2972,1419,2887,0,0,0,0
117,99,9.27,1506,4875,1421,4752,0,0,0,0
117,100,11.81,472,1010,405,943,36,108,0,0
117,101,18.75,1075,2305,1061,2291,0,0,0,0
117,102,21.57,1320,2605,1183,2385,0,0,0,0
117,103,27.92,1574,3408,1538,3372,0,0,0,0
117,104,0.92,66,132,66,132,0,0,0,0
117,109,2.45,1737,5841,0,0,1737,5841,0,0
117,110,14.13,3436,12479,1086,4254,2340,8206,0,0
117,111,10.85,2045,8504,1943,8198,250,896,0,0
117,112,8.99,2079,9274,618,6362,1512,3422,0,0
117,113,1.52,1941,9990,1941,9990,0,0,0,0
117,114,25.98,1623,5421,1623,5421,0,0,0,0
117,115,3.61,150,449,150,449,0,0,0,0
117,120,0.4,171,683,0,0,171,683,171,683
117,121,1,32,32,8,8,8,8,0,0
117,122,0.35,24,24,24,24,0,0,0,0
117,123,15.3,1035,3851,920,3532,140,473,0,0
117,124,8.4,2235,11596,2235,11596,0,0,0,0
117,125,28.58,2018,10533,2018,10533,48,144,0,0
117,126,26.52,1608,5098,1594,5070,0,0,0,0
117,127,15.82,805,2542,805,2542,0,0,0,0
118,0,19.19,1899,5773,1805,5630,0,0,0,0
118,1,5.69,2711,9803,1700,6771,1011,3032,0,0
118,2,5.23,3765,11100,99,195,3666,10905,0,0
118,3,4.27,1975,5121,437,1308,1246,2941,0,0
118,4,5.72,1709,3929,109,261,1382,3146,0,0
118,5,1.13,33,62,8,16,8,16,0,0
118,8,4.64,599,1192,579,1162,7,10,0,0
118,9,27.68,2363,4893,1093,2203,609,1393,0,0
118,10,19.55,1029,2199,751,1633,43,62,0,0
118,11,9.04,878,1954,464,1127,204,408,0,0
118,17,2.37,515,1312,7,14,211,423,0,0
118,18,0.63,47,94,12,23,12,23,0,0
118,19,3,306,617,302,604,1,4,0,0
118,20,4,192,290,106,204,8,8,0,0
118,21,7.17,564,1160,500,1097,12,12,0,0
118,22,11.25,1043,2709,979,2551,21,53,0,0
118,23,8.08,838,2096,813,2046,2,5,0,0
118,24,10.33,1314,3669,1200,3399,0,0,0,0
118,25,3.95,366,1138,343,1092,42,121,0,0
118,26,24.86,2173,4448,1126,2323,1208,2427,1166,2333
118,27,30.32,1930,4689,1741,4186,87,297,62,247
118,28,3.55,276,663,273,655,1,3,0,0
118,29,3.08,1976,8591,1954,8565,11,16,0,0
118,30,2.12,1825,6298,1432,4734,131,521,0,0
118,31,4.94,2741,9553,1677,6361,355,1064,0,0
118,32,7.97,1856,7437,1631,6921,93,244,0,0
118,33,7.08,658,1691,531,1537,32,41,0,0
118,42,1,28,28,7,7,7,7,0,0
118,45,1.01,34,54,16,36,6,6,0,0
118,46,11.08,1435,3490,1264,3230,47,77,0,0
118,47,11,374,618,179,330,60,91,0,0
118,48,25.23,2546,7527,1885,5655,166,497,0,0
118,49,25.96,3182,8775,1942,5391,607,1707,0,0
118,50,15.03,868,2264,641,1897,59,95,0,0
118,51,14.59,956,2264,732,1799,34,56,0,0
118,52,10.24,1337,3235,635,1392,337,821,0,0
118,53,0.04,4,4,4,4,0,0,0,0
118,57,2,337,669,1,1,333,664,0,0
118,58,1,6,6,0,0,6,6,0,0
118,59,1.81,14,14,0,0,14,14,0,0
118,61,1.7,384,533,37,75,272,309,0,0
118,63,1.15,1335,2670,0,0,1335,2670,0,0
118,64,1.42,2946,5892,0,0,2946,5892,0,0
118,65,2.02,1380,3342,5,11,1363,3310,0,0
118,66,0.01,170,510,0,0,170,510,0,0
118,68,1,1737,10422,0,0,0,0,1737,10422
118,69,1,1576,14186,0,0,1576,14186,0,0
118,70,3.21,3647,20896,1660,9959,1041,5261,0,0
118,71,2.57,2211,8515,208,968,1535,5292,0,0
118,72,6.3,1666,3409,34,101,1565,3106,0,0
118,73,1.3,1185,6430,229,1218,849,4894,0,0
118,74,3.04,1662,9813,1110,6575,550,3226,0,0
118,75,11.74,1189,4000,886,3196,249,712,0,0
118,76,17.25,559,1418,513,1349,13,21,0,0
118,79,5.62,2486,10127,1151,6327,1335,3800,0,0
118,80,9.28,1884,12954,971,11965,938,1014,0,0
118,81,3.17,488,5174,488,5174,0,0,0,0
118,82,20.34,1917,9980,1763,9643,2,4,0,0
118,83,11.27,964,2226,877,2120,18,18,0,0
118,84,7.61,623,1726,469,1473,25,99,0,0
118,85,14.85,1374,3512,1239,3296,0,0,0,0
118,86,9.2,1021,2394,937,2193,133,286,0,0
118,87,15.28,1476,3344,1270,2805,59,170,0,0
118,88,34.72,1564,3074,1529,3039,0,0,0,0
118,89,35.07,1666,4152,1365,3219,197,828,0,0
118,90,33.23,2405,5782,1192,2718,1019,2608,0,0
118,91,4.61,927,3878,927,3878,7,14,0,0
118,92,5.81,646,1899,366,1072,272,810,0,0
118,93,17.81,2514,9248,658,3066,1826,6151,0,0
118,94,7.64,1433,4996,795,2475,302,1149,689,2754
118,96,9.72,708,1520,690,1498,1,2,0,0
118,97,20.91,1384,2050,1296,1906,43,86,0,0
118,98,5.4,1426,7459,1426,7459,0,0,0,0
118,99,6.07,1212,4538,1106,4433,0,0,0,0
118,100,23.32,1371,3143,1274,3029,0,0,0,0
118,101,24.52,1567,3160,1535,3106,30,30,0,0
118,102,15.69,809,1587,739,1517,0,0,0,0
118,103,25.07,1435,3030,1327,2921,0,0,0,0
118,104,11.06,874,2057,874,2057,44,133,0,0
118,105,1,129,258,129,258,0,0,0,0
118,109,3.43,756,2504,373,1738,383,766,0,0
118,110,15.09,1880,6935,1599,6395,239,475,0,0
118,111,10.18,1757,5347,1065,4258,405,1213,0,0
118,112,2.88,959,4293,273,2921,5,9,0,0
118,113,2,1192,6607,1192,6607,0,0,0,0
118,114,31.5,1963,6884,1963,6884,0,0,0,0
118,115,37.33,2394,5767,2394,5767,0,0,0,0
118,116,4.53,427,1643,311,1413,115,230,0,0
118,120,2.6,356,1323,0,0,356,1323,263,1044
118,122,0.39,27,27,27,27,0,0,0,0
118,123,1.87,281,1060,281,1060,69,274,0,0
118,124,14.89,1996,7111,1580,6390,137,415,0,0
118,125,10.34,4137,20727,1860,9989,1650,8232,0,0
118,126,6.32,1985,6674,188,564,1797,6110,0,0
118,127,10.9,767,2628,767,2628,0,0,0,0
119,0,11.9,3072,8440,2986,8313,0,0,0,0
119,1,2.38,695,2658,673,2605,18,48,0,0
119,2,3.83,1672,4267,70,70,1602,4197,0,0
119,3,3.21,1381,4126,26,74,1303,3905,0,0
119,4,4.75,1399,3435,4,4,1387,3422,0,0
119,5,1.9,2663,7990,0,0,2663,7990,0,0
119,7,0.51,1431,5570,0,0,1431,5570,0,0
119,8,1.72,3930,15311,0,0,3930,15311,0,0
119,9,1.67,204,468,40,85,153,349,0,0
119,10,11.93,869,1921,368,929,359,649,0,0
119,11,0.13,21,63,21,63,0,0,0,0
119,12,2.39,255,509,51,103,101,202,0,0
119,13,2.05,720,1440,57,113,550,1100,0,0
119,14,3,342,684,68,136,139,277,0,0
119,19,4.19,234,453,221,438,4,5,0,0
119,20,2,85,170,74,149,4,7,0,0
119,21,19.71,1374,3453,1258,3221,34,72,0,0
119,22,3.22,136,266,106,234,2,3,0,0
119,23,1,53,107,13,27,13,27,0,0
119,24,6.99,547,1394,524,1325,8,23,0,0
119,25,19.72,1634,4380,1487,4071,12,28,0,0
119,26,16.56,1132,2564,844,2056,70,122,0,0
119,27,12.87,942,2251,859,2128,80,200,0,0
119,28,5.88,2436,9110,152,302,2271,8788,0,0
119,29,5.53,2751,9182,326,1303,2019,6253,0,0
119,30,5.73,2931,11671,1276,4334,552,2446,0,0
119,31,10.79,2624,7801,2383,7060,80,247,0,0
119,32,3.62,715,2642,655,2460,20,61,0,0
119,33,1,10,10,3,3,3,3,0,0
119,42,1,11,11,3,3,3,3,0,0
119,44,5.7,241,457,133,349,25,25,0,0
119,45,10.37,835,1979,486,1088,230,666,0,0
119,46,9.47,689,1318,624,1239,14,18,0,0
119,47,3.23,349,698,111,223,173,346,0,0
119,48,20.6,1757,3409,656,1261,847,1667,0,0
119,49,20.07,2244,4484,857,1743,1216,2455,0,0
119,50,6.89,2165,4510,175,367,1716,3486,0,0
119,51,4.31,293,495,157,239,45,85,0,0
119,55,1.25,279,815,70,204,70,204,0,0
119,56,0.79,2096,8384,0,0,2096,8384,0,0
119,57,5.84,1321,7450,19,33,1264,7351,0,0
119,58,7.47,517,2149,56,245,348,1413,0,0
119,62,0.98,29,29,7,7,7,7,0,0
119,63,0.02,1,1,0,0,0,0,0,0
119,65,1.34,7824,23463,2,4,7818,23451,0,0
119,66,0.09,1954,5862,0,0,1954,5862,0,0
119,67,0.01,30,91,0,0,30,91,0,0
119,71,1.92,929,4311,454,2723,475,1588,0,0
119,72,5.32,2192,12493,1979,11707,499,2828,0,0
119,73,5.47,3052,12338,1395,8015,955,2888,680,1325
119,74,14.62,4118,21400,3762,19869,302,1464,0,0
119,75,37.67,2749,8132,2376,7279,32,77,0,0
119,76,30.77,1814,5208,1549,4793,13,21,0,0
119,77,4,253,819,238,787,5,10,0,0
119,78,4.97,285,539,235,469,0,0,0,0
119,79,0.09,72,165,19,112,53,53,0,0
119,80,3.26,1143,13741,909,13507,234,234,0,0
119,81,2.61,565,4402,565,4402,0,0,0,0
119,82,6.07,931,4556,931,4556,0,0,0,0
119,83,16.21,1565,3347,1487,3218,0,0,0,0
119,84,9.25,1004,2822,809,2329,45,135,0,0
119,85,26.73,1580,3637,1256,2951,36,95,0,0
119,86,25.21,2085,5391,2013,5226,51,154,0,0
119,87,27.97,1727,3804,1644,3633,0,0,0,0
119,88,21.77,1237,2444,1044,1965,0,0,0,0
119,89,23.65,1809,4373,1696,4260,0,0,0,0
119,90,18.52,1399,3804,1377,3782,0,0,0,0
119,91,2.83,421,2392,421,2392,0,0,0,0
119,92,5.67,711,2229,616,1849,95,380,0,0
119,93,2.07,1320,5240,17,68,1320,5240,0,0
119,94,4,1565,7451,1279,6305,96,382,0,0
119,97,6.61,759,2718,473,1022,283,1690,0,0
119,98,4.09,1697,6415,1674,6392,8,8,0,0
119,99,6.83,1738,8935,1738,8935,77,309,0,0
119,100,17.86,1254,2853,1105,2692,55,220,0,0
119,101,18.32,1470,3455,1462,3440,0,0,0,0
119,102,17.16,1293,2824,1293,2824,0,0,0,0
119,103,13.25,1214,2646,942,1859,0,0,0,0
119,104,26.12,1284,2978,1255,2941,0,0,0,0
119,105,16.92,1159,2691,1073,2605,29,29,0,0
119,108,0.47,11,11,11,11,0,0,0,0
119,109,5.43,719,2583,693,2530,61,225,0,0
119,110,15.17,1992,8965,1937,8870,0,0,23,63
119,111,6.33,1369,4648,808,3498,236,278,232,696
119,112,0.95,319,638,80,160,80,160,0,0
119,113,2.87,2277,9057,65,327,1714,7236,0,0
119,114,17.52,2870,12792,2366,11205,1023,4171,0,0
119,115,25.4,2354,7976,2354,7976,0,0,0,0
119,116,7.53,1371,5818,1359,5782,0,0,0,0
119,118,0.07,20,79,20,79,0,0,0,0
119,119,0.9,95,95,24,24,24,24,0,0
119,123,1.66,54,149,41,124,0,0,0,0
119,124,7.82,1500,6187,1439,6023,148,473,0,0
119,125,3.84,1008,4906,996,4882,4,8,59,472
119,126,2.89,316,631,213,426,87,173,0,0
119,127,13.88,1024,3355,1024,3355,32,95,0,0
120,0,0.35,91,272,91,272,0,0,0,0
120,2,0.1,50,100,13,25,13,25,0,0
120,3,3.92,2073,9901,0,0,2073,9901,0,0
120,4,2.85,1661,4816,1,1,1659,4812,0,0
120,5,3.81,1921,5762,0,0,1921,5762,0,0
120,6,2.54,469,1393,2,2,464,1387,0,0
120,7,0.22,2555,10218,0,0,2555,10218,0,0
120,8,0.38,4493,17973,0,0,4493,17973,0,0
120,9,1,35,109,3,3,27,101,0,0
120,10,2,58,58,9,9,9,9,0,0
120,12,2.89,89,154,2,4,83,142,0,0
120,13,2.67,269,534,64,129,76,149,0,0
120,19,2.81,233,466,193,387,13,27,0,0
120,20,0.94,110,229,110,229,0,0,0,0
120,21,13.35,761,1613,610,1320,19,37,0,0
120,22,0.79,48,97,48,97,0,0,0,0
120,25,2.13,162,325,139,278,8,16,0,0
120,26,7.66,809,1506,466,833,114,224,0,0
120,27,14.67,1572,4065,1367,3729,45,66,0,0
120,28,31.19,2198,5787,1799,4626,363,1084,0,0
120,29,14.8,1558,3842,737,1665,775,2104,0,0
120,30,10.43,2547,6599,725,1128,360,1083,0,0
120,31,1.54,607,2083,285,1117,0,0,0,0
120,44,15.87,1630,3154,710,1387,719,1419,0,0
120,45,7.85,1094,2627,295,497,530,1567,0,0
120,46,3,116,116,73,73,14,14,0,0
120,47,12.6,811,1905,540,1273,163,458,0,0
120,48,11.28,2628,7106,271,509,2347,6583,0,0
120,49,8.38,1428,4021,158,361,1134,3335,0,0
120,50,3.82,767,1770,255,568,385,829,0,0
120,51,0.67,68,136,13,26,29,57,0,0
120,55,0.75,62,126,16,31,16,31,0,0
120,56,0.07,177,707,0,0,177,707,0,0
120,57,5.47,2070,14039,9,17,2044,13987,0,0
120,58,7.35,1254,8124,57,103,1084,7815,0,0
120,59,0.01,1,1,0,0,1,1,0,0
120,61,0.01,192,577,0,0,192,577,0,0
120,62,0.49,7418,22253,0,0,7418,22253,0,0
120,63,0.04,627,1881,0,0,627,1881,0,0
120,65,0.36,8089,24268,0,0,8089,24268,0,0
120,66,1.63,2510,7515,4,8,2498,7492,0,0
120,67,0.5,4577,24370,0,0,4577,24370,0,0
120,68,0.01,350,2102,0,0,350,2102,0,0
120,69,0.05,38,228,38,228,0,0,0,0
120,70,2.37,803,6516,756,6423,47,94,0,0
120,71,6.78,2152,9652,1881,8770,263,867,0,0
120,72,31.89,4459,18263,2390,9751,2055,9350,0,0
120,73,29.78,4097,13840,2152,8378,2252,6965,0,0
120,74,29.84,4061,12528,2198,7466,1343,3793,0,0
120,75,44.92,2331,6831,1934,5982,42,95,0,0
120,76,28.06,1907,7705,1781,7360,79,233,0,0
120,77,9.68,2059,5816,1277,4251,1192,2910,0,0
120,78,16.46,1406,4051,1028,3025,339,1016,0,0
120,79,15.08,834,2478,786,2429,0,0,0,0
120,80,6.75,344,844,344,844,0,0,0,0
120,81,1.02,100,201,100,201,0,0,0,0
120,82,18.88,1381,3509,1293,3244,0,0,0,0
120,83,14.05,1134,2575,1055,2390,9,9,0,0
120,84,18.21,1198,2534,1175,2511,0,0,0,0
120,85,16.3,1513,3297,1504,3288,0,0,0,0
120,86,16.26,1361,3186,1298,3068,0,0,0,0
120,87,18.01,1456,3554,1395,3493,0,0,0,0
120,88,19.06,1343,2787,1335,2779,15,46,0,0
120,89,21.35,1879,4746,1542,3887,105,279,0,0
120,90,18.54,1738,3620,1649,3490,47,94,0,0
120,91,1.08,47,489,47,489,0,0,0,0
120,92,1.05,583,6667,361,5779,222,888,0,0
120,93,2.81,665,2862,248,1420,451,1576,0,0
120,94,2.55,834,5005,780,4677,18,109,0,0
120,95,4.34,1724,10300,1488,8886,79,471,0,0
120,97,4.78,1776,9381,148,365,1517,8906,0,0
120,98,17.35,2505,9122,1337,2712,1217,6606,0,0
120,99,19.53,1464,2785,1421,2742,6,6,22,22
120,100,21.09,1878,3654,1878,3654,0,0,0,0
120,101,18.61,1707,3054,1707,3054,0,0,0,0
120,102,14.56,1185,1994,1129,1938,0,0,0,0
120,103,6.17,432,881,166,376,142,258,0,0
120,104,14.78,603,1657,566,1582,36,72,0,0
120,105,12.38,958,2520,393,1003,429,1260,0,0
120,107,0.15,560,2241,140,560,140,560,0,0
120,108,0.65,2349,9397,587,2349,587,2349,0,0
120,109,4.94,876,3127,445,1532,407,1547,0,0
120,110,18.5,3649,15656,3212,14093,520,1730,0,0
120,111,3.83,4459,20326,1134,5650,3393,16897,0,0
120,112,3.18,787,4095,603,3506,27,133,0,0
120,113,2.53,4532,22730,657,3942,3582,17911,0,0
120,114,4.35,2294,9998,1951,8284,615,2816,0,0
120,115,4.58,2269,10764,2269,10764,0,0,0,0
120,116,4.5,1452,6075,1452,6075,0,0,0,0
120,118,1.44,449,1458,449,1458,0,0,0,0
120,119,4.51,766,1755,641,1514,42,80,0,0
120,120,0.22,151,151,0,0,151,151,0,0
120,121,6.95,670,1834,627,1738,53,129,0,0
120,122,1.36,583,3500,583,3500,0,0,0,0
120,123,0.66,96,409,96,409,0,0,0,0
120,124,11.25,1119,3027,1018,2726,0,0,0,0
120,125,6.97,748,2829,741,2815,0,0,0,0
120,126,6,391,781,260,520,16,32,0,0
121,2,3.9,961,2090,240,522,240,522,0,0
121,3,1.08,21,26,4,4,9,13,0,0
121,4,2.71,1340,4922,0,0,1340,4922,0,0
121,5,2.09,3646,10937,0,0,3646,10937,0,0
121,6,0.36,288,864,0,0,288,864,0,0
121,9,2.56,127,275,109,258,6,6,0,0
121,10,14.57,907,2292,903,2289,1,1,0,0
121,12,0.01,16,16,0,0,16,16,0,0
121,17,1,87,175,22,44,22,44,0,0
121,20,16.88,1322,2316,1285,2278,5,6,0,0
121,21,12.92,759,1241,588,974,40,62,0,0
121,27,1,17,35,4,9,4,9,0,0
121,28,10.66,635,1273,613,1240,7,11,0,0
121,29,21.02,1218,2607,1184,2551,12,19,0,0
121,30,22.96,1740,3938,1498,3273,67,208,0,0
121,31,10.68,836,1925,574,1247,239,651,0,0
121,32,1.86,891,2526,88,177,803,2350,0,0
121,42,0.35,119,357,0,0,119,357,0,0
121,43,12.42,766,1710,719,1662,11,11,0,0
121,44,20.07,1046,2239,522,1168,229,465,0,0
121,45,4.31,486,1317,79,216,317,936,0,0
121,46,1,266,798,266,798,80,240,0,0
121,47,7.41,318,520,153,293,43,105,0,0
121,48,8.34,3254,9490,125,246,3018,9028,0,0
121,49,6.78,1603,3213,15,31,1557,3121,0,0
121,50,1.16,71,71,3,3,62,62,0,0
121,51,2.82,365,394,15,22,321,328,0,0
121,57,2,952,2761,12,12,916,2726,0,0
121,59,0.06,423,1269,0,0,423,1269,0,0
121,60,0.64,4533,13600,0,0,4533,13600,0,0
121,61,2.03,3697,13451,0,0,3697,13451,0,0
121,62,0.93,5505,16515,0,0,5505,16515,0,0
121,63,4.04,1457,2938,0,0,1457,2938,0,0
121,64,0.29,1749,3497,0,0,1749,3497,0,0
121,65,0.16,4028,15973,0,0,4028,15973,0,0
121,66,0.26,8821,51818,0,0,8821,51818,0,0
121,67,0.28,9805,58830,0,0,9805,58830,0,0
121,68,3.08,3985,21533,0,0,3985,21533,0,0
121,69,0.98,732,4383,729,4373,3,10,0,0
121,70,3.24,1142,6770,766,4576,4,4,0,0
121,71,16.39,3028,15352,2850,14600,28,94,0,0
121,72,65.12,5164,15789,4311,13347,1121,3506,0,0
121,73,55.75,4100,11159,3043,8298,884,2502,0,0
121,74,14.7,2457,8133,652,1641,1547,5818,0,0
121,75,26.19,1835,4884,1498,4044,346,1027,0,0
121,76,23.82,2284,7161,2033,6482,42,126,0,0
121,77,18.04,2007,4349,1302,2939,746,1603,0,0
121,78,10.3,1326,2935,492,1307,721,1442,0,0
121,79,27.33,1474,4234,1173,3586,0,0,0,0
121,80,27.75,1653,5792,1590,5710,0,1,0,0
121,81,22.74,1080,2587,911,2162,12,24,0,0
121,82,1.24,96,147,43,94,18,18,0,0
121,83,3.24,277,518,241,482,0,0,0,0
121,84,16.05,1187,2744,1170,2726,0,1,0,0
121,85,34.28,1673,3754,1540,3467,40,119,0,0
121,86,28.95,1836,4097,1760,3974,20,60,0,0
121,87,33.66,1942,4417,1908,4382,9,26,0,0
121,88,28.37,1425,2820,1231,2552,70,133,0,0
121,89,26.29,1523,3980,1238,3265,65,195,0,0
121,90,27.42,2079,4478,1940,4246,0,0,0,0
121,91,2.18,525,3946,525,3946,0,0,0,0
121,92,1.89,821,12991,821,12991,0,0,0,0
121,93,2.71,391,2254,391,2254,0,0,0,0
121,94,3.3,898,4988,898,4988,0,0,0,0
121,95,3.34,1341,7170,1043,5680,99,497,0,0
121,96,1.07,892,2668,8,16,884,2653,0,0
121,97,11.06,931,2027,924,2019,69,144,0,0
121,98,19.13,3002,5896,1179,2112,1795,3704,0,0
121,99,25.82,2014,3078,1906,2969,0,0,0,0
121,100,17.08,1875,2717,1852,2694,0,0,0,0
121,101,10.43,1158,2033,1147,2021,0,0,0,0
121,102,7.43,653,998,637,983,5,5,0,0
121,103,6.27,656,1676,521,1215,176,626,0,0
121,104,2.54,4229,15736,1039,4158,3644,13982,585,1754
121,105,5.91,853,1601,59,236,853,1601,0,0
121,107,0.6,930,3721,46,185,792,3168,0,0
121,108,0.15,544,2177,136,544,136,544,0,0
121,109,0.11,43,129,0,0,43,129,0,0
121,110,14.18,2423,14266,2282,13843,141,424,0,0
121,111,2.78,2320,6363,149,298,149,298,0,0
121,112,4.75,1906,7884,1362,6809,278,278,0,0
121,113,2.35,3256,16280,1745,8727,1511,7553,0,0
121,114,3.88,2977,14869,2071,10500,866,4328,0,0
121,115,5.17,2747,10069,2738,10060,0,0,0,0
121,116,2.5,3242,10754,3242,10754,0,0,0,0
121,117,0.18,60,120,0,0,60,120,0,0
121,118,3.48,473,1728,170,574,414,1609,0,0
121,119,2.68,585,1328,323,804,87,175,0,0
121,120,0.21,146,146,0,0,146,146,0,0
121,121,0.62,385,399,7,22,380,384,0,0
121,122,3.52,1133,6454,1066,6252,96,288,0,0
121,123,4.09,452,1507,452,1507,0,0,0,0
121,124,24.01,1608,4494,1455,4145,14,14,0,0
121,125,12.23,1408,3719,1320,3543,44,44,0,0
121,126,0.15,19,19,19,19,0,0,0,0
122,3,1,302,603,0,0,302,603,0,0
122,10,8.87,666,1920,630,1822,12,33,0,0
122,11,7.48,1881,2222,51,102,1728,1917,0,0
122,12,0.8,1495,1495,0,0,1495,1495,0,0
122,17,11.68,773,1916,363,891,110,299,0,0
122,18,14.03,938,2021,762,1550,54,152,0,0
122,19,1.99,135,369,108,313,9,18,0,0
122,20,10.57,742,1382,267,525,329,649,0,0
122,21,0.57,91,183,32,64,25,50,0,0
122,22,0.29,66,132,66,132,0,0,0,0
122,23,1.24,446,924,188,383,86,180,0,0
122,24,4.75,2364,5380,553,1270,704,1570,0,0
122,25,1,96,192,0,0,96,192,0,0
122,27,2,39,59,0,0,0,0,0,0
122,30,5,577,1050,496,967,27,28,0,0
122,31,7.48,2462,6464,509,1330,1803,4831,0,0
122,32,4.83,1970,4553,11,11,1959,4542,0,0
122,33,0.49,2578,7733,0,0,2578,7733,0,0
122,41,3.53,376,732,251,497,172,340,0,0
122,42,8.16,1578,4387,299,595,1261,3776,0,0
122,43,14.41,1584,3621,286,448,1143,3008,0,0
122,44,3.15,453,1315,158,354,197,689,0,0
122,45,12.02,1232,2184,340,608,352,765,0,0
122,46,8.8,660,1131,519,940,44,61,0,0
122,47,6.79,398,898,200,401,119,354,0,0
122,48,0.93,694,2081,0,0,694,2081,0,0
122,50,1.01,458,1369,0,0,458,1369,0,0
122,51,0.01,3,3,0,0,3,3,0,0
122,54,0.63,63,189,0,0,63,189,0,0
122,59,0.06,441,1380,0,0,441,1380,0,0
122,60,0.33,2263,7274,0,0,2263,7274,0,0
122,61,2.36,5328,18817,0,0,5328,18817,0,0
122,62,4.24,3021,8328,0,0,3021,8328,0,0
122,63,4.3,5308,12131,0,0,5308,12131,0,0
122,64,4.66,3658,12146,0,0,3658,12146,0,0
122,65,1.02,566,3296,5,5,551,3280,0,0
122,66,0.19,6594,39564,0,0,6594,39564,0,0
122,67,0.04,1568,9409,0,0,1568,9409,0,0
122,69,1.07,931,3554,395,2112,665,1959,0,0
122,70,3.2,1270,6708,1261,6660,1,3,0,0
122,71,47.19,3514,11521,2588,9002,133,409,0,0
122,72,35.65,3294,10251,2449,7489,622,2169,0,0
122,73,33.13,3953,13221,2074,6435,1205,4778,0,0
122,74,11.96,1877,7544,880,3346,735,3332,0,0
122,75,19.93,1658,4958,1373,4663,0,0,0,0
122,76,26.78,1415,3825,1305,3505,20,39,0,0
122,77,22.34,1239,3552,1208,3475,0,0,0,0
122,78,15.09,909,2112,803,1919,29,59,0,0
122,79,44.23,2009,5204,1887,4907,0,0,0,0
122,80,30.52,2154,5953,1981,5597,0,0,0,0
122,81,35.4,2195,5711,1935,5141,23,46,0,0
122,82,10.76,712,1911,571,1632,0,0,0,0
122,85,15.92,828,1938,787,1840,11,30,0,0
122,86,32.59,2040,4194,1742,3545,31,88,0,0
122,87,20.75,1418,3450,1280,3246,18,46,0,0
122,88,25.07,1575,3350,1439,3117,58,120,0,0
122,89,23.87,1715,3543,1501,3329,59,59,0,0
122,90,25.1,2198,4136,1502,3441,0,0,0,0
122,91,3.04,887,3303,864,3280,0,0,0,0
122,92,3.25,1452,9015,1452,9015,0,0,0,0
122,93,2.71,1576,5638,480,3446,1096,2192,0,0
122,94,17.4,1867,5548,1855,5537,15,30,0,0
122,95,3.92,1157,5392,1157,5392,0,0,0,0
122,96,3.67,1001,5256,1001,5256,0,0,0,0
122,97,30.92,2099,4106,2094,4101,0,0,0,0
122,98,19.56,2068,4089,2068,4089,33,65,0,0
122,99,17.53,1396,3208,1243,2816,92,223,0,0
122,100,18.26,1202,1936,1160,1894,0,0,0,0
122,101,3.67,345,707,345,707,0,0,0,0
122,102,21.94,1470,2703,1461,2694,0,0,0,0
122,103,19.34,1536,3611,866,2197,186,507,0,0
122,104,5.8,2463,6622,493,1676,1769,5234,0,0
122,105,2.08,128,190,78,156,33,0,0,0
122,106,1.34,852,4713,0,0,852,4713,0,0
122,107,5.82,3896,17975,0,0,3896,17975,0,0
122,108,1.67,3936,20646,0,0,3936,20646,0,0
122,109,2.15,1447,9005,64,506,1384,8499,0,0
122,110,1.07,1077,8305,961,7355,84,759,0,0
122,111,0.53,393,1640,258,1370,45,90,0,0
122,112,6.45,1887,9429,1887,9429,0,0,0,0
122,113,5.91,2155,10090,1888,9557,173,347,0,0
122,114,5.02,2218,9091,2210,9075,0,0,0,0
122,115,18.99,1741,4569,1258,3317,404,1118,0,0
122,116,18.27,1801,6000,1642,5645,137,353,0,0
122,117,1.41,378,756,0,0,378,756,0,0
122,118,0.34,110,219,0,0,110,219,0,0
122,121,2.1,68,186,35,102,46,133,0,0
122,122,6.78,411,1042,362,993,47,47,0,0
122,123,7.97,891,3745,862,3693,0,0,0,0
122,124,17.34,1515,5185,1468,5113,5,5,0,0
122,125,13.79,1524,5275,1323,5068,0,0,0,0
122,126,6.38,397,1323,302,1055,0,0,0,0
123,9,9.19,725,1747,723,1743,1,1,0,0
123,10,17.34,1654,3970,1654,3970,0,0,0,0
123,11,2.7,337,845,64,191,146,273,0,0
123,16,2.94,453,829,453,829,0,0,0,0
123,17,23.66,1792,3661,1495,3095,45,122,0,0
123,18,13.32,1252,2775,468,1168,641,1327,0,0
123,19,10.52,2193,6198,463,1221,1631,4794,0,0
123,20,2,135,271,72,144,21,42,0,0
123,22,1.17,67,107,47,87,7,7,0,0
123,23,4.29,1189,3030,315,792,291,746,0,0
123,24,10.65,1868,5401,1019,3676,666,1832,0,0
123,25,1.62,1645,6515,1622,6479,489,1950,0,0
123,27,1,210,631,210,631,0,0,0,0
123,30,1,27,27,7,7,7,7,0,0
123,31,7.89,575,925,336,607,212,263,0,0
123,32,2.86,844,1541,1,1,814,1510,0,0
123,33,1.39,2034,6081,10,10,2024,6072,0,0
123,40,1.25,48,96,14,29,0,0,0,0
123,41,5.81,510,878,131,173,343,669,0,0
123,42,15.61,1168,2278,888,1815,177,323,0,0
123,43,3.99,258,432,115,214,90,164,0,0
123,44,1.69,1017,3314,0,0,1017,3314,0,0
123,45,7.24,2772,8053,11,13,2700,7937,0,0
123,46,5.83,1923,5451,200,393,1687,4998,0,0
123,50,0.01,3,8,0,0,3,8,0,0
123,51,3.82,1229,2668,68,136,1025,2260,0,0
123,54,0.37,38,113,0,0,38,113,0,0
123,55,0.18,480,2398,0,0,480,2398,0,0
123,56,0.04,116,579,0,0,116,579,0,0
123,57,0.16,28,57,0,0,28,57,0,0
123,59,0.38,2420,9678,0,0,2420,9678,0,0
123,60,0.69,3764,15054,0,0,3764,15054,0,0
123,61,3.1,3170,12453,0,0,3170,12453,0,0
123,62,3.82,3263,10036,8,8,3241,10013,0,0
123,63,1.93,241,481,12,24,204,409,0,0
123,64,0.86,1764,3527,0,0,1764,3527,0,0
123,67,1.01,151,306,0,0,151,306,0,0
123,68,2.87,225,420,0,0,225,420,0,0
123,69,5.78,2945,10587,747,2766,2852,10475,0,0
123,70,22.33,1994,5694,1727,5383,103,342,0,0
123,71,38.53,3623,11439,3405,11116,68,129,0,0
123,72,24.46,1684,4607,1504,4311,30,39,0,0
123,73,37.81,2771,8307,2354,6909,218,842,0,0
123,74,18.83,2026,6586,1476,4937,174,695,0,0
123,75,16.16,1324,4174,1135,3935,0,0,0,0
123,76,17.81,1380,3782,1317,3677,0,0,0,0
123,77,18.34,1119,2721,1119,2721,0,0,0,0
123,78,24.2,1647,5319,1515,5061,0,0,0,0
123,79,11.55,614,1766,614,1766,0,0,0,0
123,80,22.51,1636,4393,1575,4331,21,64,0,0
123,81,39.39,2482,5449,2344,5292,2,5,0,0
123,82,9.59,666,1816,623,1289,0,0,0,0
123,83,2.27,898,12561,356,6053,0,0,0,0
123,85,1,21,21,5,5,5,5,0,0
123,86,0.96,57,57,0,0,57,57,0,0
123,87,5.44,882,2598,882,2598,0,0,0,0
123,88,20.87,1337,3092,1321,3076,0,0,0,0
123,89,20.66,1901,4437,1851,4387,17,17,0,0
123,90,7.39,1729,8948,1548,8767,0,0,0,0
123,91,4.23,1232,6468,1232,6468,0,0,0,0
123,92,0.91,1503,8352,1503,8352,0,0,0,0
123,93,6.5,1639,12134,1639,12134,0,0,0,0
123,94,16.62,1400,2852,1400,2852,23,45,0,0
123,95,22.03,1744,3460,1739,3453,1,4,0,0
123,96,11.99,1231,2450,1231,2450,0,0,0,0
123,97,13.9,1825,2959,1808,2942,0,0,0,0
123,98,13.76,1804,3074,1804,3074,0,0,0,0
123,100,6.19,515,1019,515,1019,0,0,0,0
123,101,20.05,1426,3066,1426,3066,0,0,0,0
123,102,27.45,1472,3084,1274,2644,100,301,0,0
123,103,27.84,1863,3850,1754,3730,0,0,0,0
123,104,26.04,1463,2949,1376,2862,0,0,0,0
123,105,7.33,394,959,320,811,74,147,0,0
123,106,4.07,1934,6546,0,0,1934,6546,0,0
123,107,6.73,3445,14440,58,116,3272,14093,0,0
123,108,6.11,3001,13160,0,0,3001,13160,0,0
123,109,6.27,2033,10125,1707,7933,441,3107,0,0
123,110,1.65,1653,9840,68,547,98,874,0,0
123,111,3.41,2047,7762,0,0,332,765,0,0
123,112,3.97,1044,4308,256,1050,973,4213,0,0
123,113,3.36,2324,7564,1846,5348,682,3164,0,0
123,114,19.45,1864,3634,1864,3634,0,0,0,0
123,115,20.9,1874,5075,1805,4900,0,0,0,0
123,116,19.75,2788,7858,2106,6547,687,1330,0,0
123,117,1.25,83,217,67,201,0,0,0,0
123,119,1,21,62,5,15,5,15,0,0
123,120,1,12,37,0,0,0,0,0,0
123,121,6.95,609,1862,474,1596,64,184,0,0
123,122,4.84,608,2177,547,2116,80,81,0,0
123,123,13.98,1864,7906,1844,7866,0,0,0,0
123,124,11.78,1836,8121,1753,7936,0,0,0,0
123,125,18.27,1632,4947,1610,4858,0,0,0,0
123,126,22.11,1915,10492,1915,10492,0,0,0,0
123,127,1.79,349,1724,349,1724,0,0,0,0
124,8,12.89,537,969,470,900,22,23,0,0
124,9,20.65,1736,3186,1634,3083,34,35,0,0
124,10,11.01,1564,6225,1531,6158,11,22,0,0
124,11,3.9,1277,6151,1277,6151,0,0,0,0
124,12,0.6,61,122,61,122,0,0,0,0
124,17,4.98,581,1161,399,798,60,121,0,0
124,18,10.13,1867,4004,579,1288,1238,2654,0,0
124,19,4.76,714,1598,237,574,205,480,0,0
124,22,4.58,452,918,452,918,0,0,0,0
124,23,10.62,821,1974,801,1929,5,14,0,0
124,24,3.58,240,546,63,191,177,354,0,0
124,25,2,285,911,57,171,114,398,0,0
124,32,1,4,4,1,1,1,1,0,0
124,41,2.06,105,239,6,6,86,221,0,0
124,42,3.11,2063,6281,5,5,2047,6265,0,0
124,43,2.26,493,1514,4,4,480,1501,0,0
124,44,4.59,3064,12852,18,18,3011,12798,0,0
124,45,1.79,2242,6555,0,0,2242,6555,0,0
124,51,1.17,282,563,0,0,282,563,0,0
124,52,1,15,15,4,4,4,4,0,0
124,55,0.09,239,1196,0,0,239,1196,0,0
124,56,0.68,1786,8931,0,0,1786,8931,0,0
124,57,2.81,3389,15301,0,0,3389,15301,0,0
124,58,0.03,96,466,0,0,96,466,0,0
124,59,0.56,3055,12218,0,0,3055,12218,0,0
124,60,1.33,3478,13912,0,0,3478,13912,0,0
124,61,0.71,2279,9117,0,0,2279,9117,0,0
124,62,1.63,860,2881,0,0,860,2881,0,0
124,63,3.82,1205,2760,0,0,1205,2760,0,0
124,64,5.8,1661,2679,0,0,1661,2679,0,0
124,65,0.75,625,2910,0,0,625,2910,0,0
124,66,1.26,377,1352,0,0,377,1352,0,0
124,67,1.66,4165,12171,0,0,4165,12171,0,0
124,68,14.89,651,1875,255,554,372,1294,0,0
124,69,29.99,1519,2795,1187,2272,77,151,0,0
124,70,25.47,2633,6288,2584,6222,57,171,0,0
124,71,21.44,2419,7239,1927,5713,185,617,0,0
124,72,31.91,2116,5206,1916,4969,41,41,0,0
124,73,24.27,2569,7295,2409,7055,0,1,0,0
124,74,62.57,4067,11596,3208,10065,409,850,0,0
124,75,28.45,2502,7593,2426,7464,8,14,0,0
124,76,33.32,1811,3788,1681,3621,9,19,0,0
124,77,15.76,1342,3294,1235,2979,101,304,0,0
124,78,20.18,1535,4551,1004,2782,569,1958,0,0
124,79,17.68,783,2397,776,2390,0,0,0,0
124,80,38.44,2233,5284,2103,5112,0,0,0,0
124,81,31.74,2100,5252,2015,5149,0,0,0,0
124,82,34.76,2150,5723,2077,5616,40,119,0,0
124,83,3.72,1040,16185,979,15980,0,0,0,0
124,84,1.05,1336,5092,0,0,126,252,0,0
124,86,1,86,173,22,43,22,43,0,0
124,88,1.96,159,398,105,290,0,0,0,0
124,89,11.34,1045,2256,963,2174,48,143,0,0
124,90,20.16,1530,3095,965,2530,0,0,0,0
124,91,13.99,1637,5047,1637,5047,1,3,0,0
124,92,10.1,1782,7191,1731,7088,359,1331,0,0
124,93,4.82,1068,6587,1068,6587,0,0,0,0
124,94,2.84,1379,2865,551,1209,1183,2366,0,0
124,95,25.84,1781,3751,1605,3431,65,190,0,0
124,96,11.66,1399,2441,1399,2441,0,0,0,0
124,97,9.63,1266,2337,1255,2326,0,0,0,0
124,98,3.86,317,582,278,544,13,13,0,0
124,100,2,155,155,155,155,0,0,0,0
124,101,6.79,425,1022,418,1015,0,0,0,0
124,102,34.95,1840,5318,1754,5223,0,0,0,0
124,103,25.67,1693,2713,1568,2588,0,0,0,0
124,104,35.06,2379,5345,2359,5321,0,0,0,0
124,105,2.81,252,595,196,485,0,0,0,0
124,106,18.6,1620,4238,677,1588,923,2630,0,0
124,107,17.59,2367,11107,790,1730,1576,9375,0,0
124,108,13.55,2818,13477,1149,2090,1890,12061,0,0
124,109,15.1,2242,7654,2062,7339,302,976,0,0
124,111,4.1,2464,4440,0,0,2464,4440,0,0
124,112,3.66,2161,4322,0,0,2161,4322,0,0
124,113,10.17,1332,3981,797,2286,669,2232,0,0
124,114,20.7,1736,5157,1728,5141,1,1,2,5
124,115,8.66,1658,6205,1658,6205,34,101,0,0
124,116,12.06,1776,6815,1766,6794,0,0,0,0
124,117,0.57,87,260,87,260,0,0,0,0
124,118,3.19,3634,7269,0,0,3634,7269,0,0
124,119,5,660,1336,480,1150,54,54,0,0
124,123,12.98,1372,4560,1082,3739,262,793,0,0
124,124,5.64,2136,10112,2130,10092,0,0,0,0
124,125,16.8,1439,5443,1408,5381,0,0,0,0
124,126,15.62,2217,10794,2217,10794,0,0,0,0
124,127,16.78,2044,9847,2041,9836,0,0,0,0
125,7,3.09,844,2994,473,1676,124,440,0,0
125,8,29.32,1773,3105,580,1114,312,578,0,0
125,9,22.08,1600,3772,1498,3514,5,9,0,0
125,10,24.23,2033,4935,1524,3523,452,1333,0,0
125,11,6.8,1753,7534,1181,5868,553,1638,0,0
125,12,9.6,771,1671,695,1494,33,88,0,0
125,13,0.96,107,214,107,214,0,0,0,0
125,21,11.42,968,2306,926,2222,3,5,0,0
125,22,14.01,1437,3293,1437,3293,0,0,0,0
125,23,13.8,1769,4315,1552,3850,55,109,0,0
125,24,6.38,3620,9425,3074,6695,52,258,0,0
125,25,0.69,395,2182,255,1482,47,234,0,0
125,26,6.91,1688,9478,1050,5940,199,1152,0,0
125,27,5.45,2209,11715,1136,6359,434,1937,0,0
125,28,6.33,1783,9975,1197,6688,187,1079,0,0
125,29,3.97,1234,5622,178,364,1042,5212,0,0
125,30,0.36,1707,5122,1707,5122,0,0,0,0
125,31,0.07,318,954,318,954,0,0,0,0
125,32,2.73,1166,2821,0,0,1011,2511,0,0
125,33,2.26,1796,4176,0,0,1796,4176,0,0
125,34,0.87,4983,14950,0,0,4983,14950,0,0
125,35,1.26,973,2919,38,114,859,2578,0,0
125,36,0.35,2394,7181,0,0,2394,7181,0,0
125,37,1,119,397,0,0,119,397,0,0
125,38,1.47,870,2235,0,0,870,2234,0,0
125,39,7.24,1096,3325,165,330,888,2908,0,0
125,40,10.7,901,2186,469,1034,144,384,0,0
125,41,1.92,1021,3062,2,7,1014,3042,0,0
125,42,3.89,1312,4858,126,250,1143,4565,0,0
125,43,20.37,1653,3192,587,864,731,1780,0,0
125,44,0.53,1773,8860,0,0,1772,8860,0,0
125,50,3.6,268,612,67,153,67,153,0,0
125,51,2,194,243,48,61,48,61,0,0
125,58,0.08,462,1848,0,0,462,1848,0,0
125,59,2.56,2570,10507,108,108,2463,10399,0,0
125,60,1.2,3317,15517,0,0,3317,15517,0,0
125,61,1.18,5050,25200,0,0,5050,25200,0,0
125,62,3.59,1117,3017,0,0,1117,3017,0,0
125,63,5.05,1568,3643,2,2,1562,3637,0,0
125,64,3.99,1874,4895,5,5,1860,4881,0,0
125,65,6.13,2554,8382,107,214,2447,8167,0,0
125,66,4.7,2198,4746,0,0,2198,4746,0,0
125,67,1.41,610,1282,0,0,610,1282,0,0
125,68,9.15,1685,6483,1672,6471,0,0,0,0
125,69,13.22,2535,7540,866,2419,1280,3818,262,785
125,70,12.08,1284,2294,1174,2073,59,171,0,0
125,71,21.96,1578,3284,1463,3126,2,2,0,0
125,72,23.3,2570,7490,1988,6405,0,0,0,0
125,73,22.35,2049,6713,1828,5936,0,0,0,0
125,74,38.15,2455,5246,2031,4718,6,6,0,0
125,75,38.45,3192,10342,2870,9460,54,111,0,0
125,76,40.72,2692,6382,2418,5810,167,417,0,0
125,77,17.26,1279,2924,1238,2845,4,12,0,0
125,78,3.06,2576,7711,174,524,2384,7152,0,0
125,79,8.26,871,2682,833,2594,0,0,0,0
125,80,18.65,1384,4141,1096,3593,0,0,0,0
125,81,22.29,1721,3937,1638,3788,0,0,0,0
125,82,23.32,1414,3049,1356,2969,0,0,0,0
125,83,11.65,1580,4668,953,3259,650,1540,0,0
125,84,1.09,1406,3193,35,450,1372,2744,0,0
125,86,2.56,39,39,10,10,10,10,0,0
125,87,3.45,399,788,20,36,335,666,0,0
125,89,2.35,791,1444,0,0,791,1444,0,0
125,90,4.2,433,862,159,314,274,548,0,0
125,91,9.44,386,933,386,933,0,0,0,0
125,92,2.24,1537,4021,10,10,1527,4011,0,0
125,93,3.32,683,1853,158,409,481,1400,0,0
125,94,2.21,559,2779,1,5,555,2764,0,0
125,95,4.42,817,1510,48,97,768,1413,0,0
125,96,0.17,20,39,20,39,0,0,0,0
125,100,15.79,1119,2808,1003,2660,0,0,0,0
125,101,16.09,1068,2664,921,2477,0,0,0,0
125,102,24.59,1814,4471,1706,4249,47,94,0,0
125,103,36.71,2168,5716,2168,5716,0,0,0,0
125,104,27.95,2539,6131,1644,3704,884,2406,0,0
125,105,1.22,207,451,97,121,110,330,0,0
125,106,16.54,2141,5865,808,1974,1226,3677,0,0
125,107,23.31,1732,3919,1231,3230,155,310,0,0
125,108,23.23,2169,6273,2077,6101,170,607,0,0
125,109,15.22,3990,14073,3935,14018,160,800,0,0
125,110,1,75,150,0,0,75,150,0,0
125,111,1,121,241,0,0,121,241,0,0
125,112,0.32,158,317,0,0,158,317,0,0
125,113,32.95,1488,3456,1183,2871,232,461,0,0
125,114,20.25,2503,7187,2474,7154,133,304,0,0
125,115,12.66,2152,7585,2144,7577,41,82,0,0
125,116,9.22,1447,5334,1447,5334,0,0,0,0
125,117,7.03,1726,7236,1726,7236,0,0,0,0
125,118,9.72,2676,7032,936,3407,1741,3625,0,0
125,120,1.81,843,3481,758,3310,0,0,0,0
125,121,3.16,387,1096,238,947,0,0,0,0
125,122,1.32,402,1469,402,1469,0,0,0,0
125,123,24.99,2355,7003,2288,6856,0,0,0,0
125,124,15.09,1779,8423,1608,8128,0,0,0,0
125,125,8.04,2004,10121,1886,10004,18,54,0,0
125,126,32.54,2917,10090,2729,9715,17,47,0,0
125,127,14.83,1993,7370,1470,6060,545,1452,0,0
126,4,1.36,103,207,103,207,0,0,0,0
126,5,0.64,39,79,39,79,0,0,0,0
126,7,5.22,2324,8590,1961,7628,121,320,0,0
126,8,18.42,1732,4082,1254,2957,157,370,0,0
126,9,9.23,581,1061,368,832,57,58,0,0
126,10,21.63,1668,4010,1577,3866,24,41,0,0
126,11,15.82,1994,4244,1198,2732,215,405,330,660
126,12,24.65,1841,4183,1623,3766,57,108,0,0
126,13,23.68,1959,4512,1681,3818,38,68,0,0
126,14,3.43,441,800,358,678,28,41,0,0
126,15,2.35,362,797,362,797,0,0,0,0
126,21,5.86,737,1780,737,1780,0,0,0,0
126,22,14.5,1494,3120,1468,3086,3,6,0,0
126,23,7.35,2449,7428,2284,6965,145,425,0,0
126,24,2.66,1901,8911,1901,8911,0,0,0,0
126,25,1.8,1564,13628,1564,13628,0,0,0,0
126,26,4.19,1850,7701,1422,6418,789,2524,0,0
126,27,1.61,1073,8191,960,7852,251,664,0,0
126,28,3,1968,12453,1968,12453,0,0,0,0
126,29,9.2,2359,9172,235,1371,2102,7737,0,0
126,30,2.33,1158,3266,1052,3149,97,101,0,0
126,31,5.38,2464,6713,1666,4982,767,1674,0,0
126,32,9.3,4627,9050,19,34,4570,8950,0,0
126,33,7.38,2103,5213,143,405,1673,3998,0,0
126,34,7.5,3811,9192,66,197,3614,8601,0,0
126,35,3.34,2408,7146,10,14,2379,7103,0,0
126,36,1.37,5579,24264,0,0,5579,24264,0,0
126,37,0.28,8167,40837,0,0,8167,40837,0,0
126,38,9.51,2864,10189,552,1723,2272,8415,0,0
126,39,7.04,1159,2380,299,724,798,1588,0,0
126,40,21.66,1503,2655,1154,2184,131,165,0,0
126,41,22.06,2233,4209,634,1155,1411,2762,0,0
126,42,6.23,2937,9818,24,69,2933,9813,0,0
126,43,1.78,425,1526,15,15,382,1483,0,0
126,50,0.4,8,18,2,5,2,5,0,0
126,54,0.71,371,796,13,40,331,676,0,0
126,55,0.19,200,399,0,0,200,399,0,0
126,60,0.03,173,863,0,0,173,863,0,0
126,61,0.64,2170,8629,0,0,2170,8629,0,0
126,62,4.27,2076,5740,25,25,2000,5664,0,0
126,63,5.7,1728,5836,12,15,1692,5791,0,0
126,64,9.58,2898,7213,15,21,2852,7149,0,0
126,65,6.01,2227,7045,38,74,2185,6967,0,0
126,66,2.93,866,2374,0,0,866,2374,0,0
126,67,0.03,50,300,50,300,0,0,0,0
126,68,2.53,2566,14925,2566,14925,0,0,0,0
126,69,3.57,907,6433,742,5797,7,20,21,62
126,70,6.83,2711,11727,2693,11709,224,1345,0,0
126,71,10.38,1962,6775,669,1774,1317,5031,0,0
126,72,24.81,3070,10399,747,2308,886,2589,0,0
126,73,18.1,2461,8558,1408,5599,964,2869,0,0
126,74,37.58,2636,4986,2594,4944,47,94,0,0
126,75,54.48,2406,3318,2071,2883,49,49,0,0
126,76,45.16,2027,4100,1872,3927,37,37,0,0
126,77,31.58,1909,4681,1789,4491,0,0,0,0
126,78,21.88,2586,11057,1871,9017,644,1933,0,0
126,79,11.15,967,2978,939,2936,0,0,0,0
126,80,10.9,630,1562,584,1487,0,0,0,0
126,81,18.76,1642,3038,1409,2768,0,0,0,0
126,82,16.56,1857,5196,1823,5161,0,0,1,3
126,83,23.6,1518,4020,1052,2903,258,701,208,416
126,84,4.08,1492,20814,1336,20502,156,312,0,0
126,85,1,431,7764,431,7764,0,0,0,0
126,86,1,41,41,10,10,10,10,0,0
126,87,0.99,180,539,0,0,0,0,0,0
126,88,6.1,4391,10781,88,88,2416,6919,0,0
126,89,3.22,4234,11480,0,0,4234,11480,0,0
126,90,9.48,2094,4039,0,0,2094,4039,0,0
126,91,10,276,276,42,42,234,234,0,0
126,93,1.25,1201,3285,0,0,1201,3285,0,0
126,94,4.32,5060,18319,2,8,5055,18295,0,0
126,95,1.03,326,441,0,0,326,441,0,0
126,98,1,19,38,0,0,0,0,0,0
126,99,6.11,513,1042,0,0,476,1005,0,0
126,100,11.92,1039,1848,292,598,680,1183,0,0
126,101,29.63,1810,4182,1604,3976,0,0,0,0
126,102,21.32,2017,6289,1969,6207,0,0,0,0
126,103,12.19,1648,10817,1626,10794,0,0,0,0
126,104,18.75,1909,6349,1736,5910,66,156,133,399
126,105,1.02,72,217,72,217,0,0,0,0
126,106,22.7,1703,4402,1637,4319,9,9,0,0
126,107,15.62,1578,5142,1440,4866,138,276,0,0
126,108,11.96,1936,8823,1530,8011,489,1634,0,0
126,109,10.65,3201,10371,684,1676,2504,8861,0,0
126,110,2.96,814,2629,292,694,478,1848,0,0
126,113,13.11,1579,4761,744,1695,904,3276,0,0
126,114,12.74,2258,7941,830,2477,1270,5305,0,0
126,115,7.01,2257,9295,1280,4656,992,4668,0,0
126,116,5.05,1596,5821,1581,5805,5,5,0,0
126,117,7.01,985,2320,900,2235,28,28,0,0
126,118,3.07,1633,8669,1633,8669,0,0,0,0
126,119,1.31,934,5603,934,5603,0,0,0,0
126,120,5.53,1249,5045,1142,4832,0,0,0,0
126,121,20.64,1471,4509,1339,4377,0,0,0,0
126,122,18.52,1758,4390,1748,4380,3,3,0,0
126,123,13.62,1479,3655,1439,3615,36,73,0,0
126,124,38.45,1894,4718,1720,4544,0,0,0,0
126,125,4.96,1484,6785,1484,6785,0,0,0,0
126,126,28.58,2063,5596,1953,5478,10,21,0,0
126,127,26.98,3690,16632,3451,16246,325,1219,0,0
127,3,0.02,59,59,0,0,59,59,0,0
127,4,4.94,3513,4173,146,291,3168,3483,0,0
127,6,0.33,324,1296,0,0,324,1296,0,0
127,7,2.56,631,2118,196,392,420,1679,16,47
127,8,18.47,1821,4204,1525,3625,281,559,0,0
127,9,18.49,1480,4003,1450,3948,10,18,0,0
127,10,15.78,1679,4120,1375,3471,99,214,0,0
127,11,33.14,2551,4951,2144,4158,357,827,0,0
127,12,27.97,2554,6974,1610,4412,196,487,0,0
127,13,21.95,2114,4744,611,1749,1398,2790,0,0
127,14,9.05,1723,3447,1446,2893,277,554,0,0
127,15,14.73,1937,4160,1929,4141,3,6,0,0
127,16,21.6,1996,4597,1671,4029,101,183,0,0
127,17,15.1,1257,2761,1044,2288,56,127,0,0
127,19,0.65,33,33,8,8,8,8,0,0
127,20,1.47,192,360,172,341,6,6,0,0
127,21,6.24,774,2135,641,1768,44,122,0,0
127,22,14.93,1873,4276,1760,4034,26,51,0,0
127,23,2.36,2004,8590,1273,6121,0,0,0,0
127,24,3.28,1385,11628,1234,11425,50,68,0,0
127,25,1.82,1426,5762,494,2965,430,1290,0,0
127,26,2.49,1963,10136,666,4662,1298,5474,0,0
127,27,2.82,1611,11799,1587,11709,303,2328,0,0
127,28,2.32,811,5121,451,2705,360,2417,0,0
127,29,9.37,1433,3930,6,13,1415,3893,0,0
127,30,0.04,13,54,0,0,13,54,0,0
127,31,23.41,1616,3711,1183,2873,338,667,0,0
127,32,52.98,2325,4618,1664,3330,514,1017,0,0
127,33,3.74,348,1468,306,1410,21,37,0,0
127,34,4.84,2994,8434,105,520,2884,7901,0,0
127,35,7.67,4591,12168,5,13,4576,12129,0,0
127,36,1.29,5893,29031,0,0,5893,29031,0,0
127,37,8.17,7621,36348,458,1103,7085,35113,0,0
127,38,22.11,1579,3531,1339,3211,111,203,0,0
127,39,19.36,2512,7189,1503,4547,690,1980,0,0
127,40,23.5,1269,2271,955,1775,76,155,0,0
127,41,7.37,2592,7153,179,431,2208,6165,0,0
127,42,7.87,2492,5873,38,118,2376,5520,0,0
127,43,1.94,352,917,0,0,352,917,0,0
127,44,0.06,1006,3018,0,0,1006,3018,0,0
127,54,1.95,613,1301,55,128,449,918,0,0
127,55,0.15,162,325,0,0,162,325,0,0
127,59,1,196,392,49,98,49,98,0,0
127,61,2.63,1032,2649,0,0,1032,2649,0,0
127,62,3.61,1063,3172,2,2,1056,3165,0,0
127,63,5.82,1783,6064,3,7,1773,6044,0,0
127,64,12.69,3782,11083,9,11,3756,11051,0,0
127,65,4.44,1566,4743,0,0,1566,4743,0,0
127,66,0.1,36,108,0,0,36,108,0,0
127,68,0.52,1510,8095,1510,8095,0,0,0,0
127,69,1.6,772,10212,772,10212,0,0,0,0
127,70,2.69,3671,17731,3671,17731,194,968,0,0
127,71,2.28,2025,10797,1841,10244,290,924,0,0
127,72,2.26,1801,9290,1343,7989,434,1277,0,0
127,73,3.63,2099,9006,2069,8917,30,89,0,0
127,74,22.25,1046,1739,943,1548,91,183,0,0
127,75,19.21,2254,9205,2083,8952,103,185,0,0
127,76,15,1759,8325,875,3404,787,4684,0,0
127,77,27.51,1722,4550,1691,4520,20,20,0,0
127,78,34.01,2865,14530,2855,14519,0,0,0,0
127,79,20.72,1364,4132,1154,3749,53,105,0,0
127,80,5.81,303,532,223,453,0,0,0,0
127,81,27.91,1841,4341,1604,3975,0,0,0,0
127,82,22.77,1546,3892,1523,3855,0,0,0,0
127,83,38.85,1463,3390,1339,3196,101,201,0,0
127,84,1.96,3907,8259,70,585,3837,7674,0,0
127,85,1.23,803,12669,712,12487,91,183,0,0
127,86,0.42,1707,1707,427,427,427,427,0,0
127,87,0.03,13,52,0,0,13,52,0,0
127,88,6.6,2744,7153,23,23,2721,7130,0,0
127,89,8.69,2117,4930,6,15,2099,4885,0,0
127,90,4.25,1860,5145,0,0,1860,5145,0,0
127,91,1.17,899,2809,0,0,899,2809,0,0
127,92,4.83,2441,7563,0,0,2441,7563,0,0
127,93,0.72,1007,3020,0,0,1007,3020,0,0
127,94,1.83,619,1902,0,0,619,1902,0,0
127,95,4.33,1742,4984,0,0,1742,4984,0,0
127,97,13.46,598,1622,598,1622,37,111,0,0
127,98,47.73,2219,5852,2219,5852,0,0,0,0
127,99,22.35,2981,10004,1111,3067,1627,6279,0,0
127,100,14.13,2283,6249,1000,2504,369,1108,0,0
127,101,28.33,1814,4308,1781,4270,0,0,0,0
127,102,40.56,2395,6383,2359,6347,23,23,0,0
127,103,14.25,2102,12302,2056,12257,0,0,0,0
127,104,11.99,2158,7469,2125,7435,27,55,0,0
127,105,0.27,102,311,12,40,91,272,0,0
127,106,18.01,1944,4046,988,1921,786,1698,0,0
127,107,12.98,1792,9560,1695,9463,116,298,0,0
127,108,10.03,2060,9240,2022,9166,307,1612,0,0
127,109,22.44,4145,16399,2400,11186,515,1545,0,0
127,110,26.29,2680,8475,2511,8306,169,169,0,0
127,111,10.63,1685,3632,286,644,1471,3251,0,0
127,112,0.97,622,1725,144,433,622,1725,481,1444
127,113,6.09,1469,6091,463,1276,1002,4835,0,0
127,114,1.38,1212,4077,0,0,1212,4077,0,0
127,115,6.1,1780,7694,225,762,1642,7106,0,0
127,116,21.19,1762,4895,1757,4890,0,0,0,0
127,117,6.84,1043,3331,1042,3329,1,2,0,0
127,118,7.06,1941,9335,1576,8606,364,729,0,0
127,119,10.32,1475,6990,1360,6837,0,0,0,0
127,120,16.43,2473,7577,1861,6619,0,0,0,0
127,121,24.42,1906,5886,1852,5776,0,0,0,0
127,122,13.44,1696,4528,1667,4498,24,48,0,0
127,123,16.29,1485,3803,1430,3748,30,91,0,0
127,124,29.44,2185,5612,1934,5361,7,21,0,0
127,125,24.55,1710,4191,1631,4083,31,63,0,0
127,126,33.06,2236,5821,2113,5617,167,384,0,0
127,127,25.12,1738,5905,1248,4649,116,344,0,0
