x,y,number,ground_area,floor_area,residential_ground_area,residential_floor_area,economic_activity_ground_area,economic_activity_floor_area,cultural_ground_area,cultural_floor_area
0,61,0.5,69,69,31,31,0,0,0,0
0,62,7.11,1966,1966,1485,1485,0,0,0,0
0,63,2,108,108,108,108,0,0,0,0
0,76,6,631,631,409,409,222,222,0,0
0,77,8.83,1926,1926,1926,1926,0,0,0,0
0,78,2.74,541,541,541,541,0,0,0,0
0,79,3.26,1073,1073,1073,1073,0,0,0,0
0,80,3.8,2660,2660,2660,2660,0,0,0,0
0,81,6.02,2923,2923,2923,2923,0,0,0,0
0,82,6.5,3617,3617,3617,3617,0,0,0,0
0,83,3.03,5889,5889,5889,5889,0,0,0,0
0,84,8.15,5001,5001,5001,5001,0,0,0,0
0,85,6.67,5019,5019,5019,5019,0,0,0,0
0,86,4.58,5624,5624,5624,5624,0,0,0,0
0,87,4.98,5237,5237,5181,5181,19,19,0,0
0,88,4.66,4331,4331,4331,4331,0,0,0,0
0,89,3.29,3154,3154,3152,3152,2,2,0,0
0,90,7.51,3384,3384,3352,3352,11,11,0,0
0,91,6.92,4191,4191,2334,2334,1857,1857,0,0
0,92,7.41,3402,3402,3389,3389,13,13,0,0
0,93,4.99,2285,2285,2285,2285,0,0,0,0
0,94,1.21,208,208,208,208,0,0,0,0
0,95,1.53,3547,3547,610,610,2937,2937,0,0
0,96,0.54,7558,7558,5,5,7553,7553,0,0
0,97,0.07,1069,1069,0,0,1069,1069,0,0
0,98,0.05,19,19,19,19,0,0,0,0
0,99,8.21,3262,3262,3236,3236,9,9,0,0
0,100,3.4,4795,4795,4591,4591,204,204,0,0
0,101,5.21,5301,5301,4441,4441,0,0,861,861
0,102,4.74,5576,5576,5489,5489,0,0,86,86
0,103,4.53,5669,5669,5669,5669,0,0,0,0
0,104,2.4,5396,5396,5396,5396,0,0,0,0
0,105,3.94,5154,5154,5154,5154,0,0,0,0
0,106,2.84,5794,5794,5794,5794,0,0,0,0
0,107,6.04,2613,2613,2356,2356,257,257,0,0
0,108,2.31,2000,2000,93,93,1907,1907,0,0
0,109,1.49,948,948,177,177,771,771,0,0
0,110,2.75,1872,1872,1872,1872,0,0,0,0
0,111,3.32,2010,2010,2010,2010,0,0,0,0
0,112,2.56,288,288,288,288,0,0,0,0
0,113,0.37,680,680,0,0,680,680,0,0
0,114,3.95,3319,3319,0,0,3319,3319,0,0
0,115,1.68,2105,2105,0,0,2105,2105,0,0
0,116,2.04,2637,2637,0,0,2637,2637,0,0
0,117,2.73,2292,2292,0,0,2292,2292,0,0
0,118,3,1095,1095,0,0,1095,1095,0,0
0,119,1.62,1286,1286,0,0,1286,1286,0,0
0,120,3.01,1670,1670,18,18,1602,1602,0,0
0,121,1.63,881,881,0,0,881,881,0,0
0,122,1.49,603,603,206,206,397,397,0,0
0,123,2.68,282,282,260,260,22,22,0,0
0,124,2.93,232,232,103,103,130,130,0,0
0,125,2.54,377,377,377,377,0,0,0,0
0,127,1.76,781,781,0,0,781,781,0,0
1,62,7.21,1102,1102,628,628,9,9,0,0
1,63,3.18,774,774,584,584,0,0,0,0
1,64,0.09,7,7,7,7,0,0,0,0
1,77,1.98,430,430,430,430,0,0,0,0
1,78,1,69,69,0,0,69,69,0,0
1,79,3.04,812,812,797,797,5,5,0,0
1,80,6.5,1565,1565,1522,1522,14,14,0,0
1,81,6.04,1559,1559,1403,1403,126,126,0,0
1,82,7.09,2703,2703,1721,1721,982,982,0,0
1,83,7.81,3478,3478,3478,3478,0,0,0,0
1,84,4.34,5357,5357,5357,5357,0,0,0,0
1,85,3.97,5775,5775,5775,5775,0,0,0,0
1,86,3.52,5305,5305,5305,5305,0,0,0,0
1,87,8.38,3376,3376,3170,3170,63,63,0,0
1,88,5.23,2541,2541,1977,1977,564,564,0,0
1,89,4.17,3639,3639,1790,1790,1834,1834,0,0
1,90,8.88,4122,4122,3990,3990,44,44,0,0
1,91,6.03,4113,4113,2999,2999,1114,1114,0,0
1,92,6,3319,3319,1156,1156,2029,2029,0,0
1,93,3.32,2553,2553,1616,1616,0,0,0,0
1,94,3.1,4362,4362,4158,4158,0,0,0,0
1,95,0.44,722,722,532,532,190,190,0,0
1,96,0.08,1115,1115,0,0,1115,1115,0,0
1,97,0.01,26,26,3,3,23,23,0,0
1,98,4.5,1915,1915,1915,1915,0,0,0,0
1,99,4.51,5137,5137,5137,5137,0,0,0,0
1,100,1.74,5773,5773,5773,5773,0,0,0,0
1,101,3.81,5551,5551,5551,5551,0,0,0,0
1,102,2.94,5014,5014,5014,5014,0,0,0,0
1,103,3.95,5688,5688,5688,5688,0,0,0,0
1,104,6.32,5035,5035,4191,4191,844,844,0,0
1,105,4.7,4665,4665,4663,4663,2,2,0,0
1,106,3.6,5647,5647,5647,5647,0,0,0,0
1,107,2.82,5578,5578,3446,3446,2132,2132,0,0
1,108,5.74,3265,3265,2922,2922,344,344,0,0
1,109,7.72,2652,2652,2652,2652,0,0,0,0
1,110,4.78,2447,2447,2447,2447,0,0,0,0
1,111,2.34,1116,1116,1116,1116,0,0,0,0
1,112,0.3,217,217,217,217,0,0,0,0
1,113,3.13,2607,2607,23,23,2538,2538,0,0
1,114,2.92,2212,2212,9,9,2183,2183,0,0
1,115,2.01,2133,2133,0,0,2133,2133,0,0
1,116,2.12,1267,1267,31,31,1236,1236,0,0
1,117,2.81,2147,2147,0,0,2147,2147,0,0
1,119,1.18,232,232,28,28,147,147,0,0
1,120,6.59,738,738,148,148,410,410,0,0
1,121,2.2,340,340,287,287,53,53,0,0
1,123,1.32,41,41,31,31,10,10,0,0
1,124,2.53,190,190,44,44,146,146,0,0
1,125,1,606,606,606,606,0,0,0,0
1,126,4.82,318,318,276,276,0,0,0,0
1,127,0.54,98,98,98,98,0,0,0,0
2,63,4,69,69,69,69,0,0,0,0
2,64,1.91,235,235,235,235,0,0,0,0
2,78,1.63,880,880,410,410,470,470,0,0
2,79,2.85,715,715,427,427,287,287,0,0
2,80,5.13,1184,1184,1173,1173,11,11,0,0
2,81,5.97,1758,1758,1758,1758,0,0,0,0
2,82,3.76,1767,1767,1767,1767,0,0,0,0
2,83,6.74,4163,4163,4163,4163,0,0,0,0
2,84,3.03,6179,6179,6179,6179,0,0,0,0
2,85,3.35,5262,5262,5262,5262,0,0,0,0
2,86,7.55,3406,3406,3361,3361,0,0,0,0
2,87,2.73,2745,2745,610,610,2128,2128,0,0
2,88,3.48,4860,4860,3727,3727,1133,1133,0,0
2,89,2.69,6839,6839,6686,6686,154,154,0,0
2,90,2.11,5834,5834,5834,5834,0,0,0,0
2,91,1.72,5172,5172,5172,5172,0,0,0,0
2,92,3.69,3452,3452,2800,2800,443,443,0,0
2,93,3.29,2330,2330,69,69,1721,1721,0,0
2,94,8.79,4554,4554,4306,4306,166,166,0,0
2,95,5.9,4542,4542,4542,4542,0,0,0,0
2,96,3.91,2493,2493,1020,1020,1472,1472,0,0
2,97,3.87,1571,1571,1571,1571,0,0,0,0
2,98,4.25,1411,1411,1411,1411,0,0,0,0
2,99,2.87,2217,2217,2217,2217,0,0,0,0
2,100,3.96,4711,4711,4711,4711,0,0,0,0
2,101,6.35,4285,4285,4285,4285,0,0,0,0
2,102,3.56,4018,4018,4018,4018,0,0,0,0
2,103,2.14,5931,5931,5931,5931,0,0,0,0
2,104,5.89,5200,5200,4500,4500,700,700,0,0
2,105,3.89,5083,5083,4707,4707,376,376,0,0
2,106,4.86,5424,5424,5424,5424,0,0,0,0
2,107,5.07,5333,5333,5333,5333,0,0,0,0
2,108,4,3338,3338,3075,3075,0,0,263,263
2,109,6.42,2180,2180,1862,1862,0,0,318,318
2,110,7.94,4047,4047,4025,4025,7,7,0,0
2,111,5.61,1732,1732,1722,1722,3,3,0,0
2,112,0.26,188,188,188,188,0,0,0,0
2,113,0.17,147,147,0,0,147,147,0,0
2,114,0.79,607,607,0,0,607,607,0,0
2,115,1.5,505,505,33,33,472,472,0,0
2,117,3.53,324,324,324,324,0,0,0,0
2,118,2,363,363,363,363,0,0,0,0
2,122,0.1,25,25,0,0,25,25,0,0
2,123,0.9,235,235,0,0,235,235,0,0
2,124,2,162,162,162,162,0,0,0,0
2,126,4.64,282,282,225,225,0,0,0,0
2,127,1,13,13,13,13,0,0,0,0
3,64,5.22,667,667,667,667,0,0,0,0
3,65,2.46,202,202,103,103,99,99,0,0
3,76,1,49,49,49,49,0,0,0,0
3,77,1,164,164,164,164,0,0,0,0
3,78,1.01,39,39,39,39,0,0,0,0
3,80,3.05,611,611,611,611,0,0,0,0
3,81,3.36,837,837,837,837,0,0,0,0
3,82,2.73,991,991,991,991,0,0,0,0
3,83,5.38,3194,3194,3194,3194,0,0,0,0
3,84,6.28,5438,5438,5438,5438,0,0,0,0
3,85,2.26,5602,5602,5602,5602,0,0,0,0
3,86,3,4675,4675,4675,4675,0,0,0,0
3,87,2.66,5929,5929,5872,5872,57,57,0,0
3,88,2.63,6730,6730,6730,6730,0,0,0,0
3,89,2.43,5987,5987,5987,5987,0,0,0,0
3,90,4.35,5872,5872,5872,5872,0,0,0,0
3,91,3.07,4208,4208,3782,3782,0,0,426,426
3,92,1.46,1610,1610,1610,1610,0,0,0,0
3,93,4.51,3636,3636,2957,2957,679,679,0,0
3,94,3.73,5083,5083,5083,5083,0,0,0,0
3,95,6.57,4408,4408,3887,3887,521,521,0,0
3,96,6.46,4273,4273,4185,4185,88,88,0,0
3,97,6.05,4100,4100,4061,4061,39,39,0,0
3,98,4.13,2323,2323,2323,2323,0,0,0,0
3,101,1,137,137,137,137,0,0,0,0
3,102,1.24,1123,1123,1123,1123,0,0,0,0
3,103,2.85,2509,2509,2509,2509,0,0,0,0
3,104,2.58,4070,4070,4070,4070,0,0,0,0
3,105,5.92,4992,4992,4992,4992,0,0,0,0
3,106,2.5,3813,3813,3813,3813,0,0,0,0
3,107,5.91,5106,5106,5106,5106,0,0,0,0
3,108,3.96,3947,3947,3947,3947,0,0,0,0
3,109,4.54,2105,2105,2105,2105,0,0,0,0
3,110,9.48,3106,3106,3082,3082,8,8,0,0
3,111,6.29,896,896,896,896,0,0,0,0
3,112,0.84,948,948,0,0,948,948,0,0
3,113,1.11,435,435,77,77,203,203,0,0
3,117,2.15,204,204,204,204,0,0,0,0
3,118,0.32,35,35,35,35,0,0,0,0
3,120,1,109,109,27,27,27,27,0,0
3,121,2,117,117,117,117,0,0,0,0
3,122,1,86,86,86,86,0,0,0,0
3,123,2.99,183,183,183,183,0,0,0,0
3,124,3,328,328,305,305,8,8,0,0
3,125,1,193,193,193,193,0,0,0,0
3,126,0.49,35,35,0,0,0,0,0,0
4,64,4.7,836,836,836,836,0,0,0,0
4,65,12.62,1002,1002,601,601,283,283,0,0
4,78,0.91,2563,2563,0,0,2563,2563,0,0
4,79,1.24,416,416,416,416,0,0,0,0
4,80,8.65,1483,1483,1419,1419,21,21,0,0
4,81,4.03,1052,1052,1052,1052,0,0,0,0
4,82,6.93,2278,2278,2278,2278,0,0,0,0
4,83,7.35,3642,3642,3433,3433,208,208,0,0
4,84,3.81,3783,3783,3783,3783,0,0,0,0
4,85,4.04,5716,5716,5716,5716,0,0,0,0
4,86,3.84,6381,6381,6381,6381,0,0,0,0
4,87,0.98,7013,7013,7013,7013,0,0,0,0
4,88,4.63,5913,5913,5845,5845,68,68,0,0
4,89,2.3,6212,6212,6212,6212,0,0,0,0
4,90,1.72,5884,5884,5884,5884,0,0,0,0
4,91,1.36,6441,6441,6441,6441,0,0,0,0
4,92,2.15,4063,4063,4026,4026,37,37,0,0
4,93,2,6084,6084,6084,6084,0,0,0,0
4,94,3.46,5341,5341,5341,5341,0,0,0,0
4,95,3.33,4760,4760,4760,4760,0,0,0,0
4,96,5.37,3171,3171,2764,2764,407,407,0,0
4,97,3.94,5605,5605,5605,5605,0,0,0,0
4,98,1.53,2720,2720,2720,2720,0,0,0,0
4,101,0.37,21,21,21,21,0,0,0,0
4,102,2.6,1234,1234,1234,1234,0,0,0,0
4,103,3.74,1685,1685,1685,1685,0,0,0,0
4,104,1.71,639,639,639,639,0,0,0,0
4,105,1.43,227,227,227,227,0,0,0,0
4,106,3.7,2731,2731,2731,2731,0,0,0,0
4,107,2.46,2245,2245,2245,2245,0,0,0,0
4,108,3.86,2086,2086,2086,2086,0,0,0,0
4,109,1.95,679,679,679,679,0,0,0,0
4,110,2.18,640,640,640,640,0,0,0,0
4,111,0.1,47,47,47,47,0,0,0,0
4,112,0.05,52,52,0,0,52,52,0,0
4,113,1.69,658,658,0,0,658,658,0,0
4,114,0.31,102,102,0,0,102,102,0,0
4,115,1,61,61,61,61,0,0,0,0
4,119,1.01,82,82,82,82,0,0,0,0
4,120,7.21,713,713,652,652,62,62,0,0
4,121,3.98,542,542,542,542,0,0,0,0
4,122,1,98,98,98,98,0,0,0,0
4,123,1.01,170,170,2,2,168,168,0,0
4,124,1,32,32,32,32,0,0,0,0
4,125,0.9,144,144,0,0,0,0,0,0
4,126,1.61,297,297,0,0,245,245,0,0
5,65,1.98,458,458,9,9,432,432,0,0
5,66,0.02,1,1,0,0,0,0,0,0
5,78,3.36,1419,1419,1007,1007,412,412,0,0
5,79,5.58,1608,1608,1608,1608,0,0,0,0
5,80,4.38,2027,2027,610,610,1416,1416,0,0
5,81,9.56,1458,1458,933,933,525,525,0,0
5,82,8.51,2225,2225,2225,2225,0,0,0,0
5,83,7.37,3794,3794,3712,3712,0,0,0,0
5,84,4.64,3113,3113,2150,2150,901,901,0,0
5,85,5.87,4182,4182,4182,4182,0,0,0,0
5,86,1.41,5977,5977,5977,5977,0,0,0,0
5,87,1.67,6721,6721,6426,6426,296,296,0,0
5,88,2.91,6058,6058,5504,5504,555,555,0,0
5,89,0.76,5598,5598,5516,5516,82,82,0,0
5,90,2.9,5889,5889,5889,5889,0,0,0,0
5,91,4.06,5869,5869,5801,5801,69,69,0,0
5,92,2.26,3694,3694,1657,1657,0,0,2036,2036
5,93,2.71,5861,5861,5861,5861,0,0,0,0
5,94,3.34,4555,4555,4555,4555,0,0,0,0
5,95,2.41,5612,5612,5612,5612,0,0,0,0
5,96,4,4687,4687,4687,4687,0,0,0,0
5,97,3.83,5874,5874,5874,5874,0,0,0,0
5,98,3.09,2133,2133,2133,2133,0,0,0,0
5,101,2.22,233,233,233,233,0,0,0,0
5,102,2.45,752,752,752,752,0,0,0,0
5,103,6.91,2217,2217,2217,2217,0,0,0,0
5,104,4.89,1721,1721,1721,1721,0,0,0,0
5,105,6.71,3668,3668,3668,3668,0,0,0,0
5,106,6.39,4780,4780,4780,4780,0,0,0,0
5,107,6.77,3985,3985,3962,3962,8,8,0,0
5,108,4.87,4852,4852,4852,4852,0,0,0,0
5,109,11.79,2900,2900,2900,2900,0,0,0,0
5,110,7.07,1372,1372,1372,1372,0,0,0,0
5,111,0.19,409,409,409,409,0,0,0,0
5,112,1.28,634,634,634,634,0,0,0,0
5,113,1.23,113,113,85,85,9,9,0,0
5,119,3.23,470,470,470,470,0,0,0,0
5,120,2.58,566,566,566,566,0,0,0,0
5,121,1,151,151,151,151,0,0,0,0
5,125,1.27,1327,1327,22,22,1305,1305,0,0
5,126,2.68,3349,3349,21,21,3328,3328,0,0
5,127,1.99,778,778,236,236,543,543,0,0
6,76,1.12,637,637,637,637,0,0,0,0
6,77,4.72,1860,1860,1605,1605,255,255,0,0
6,78,5.7,2927,2927,1423,1423,1504,1504,0,0
6,79,4.97,2634,2634,2634,2634,0,0,0,0
6,80,7.86,2313,2313,1327,1327,986,986,0,0
6,81,6.92,1316,1316,1196,1196,120,120,0,0
6,82,5.46,1554,1554,1554,1554,0,0,0,0
6,83,6.59,4866,4866,4866,4866,0,0,0,0
6,84,3.53,4393,4393,4208,4208,184,184,0,0
6,85,5.75,3591,3591,3480,3480,112,112,0,0
6,86,2.47,7145,7145,7145,7145,0,0,0,0
6,87,1.27,6517,6517,6517,6517,0,0,0,0
6,88,4.15,5920,5920,5804,5804,0,0,116,116
6,89,3.68,5013,5013,3636,3636,1251,1251,127,127
6,90,2.04,2318,2318,845,845,1472,1472,0,0
6,91,6.31,4906,4906,4757,4757,148,148,0,0
6,92,2.86,5589,5589,4091,4091,1498,1498,0,0
6,93,1.5,6284,6284,5827,5827,458,458,0,0
6,94,2.28,6107,6107,5878,5878,229,229,0,0
6,95,5.78,4496,4496,4496,4496,0,0,0,0
6,96,3.64,5208,5208,5208,5208,0,0,0,0
6,97,6.61,5107,5107,5107,5107,0,0,0,0
6,98,4.23,2701,2701,2701,2701,0,0,0,0
6,100,2.81,289,289,289,289,0,0,0,0
6,101,0.53,42,42,42,42,0,0,0,0
6,102,0.2,8,8,8,8,0,0,0,0
6,103,5.32,1053,1053,1034,1034,6,6,0,0
6,104,2.03,503,503,461,461,14,14,0,0
6,105,4.98,2958,2958,2958,2958,0,0,0,0
6,106,4.76,4023,4023,4023,4023,0,0,0,0
6,107,3.9,1980,1980,1980,1980,0,0,0,0
6,108,4.99,3725,3725,3725,3725,0,0,0,0
6,109,5.84,4554,4554,4554,4554,0,0,0,0
6,110,5.5,1490,1490,1490,1490,0,0,0,0
6,111,0.67,511,511,393,393,117,117,0,0
6,112,3.58,1562,1562,1117,1117,445,445,0,0
6,113,1.77,237,237,142,142,32,32,0,0
6,114,0.09,23,23,23,23,0,0,0,0
6,118,0.01,1,1,1,1,0,0,0,0
6,120,1,79,79,79,79,0,0,0,0
6,125,0.03,151,151,0,0,151,151,0,0
6,126,1.01,154,154,0,0,154,154,0,0
6,127,0.01,7,7,0,0,7,7,0,0
7,66,5.58,1074,1074,988,988,79,79,0,0
7,67,6.53,322,322,182,182,108,108,0,0
7,76,2.16,1088,1088,1088,1088,0,0,0,0
7,77,3.89,1579,1579,1579,1579,0,0,0,0
7,78,6.7,2078,2078,2078,2078,0,0,0,0
7,79,4.74,3185,3185,3185,3185,0,0,0,0
7,80,9.08,1759,1759,1759,1759,0,0,0,0
7,81,6.6,1254,1254,975,975,0,0,0,0
7,82,5.84,2283,2283,2283,2283,0,0,0,0
7,83,3.51,4929,4929,4929,4929,0,0,0,0
7,84,6.23,4550,4550,4508,4508,14,14,0,0
7,85,6.15,4322,4322,3077,3077,1245,1245,0,0
7,86,2.92,6354,6354,6354,6354,0,0,0,0
7,87,2.25,6489,6489,6489,6489,0,0,0,0
7,88,1,5935,5935,5935,5935,0,0,0,0
7,89,2.72,5560,5560,4843,4843,717,717,0,0
7,90,1.41,5708,5708,5636,5636,72,72,0,0
7,91,4.57,5246,5246,4798,4798,449,449,0,0
7,92,6.23,4978,4978,4178,4178,800,800,0,0
7,93,0.99,5529,5529,4368,4368,1161,1161,0,0
7,94,1.74,5429,5429,5429,5429,0,0,0,0
7,95,6.24,5187,5187,5187,5187,0,0,0,0
7,96,4.17,5374,5374,5374,5374,0,0,0,0
7,97,6.19,4913,4913,4913,4913,0,0,0,0
7,98,3.29,2593,2593,2593,2593,0,0,0,0
7,99,5.61,1322,1322,974,974,348,348,0,0
7,100,1.1,251,251,251,251,0,0,0,0
7,101,2.67,471,471,471,471,0,0,0,0
7,103,0.81,354,354,354,354,0,0,0,0
7,104,2.95,856,856,856,856,0,0,0,0
7,105,8.54,2299,2299,2299,2299,0,0,0,0
7,106,2.81,380,380,380,380,0,0,0,0
7,107,1.16,126,126,126,126,0,0,0,0
7,108,1.43,853,853,853,853,0,0,0,0
7,109,9.96,1458,1458,1458,1458,0,0,0,0
7,110,0.42,281,281,3,3,278,278,0,0
7,111,3.48,4685,4685,0,0,4685,4685,0,0
7,112,0.72,1443,1443,0,0,1443,1443,0,0
7,114,1.74,420,420,411,411,9,9,0,0
7,115,1,210,210,210,210,0,0,0,0
7,117,3,657,657,304,304,352,352,0,0
7,118,0.99,140,140,140,140,0,0,0,0
7,125,7.69,629,629,439,439,190,190,0,0
7,126,1.54,138,138,138,138,0,0,0,0
8,66,0.49,60,60,60,60,0,0,0,0
8,67,14.4,956,956,950,950,7,7,0,0
8,68,3,161,161,30,30,132,132,0,0
8,76,0.28,151,151,151,151,0,0,0,0
8,77,12.26,2360,2360,1140,1140,1220,1220,0,0
8,78,9.84,2173,2173,2173,2173,0,0,0,0
8,79,8.57,2103,2103,2103,2103,0,0,0,0
8,80,7.86,1478,1478,1452,1452,9,9,0,0
8,81,4.59,3990,3990,3923,3923,67,67,0,0
8,82,2.46,483,483,483,483,0,0,0,0
8,83,4.55,3970,3970,3029,3029,941,941,0,0
8,84,5.42,3975,3975,3931,3931,15,15,0,0
8,85,4.09,5904,5904,5904,5904,0,0,0,0
8,86,4.14,5567,5567,5508,5508,0,0,59,59
8,87,2.74,6144,6144,6144,6144,0,0,0,0
8,88,1.54,5991,5991,5991,5991,0,0,0,0
8,89,1.22,6167,6167,6167,6167,0,0,0,0
8,90,1.82,6142,6142,6142,6142,0,0,0,0
8,91,0.97,5571,5571,5571,5571,0,0,0,0
8,92,3.7,5627,5627,5585,5585,0,0,0,0
8,93,3.62,6001,6001,5839,5839,0,0,163,163
8,94,2.97,5424,5424,5424,5424,0,0,0,0
8,95,2.21,6112,6112,6112,6112,0,0,0,0
8,96,3.5,5472,5472,5472,5472,0,0,0,0
8,97,3.47,5609,5609,5609,5609,0,0,0,0
8,98,2.87,2869,2869,2869,2869,0,0,0,0
8,99,7.13,914,914,914,914,0,0,0,0
8,100,7.39,1244,1244,896,896,349,349,0,0
8,101,6.77,888,888,808,808,29,29,0,0
8,102,5.18,986,986,844,844,142,142,0,0
8,103,4.08,1247,1247,695,695,552,552,0,0
8,104,3.06,524,524,524,524,0,0,0,0
8,105,6.78,1680,1680,1657,1657,8,8,0,0
8,106,2.11,1118,1118,1118,1118,0,0,0,0
8,107,4.6,1918,1918,1918,1918,0,0,0,0
8,108,2.01,1209,1209,1208,1208,0,0,0,0
8,109,2.04,739,739,682,682,57,57,0,0
8,110,1.11,475,475,13,13,437,437,0,0
8,111,4.84,2215,2215,44,44,2083,2083,0,0
8,112,1.53,763,763,0,0,763,763,0,0
8,114,2.64,777,777,108,108,669,669,0,0
8,115,0.53,76,76,76,76,0,0,0,0
8,117,0.95,380,380,380,380,0,0,0,0
8,121,1,13,13,13,13,0,0,0,0
8,124,1,196,196,196,196,0,0,0,0
8,125,5.87,879,879,352,352,527,527,0,0
8,126,6.49,849,849,752,752,34,34,0,0
9,68,4,572,572,572,572,0,0,0,0
9,77,5.44,2101,2101,1459,1459,642,642,0,0
9,78,15.81,2290,2290,2290,2290,0,0,0,0
9,79,5.98,2219,2219,2219,2219,0,0,0,0
9,80,5.45,1974,1974,1974,1974,0,0,0,0
9,81,4.35,3816,3816,2979,2979,838,838,0,0
9,82,2.3,938,938,938,938,0,0,0,0
9,83,2.08,1111,1111,1111,1111,0,0,0,0
9,84,3.46,3980,3980,3980,3980,0,0,0,0
9,85,2.81,5538,5538,5252,5252,0,0,285,285
9,86,6.93,5438,5438,4977,4977,0,0,461,461
9,87,3.63,6422,6422,6422,6422,0,0,0,0
9,88,2.71,6479,6479,6479,6479,0,0,0,0
9,89,1.04,6505,6505,6505,6505,0,0,0,0
9,90,1.72,6700,6700,6700,6700,0,0,0,0
9,91,1.88,5705,5705,5705,5705,0,0,0,0
9,92,8.66,4993,4993,4993,4993,0,0,0,0
9,93,4.89,5809,5809,5809,5809,0,0,0,0
9,94,2.68,4848,4848,4848,4848,0,0,0,0
9,95,2.79,6070,6070,6070,6070,0,0,0,0
9,96,3.86,5028,5028,5028,5028,0,0,0,0
9,97,4.7,4180,4180,4180,4180,0,0,0,0
9,98,4.8,3406,3406,3406,3406,0,0,0,0
9,99,2.69,855,855,655,655,200,200,0,0
9,100,1.07,687,687,686,686,0,0,0,0
9,101,4.97,1128,1128,1128,1128,0,0,0,0
9,102,6.25,1495,1495,1363,1363,132,132,0,0
9,103,6.41,956,956,678,678,237,237,0,0
9,104,2.62,627,627,627,627,0,0,0,0
9,105,4.77,2361,2361,2361,2361,0,0,0,0
9,106,5.01,1462,1462,1462,1462,0,0,0,0
9,107,7,1583,1583,1583,1583,0,0,0,0
9,108,1.33,1227,1227,1218,1218,3,3,0,0
9,109,0.73,33,33,8,8,8,8,0,0
9,110,1.59,235,235,12,12,200,200,0,0
9,111,0.22,103,103,0,0,103,103,0,0
9,117,0.05,22,22,22,22,0,0,0,0
9,118,0.44,150,150,0,0,150,150,0,0
9,119,0.56,190,190,0,0,190,190,0,0
9,121,0.05,19,19,19,19,0,0,0,0
9,122,0.81,318,318,318,318,0,0,0,0
9,125,2.23,146,146,146,146,0,0,0,0
9,126,0.18,11,11,11,11,0,0,0,0
9,127,1,174,174,174,174,0,0,0,0
10,68,0.06,7,7,7,7,0,0,0,0
10,69,3.94,398,398,385,385,4,4,0,0
10,77,1.88,138,138,88,88,0,0,0,0
10,78,5.52,1644,1644,1637,1637,0,0,0,0
10,79,6.38,1867,1867,1831,1831,12,12,0,0
10,80,4.95,1825,1825,1825,1825,0,0,0,0
10,81,7.97,3377,3377,3377,3377,0,0,0,0
10,82,0.36,748,748,674,674,74,74,0,0
10,83,8.1,1598,1598,1598,1598,0,0,0,0
10,84,5.85,2716,2716,2716,2716,0,0,0,0
10,85,3.43,3456,3456,3456,3456,0,0,0,0
10,86,3.83,6032,6032,6032,6032,0,0,0,0
10,87,3.73,6565,6565,6565,6565,0,0,0,0
10,88,2.45,5759,5759,5759,5759,0,0,0,0
10,89,1.2,6016,6016,6016,6016,0,0,0,0
10,90,2.56,6278,6278,6278,6278,0,0,0,0
10,91,2.27,6128,6128,6128,6128,0,0,0,0
10,92,3.35,6039,6039,6039,6039,0,0,0,0
10,93,2.55,6141,6141,6141,6141,0,0,0,0
10,94,2.29,4835,4835,4835,4835,0,0,0,0
10,95,1.83,5261,5261,5092,5092,169,169,0,0
10,96,1.1,5373,5373,5373,5373,0,0,0,0
10,97,3.79,5116,5116,5116,5116,0,0,0,0
10,98,5.5,3586,3586,3586,3586,0,0,0,0
10,99,5.9,934,934,595,595,339,339,0,0
10,100,5.01,600,600,164,164,416,416,0,0
10,101,5.77,843,843,808,808,12,12,0,0
10,102,8.46,929,929,522,522,275,275,0,0
10,103,4.54,1762,1762,1589,1589,57,57,0,0
10,104,3.58,1857,1857,1833,1833,8,8,0,0
10,105,6.34,1782,1782,1572,1572,210,210,0,0
10,107,1,72,72,72,72,0,0,0,0
10,109,1,84,84,84,84,0,0,0,0
10,110,3.64,916,916,422,422,468,468,0,0
10,111,1.9,1227,1227,8,8,1204,1204,0,0
10,113,1,407,407,0,0,407,407,0,0
10,116,1,1060,1060,0,0,1060,1060,0,0
10,117,1,97,97,0,0,97,97,0,0
10,118,0.09,37,37,37,37,0,0,0,0
10,119,0.03,14,14,14,14,0,0,0,0
10,122,1.14,199,199,199,199,0,0,0,0
11,69,5.18,194,194,48,48,48,48,0,0
11,77,6.16,444,444,315,315,97,97,0,0
11,78,4.23,735,735,705,705,10,10,0,0
11,79,5.92,3161,3161,1737,1737,1424,1424,0,0
11,80,5.67,2388,2388,1577,1577,811,811,0,0
11,81,7.59,3400,3400,3400,3400,0,0,0,0
11,82,3.56,2610,2610,698,698,1911,1911,0,0
11,83,6.74,1423,1423,1423,1423,0,0,0,0
11,84,9.67,2871,2871,2773,2773,33,33,0,0
11,85,3.94,5015,5015,5015,5015,0,0,0,0
11,86,2.34,6144,6144,6144,6144,0,0,0,0
11,87,1.37,6217,6217,6217,6217,0,0,0,0
11,88,1.14,4844,4844,4844,4844,0,0,0,0
11,89,2.06,4951,4951,4200,4200,751,751,0,0
11,90,6.19,5206,5206,5206,5206,0,0,0,0
11,91,3.93,6019,6019,6019,6019,0,0,0,0
11,92,2.28,6115,6115,6115,6115,0,0,0,0
11,93,4.12,4971,4971,4971,4971,0,0,0,0
11,94,3.32,3864,3864,3863,3863,0,0,0,0
11,95,6.52,3651,3651,2171,2171,1480,1480,0,0
11,96,2.15,3493,3493,2600,2600,892,892,0,0
11,97,5.4,3269,3269,2546,2546,723,723,0,0
11,98,1.81,1088,1088,1088,1088,0,0,0,0
11,99,0.22,30,30,30,30,0,0,0,0
11,100,7.17,1025,1025,871,871,51,51,0,0
11,101,5.01,1029,1029,829,829,39,39,0,0
11,102,2,178,178,54,54,123,123,0,0
11,103,1.12,405,405,405,405,0,0,0,0
11,104,5.58,2959,2959,2640,2640,0,0,0,0
11,105,4.37,1193,1193,1155,1155,38,38,0,0
11,107,4.48,539,539,539,539,0,0,0,0
11,108,1,109,109,109,109,0,0,0,0
11,110,0.9,164,164,164,164,0,0,0,0
11,111,4.26,1912,1912,82,82,1830,1830,0,0
11,112,2.27,2132,2132,8,8,2124,2124,0,0
11,115,1.38,945,945,0,0,945,945,0,0
11,116,0.47,61,61,0,0,61,61,0,0
11,117,1,68,68,0,0,68,68,0,0
11,118,3.15,1759,1759,1700,1700,58,58,0,0
11,119,0.04,19,19,19,19,0,0,0,0
12,69,0.82,43,43,11,11,11,11,0,0
12,70,1,22,22,22,22,0,0,0,0
12,77,2.31,698,698,408,408,289,289,0,0
12,78,0.53,221,221,221,221,0,0,0,0
12,79,5.46,1453,1453,1453,1453,0,0,0,0
12,80,8.53,2677,2677,2677,2677,0,0,0,0
12,81,7.71,2644,2644,2644,2644,0,0,0,0
12,82,7.05,2113,2113,2113,2113,0,0,0,0
12,83,8.35,2263,2263,2263,2263,0,0,0,0
12,84,5.66,4212,4212,4212,4212,0,0,0,0
12,85,5.8,4939,4939,4939,4939,0,0,0,0
12,86,4.3,6672,6672,6672,6672,0,0,0,0
12,87,3.67,6437,6437,6437,6437,0,0,0,0
12,88,4.23,4004,4004,3793,3793,210,210,0,0
12,89,2.84,6137,6137,5328,5328,809,809,0,0
12,90,4.83,5901,5901,5901,5901,0,0,0,0
12,91,3.48,5897,5897,5685,5685,212,212,0,0
12,92,4.61,3127,3127,1358,1358,1769,1769,0,0
12,93,7.25,2616,2616,2543,2543,52,52,0,0
12,94,2.41,2081,2081,2081,2081,0,0,0,0
12,95,2.01,422,422,336,336,29,29,0,0
12,96,2.78,609,609,292,292,317,317,0,0
12,97,0.32,165,165,0,0,165,165,0,0
12,99,1,97,97,97,97,0,0,0,0
12,100,5.01,1751,1751,1751,1751,0,0,0,0
12,101,6.16,1816,1816,728,728,1089,1089,0,0
12,103,4.05,1189,1189,1189,1189,0,0,0,0
12,104,4.64,992,992,632,632,344,344,0,0
12,105,1.09,258,258,86,86,172,172,0,0
12,106,1.57,712,712,580,580,132,132,0,0
12,107,3.82,1311,1311,1253,1253,57,57,0,0
12,112,1.28,1225,1225,0,0,1225,1225,0,0
12,113,1.68,991,991,0,0,991,991,0,0
12,114,4.05,557,557,18,18,503,503,0,0
12,115,1.15,780,780,0,0,780,780,0,0
12,116,1.52,1435,1435,0,0,1435,1435,0,0
12,117,0.86,1068,1068,0,0,1068,1068,0,0
12,118,1.69,194,194,0,0,194,194,0,0
13,80,6.49,1946,1946,1946,1946,0,0,0,0
13,81,6.12,2352,2352,2352,2352,0,0,0,0
13,82,5.18,4514,4514,4514,4514,0,0,0,0
13,83,4.16,4228,4228,4228,4228,0,0,0,0
13,84,3.72,5795,5795,5795,5795,0,0,0,0
13,85,3.54,6160,6160,6160,6160,0,0,0,0
13,86,3.73,6230,6230,6230,6230,0,0,0,0
13,87,2.8,6563,6563,6563,6563,0,0,0,0
13,88,2.03,5341,5341,5341,5341,0,0,0,0
13,89,1.93,5625,5625,5625,5625,0,0,0,0
13,90,2.16,6170,6170,6170,6170,0,0,0,0
13,91,4.57,4184,4184,3502,3502,682,682,0,0
13,92,1.22,947,947,0,0,947,947,0,0
13,93,1.17,308,308,170,170,137,137,0,0
13,94,1.11,919,919,0,0,904,904,15,15
13,95,0.17,22,22,0,0,0,0,22,22
13,96,0.77,107,107,0,0,107,107,0,0
13,97,4,504,504,504,504,0,0,0,0
13,99,1.28,157,157,123,123,11,11,0,0
13,100,6.86,1198,1198,685,685,411,411,0,0
13,101,1.34,147,147,97,97,50,50,0,0
13,102,0.02,22,22,22,22,0,0,0,0
13,103,3.99,838,838,692,692,123,123,0,0
13,104,6.67,1505,1505,1156,1156,314,314,0,0
13,105,0.92,1714,1714,1714,1714,0,0,0,0
13,106,1.13,898,898,898,898,0,0,0,0
13,111,0.07,12,12,0,0,12,12,0,0
13,112,5.38,1365,1365,0,0,1365,1365,0,0
13,113,4.11,1364,1364,0,0,1364,1364,0,0
13,114,2.39,732,732,10,10,701,701,0,0
13,115,0.79,670,670,0,0,670,670,0,0
13,116,1.7,1977,1977,0,0,1977,1977,0,0
13,117,1.93,1201,1201,26,26,1122,1122,0,0
13,118,1.28,865,865,24,24,791,791,0,0
13,119,1.42,201,201,18,18,148,148,0,0
13,120,2,109,109,18,18,55,55,0,0
13,121,1,172,172,172,172,0,0,0,0
13,122,3,175,175,175,175,0,0,0,0
13,125,1,35,35,35,35,0,0,0,0
14,70,3.4,757,757,207,207,550,550,0,0
14,80,0.26,129,129,129,129,0,0,0,0
14,81,1.06,321,321,321,321,0,0,0,0
14,82,7.47,3769,3769,3769,3769,0,0,0,0
14,83,6.91,4297,4297,4284,4284,4,4,0,0
14,84,2.95,5112,5112,5112,5112,0,0,0,0
14,85,2.34,5141,5141,5141,5141,0,0,0,0
14,86,5.13,4292,4292,4292,4292,0,0,0,0
14,87,1.54,5451,5451,5451,5451,0,0,0,0
14,88,1.94,6640,6640,6640,6640,0,0,0,0
14,89,3.72,5437,5437,4987,4987,0,0,450,450
14,90,4.52,3753,3753,3246,3246,506,506,0,0
14,91,3.4,1937,1937,1658,1658,279,279,0,0
14,92,1.94,4383,4383,2365,2365,2018,2018,0,0
14,93,0.26,930,930,930,930,0,0,0,0
14,94,0.58,78,78,0,0,0,0,78,78
14,95,0.14,18,18,0,0,0,0,18,18
14,97,1,1068,1068,0,0,1068,1068,0,0
14,98,0.58,3336,3336,0,0,3336,3336,0,0
14,99,2.86,1372,1372,538,538,834,834,0,0
14,100,2.69,299,299,193,193,107,107,0,0
14,101,5.43,1066,1066,974,974,93,93,0,0
14,102,0.85,543,543,543,543,0,0,0,0
14,103,3.99,1558,1558,1558,1558,0,0,0,0
14,104,0.24,130,130,13,13,117,117,0,0
14,109,0.25,59,59,0,0,0,0,0,0
14,111,2.93,2052,2052,0,0,2052,2052,0,0
14,112,4.83,3800,3800,0,0,3800,3800,0,0
14,113,1.17,1244,1244,0,0,1244,1244,0,0
14,114,2.38,1379,1379,0,0,1379,1379,0,0
14,115,0.37,295,295,0,0,295,295,0,0
14,116,2.21,1310,1310,0,0,1310,1310,0,0
14,117,0.92,763,763,0,0,763,763,0,0
14,118,2.64,1632,1632,0,0,1632,1632,0,0
14,119,0.09,57,57,0,0,57,57,0,0
15,70,2.44,2024,2024,1187,1187,837,837,0,0
15,81,3.15,1027,1027,1027,1027,0,0,0,0
15,82,8.23,1667,1667,1625,1625,14,14,0,0
15,83,6.58,2814,2814,2814,2814,0,0,0,0
15,84,2.68,3897,3897,2588,2588,1309,1309,0,0
15,85,4.85,2735,2735,2731,2731,4,4,0,0
15,86,5.31,3792,3792,3792,3792,0,0,0,0
15,87,3.81,5843,5843,5843,5843,0,0,0,0
15,88,2,4599,4599,4599,4599,0,0,0,0
15,89,3.82,1019,1019,925,925,0,0,94,94
15,90,8.61,2025,2025,1892,1892,132,132,0,0
15,91,4.57,3655,3655,3655,3655,0,0,0,0
15,92,0.83,2123,2123,2058,2058,65,65,0,0
15,93,2.03,1584,1584,833,833,751,751,0,0
15,94,1.17,143,143,136,136,2,2,0,0
15,97,2,320,320,41,41,0,0,0,0
15,98,1.34,2327,2327,54,54,2273,2273,0,0
15,99,1.19,999,999,0,0,999,999,0,0
15,100,3.65,1188,1188,0,0,1188,1188,0,0
15,101,3.39,2202,2202,91,91,2023,2023,0,0
15,102,3.93,927,927,813,813,38,38,0,0
15,103,2.47,722,722,128,128,594,594,0,0
15,104,1.29,1042,1042,0,0,1042,1042,0,0
15,108,3,689,689,386,386,304,304,0,0
15,109,1.75,252,252,19,19,19,19,0,0
15,110,1,116,116,116,116,0,0,0,0
15,111,0.33,240,240,240,240,0,0,0,0
15,112,0.61,173,173,173,173,0,0,0,0
15,113,1,238,238,0,0,238,238,0,0
15,115,2.56,815,815,0,0,815,815,0,0
15,116,1.94,1109,1109,0,0,1109,1109,0,0
15,117,0.5,871,871,0,0,871,871,0,0
15,118,4.33,2742,2742,11,11,2708,2708,0,0
15,119,1.7,1067,1067,0,0,1067,1067,0,0
15,125,1,50,50,50,50,0,0,0,0
16,70,1.16,884,884,884,884,0,0,0,0
16,81,1.39,333,333,333,333,0,0,0,0
16,82,5.83,1642,1642,1642,1642,0,0,0,0
16,83,3.85,1610,1610,1610,1610,0,0,0,0
16,84,2.82,1996,1996,1452,1452,544,544,0,0
16,85,2.85,4392,4392,4392,4392,0,0,0,0
16,86,3.68,5197,5197,5197,5197,0,0,0,0
16,87,3.23,6029,6029,6029,6029,0,0,0,0
16,88,2.12,4847,4847,4847,4847,0,0,0,0
16,89,2.64,5312,5312,5312,5312,0,0,0,0
16,90,3.26,4006,4006,4006,4006,0,0,0,0
16,91,3.32,4403,4403,4403,4403,0,0,0,0
16,92,2.21,2319,2319,1792,1792,0,0,0,0
16,93,2.7,1920,1920,1797,1797,41,41,0,0
16,94,4.95,653,653,507,507,49,49,0,0
16,95,3.18,285,285,187,187,33,33,0,0
16,97,0.18,42,42,42,42,0,0,0,0
16,98,3.56,1365,1365,563,563,801,801,0,0
16,99,3.09,940,940,117,117,824,824,0,0
16,100,3.77,2196,2196,0,0,2196,2196,0,0
16,101,1.27,1721,1721,304,304,1417,1417,0,0
16,102,4.32,2118,2118,1386,1386,722,722,0,0
16,103,2.82,653,653,331,331,322,322,0,0
16,104,2.12,280,280,154,154,89,89,0,0
16,105,0.6,36,36,36,36,0,0,0,0
16,106,0.46,24,24,24,24,0,0,0,0
16,107,0.52,369,369,369,369,0,0,0,0
16,108,2.29,663,663,663,663,0,0,0,0
16,109,0.19,48,48,48,48,0,0,0,0
16,110,2.84,745,745,735,735,10,10,0,0
16,111,4.2,1772,1772,1480,1480,292,292,0,0
16,112,1.18,465,465,465,465,0,0,0,0
16,113,0.63,345,345,345,345,0,0,0,0
16,115,0.44,128,128,0,0,128,128,0,0
16,117,5.58,2005,2005,25,25,1981,1981,0,0
16,118,3.02,1174,1174,132,132,1042,1042,0,0
16,123,1,60,60,60,60,0,0,0,0
16,124,1,43,43,43,43,0,0,0,0
17,71,1,106,106,26,26,26,26,0,0
17,82,1,1592,1592,0,0,1592,1592,0,0
17,83,1.09,596,596,596,596,0,0,0,0
17,84,2.18,1723,1723,754,754,969,969,0,0
17,85,2.1,3731,3731,3627,3627,105,105,0,0
17,86,5.58,4965,4965,4875,4875,90,90,0,0
17,87,3.46,5593,5593,5593,5593,0,0,0,0
17,88,2.79,4217,4217,4217,4217,0,0,0,0
17,89,2.04,5510,5510,5510,5510,0,0,0,0
17,90,3.14,4644,4644,4644,4644,0,0,0,0
17,91,2.98,2839,2839,2839,2839,0,0,0,0
17,92,2.32,2264,2264,2057,2057,0,0,0,0
17,93,2.95,1300,1300,1300,1300,0,0,0,0
17,94,2.61,938,938,910,910,9,9,0,0
17,95,1.13,84,84,84,84,0,0,0,0
17,97,0.57,528,528,0,0,528,528,0,0
17,98,1.57,474,474,132,132,341,341,0,0
17,99,2.29,522,522,296,296,227,227,0,0
17,100,0.26,85,85,0,0,85,85,0,0
17,101,3.17,1327,1327,91,91,1180,1180,0,0
17,102,3.75,1222,1222,70,70,1111,1111,0,0
17,103,3.03,2509,2509,0,0,2509,2509,0,0
17,104,1.01,97,97,94,94,4,4,0,0
17,110,0.21,48,48,48,48,0,0,0,0
17,111,0.85,38,38,38,38,0,0,0,0
17,117,1.35,85,85,0,0,85,85,0,0
17,122,0.97,360,360,360,360,0,0,0,0
17,126,1,79,79,79,79,0,0,0,0
18,71,5.91,933,933,282,282,0,0,0,0
18,72,0.1,21,21,21,21,0,0,0,0
18,84,0.43,1057,1057,1057,1057,0,0,0,0
18,85,2.25,4999,4999,4999,4999,0,0,0,0
18,86,3.92,4493,4493,4493,4493,0,0,0,0
18,87,1.94,4232,4232,4232,4232,0,0,0,0
18,88,0.04,110,110,110,110,0,0,0,0
18,89,2.72,1930,1930,1856,1856,74,74,0,0
18,90,2.76,3493,3493,2544,2544,949,949,0,0
18,91,1.82,2612,2612,2567,2567,0,0,0,0
18,92,5.77,1720,1720,1449,1449,39,39,0,0
18,93,1.72,2129,2129,2129,2129,0,0,0,0
18,94,1,399,399,399,399,0,0,0,0
18,97,0.26,183,183,0,0,183,183,0,0
18,98,2.13,2416,2416,414,414,2003,2003,0,0
18,99,0.69,915,915,915,915,0,0,0,0
18,101,5.01,1388,1388,1203,1203,114,114,0,0
18,102,4.36,1252,1252,284,284,672,672,0,0
18,103,1.76,1135,1135,0,0,1135,1135,0,0
18,104,4.27,1351,1351,0,0,1351,1351,0,0
18,105,2.02,184,184,184,184,0,0,0,0
18,106,3.29,881,881,768,768,113,113,0,0
18,107,0.75,330,330,0,0,330,330,0,0
18,109,3.57,332,332,237,237,78,78,0,0
18,111,1.15,47,47,47,47,0,0,0,0
18,117,1,98,98,98,98,0,0,0,0
18,122,0.03,11,11,11,11,0,0,0,0
19,72,3.76,1206,1206,926,926,0,0,0,0
19,84,1.28,1351,1351,1351,1351,0,0,0,0
19,85,3.01,4918,4918,4918,4918,0,0,0,0
19,86,3.65,1628,1628,1426,1426,202,202,0,0
19,87,2.66,1599,1599,1498,1498,34,34,0,0
19,88,4.2,2186,2186,2186,2186,0,0,0,0
19,89,3.9,3699,3699,3553,3553,146,146,0,0
19,90,1.36,2898,2898,376,376,2523,2523,0,0
19,91,3.41,2821,2821,2821,2821,0,0,0,0
19,92,0.28,359,359,359,359,0,0,0,0
19,93,1.38,578,578,483,483,32,32,0,0
19,94,1.7,708,708,708,708,0,0,0,0
19,95,1,67,67,67,67,0,0,0,0
19,96,5.22,766,766,424,424,208,208,0,0
19,97,6.51,1743,1743,518,518,777,777,0,0
19,98,1.03,201,201,201,201,0,0,0,0
19,99,3.93,929,929,823,823,105,105,0,0
19,100,5.04,1299,1299,422,422,222,222,0,0
19,101,5.73,2400,2400,1959,1959,75,75,0,0
19,102,2.59,1407,1407,839,839,284,284,0,0
19,103,2.02,623,623,0,0,623,623,0,0
19,104,0.04,12,12,0,0,12,12,0,0
19,105,7.19,882,882,882,882,0,0,0,0
19,106,3.75,782,782,782,782,0,0,0,0
19,109,0.43,53,53,0,0,53,53,0,0
19,123,1,57,57,57,57,0,0,0,0
19,124,0.98,250,250,0,0,250,250,0,0
19,125,0.89,286,286,282,282,5,5,0,0
20,72,4.22,575,575,212,212,0,0,0,0
20,83,0.95,645,645,478,478,0,0,0,0
20,84,2.75,2394,2394,2394,2394,0,0,0,0
20,85,4.53,3805,3805,3805,3805,0,0,0,0
20,86,0.82,754,754,754,754,0,0,0,0
20,87,3.45,1319,1319,1287,1287,11,11,0,0
20,88,5.33,2150,2150,1830,1830,107,107,0,0
20,89,5.5,2416,2416,2074,2074,0,0,0,0
20,90,1.29,2566,2566,936,936,1631,1631,0,0
20,91,1.14,939,939,939,939,0,0,0,0
20,92,4.75,2467,2467,2467,2467,0,0,0,0
20,93,6.84,2887,2887,2858,2858,10,10,0,0
20,94,2.77,3135,3135,3135,3135,0,0,0,0
20,95,1.09,350,350,350,350,0,0,0,0
20,96,6.01,908,908,609,609,298,298,0,0
20,97,0.28,51,51,0,0,0,0,0,0
20,98,6.02,1444,1444,326,326,1061,1061,0,0
20,99,1.18,299,299,298,298,2,2,0,0
20,100,9.66,1875,1875,1697,1697,59,59,0,0
20,101,5.56,1484,1484,1195,1195,216,216,0,0
20,102,2.06,721,721,636,636,85,85,0,0
20,103,3.53,1395,1395,1260,1260,135,135,0,0
20,104,0.06,64,64,64,64,0,0,0,0
20,106,1,255,255,255,255,0,0,0,0
20,107,3.28,592,592,512,512,26,26,0,0
20,108,1.55,124,124,124,124,0,0,0,0
20,125,0.13,42,42,42,42,0,0,0,0
20,126,1,93,93,93,93,0,0,0,0
21,73,1,33,33,8,8,8,8,0,0
21,83,1.63,344,344,145,145,0,0,0,0
21,84,2.92,2350,2350,2350,2350,0,0,0,0
21,85,4.76,2641,2641,2641,2641,0,0,0,0
21,86,4.7,1943,1943,1943,1943,0,0,0,0
21,87,2.88,2018,2018,2018,2018,0,0,0,0
21,88,0.98,43,43,43,43,0,0,0,0
21,89,2.85,1045,1045,1045,1045,0,0,0,0
21,90,2,1914,1914,1914,1914,0,0,0,0
21,91,0.14,125,125,125,125,0,0,0,0
21,92,2.32,956,956,956,956,0,0,0,0
21,93,2.83,2239,2239,2239,2239,0,0,0,0
21,94,2.4,1003,1003,979,979,8,8,0,0
21,95,1.79,385,385,385,385,0,0,0,0
21,96,1.16,423,423,51,51,372,372,0,0
21,97,0.67,1458,1458,0,0,1458,1458,0,0
21,98,4.34,1666,1666,1639,1639,9,9,0,0
21,99,9.51,2103,2103,2096,2096,2,2,0,0
21,100,1.48,110,110,110,110,0,0,0,0
21,101,3.33,650,650,650,650,0,0,0,0
21,102,1.58,1169,1169,1169,1169,0,0,0,0
21,103,5.94,1312,1312,1029,1029,94,94,0,0
21,104,2.81,1060,1060,993,993,23,23,0,0
21,105,1,51,51,0,0,0,0,0,0
21,107,0.72,98,98,98,98,0,0,0,0
21,108,1.45,90,90,90,90,0,0,0,0
22,73,1.54,34,34,19,19,5,5,0,0
22,74,1,53,53,13,13,13,13,0,0
22,82,0.65,422,422,422,422,0,0,0,0
22,83,2.59,1014,1014,1014,1014,0,0,0,0
22,84,3.3,1994,1994,1994,1994,0,0,0,0
22,85,3.69,2509,2509,2509,2509,0,0,0,0
22,86,7.77,1844,1844,1844,1844,0,0,0,0
22,87,5.7,1281,1281,1281,1281,0,0,0,0
22,88,3.42,1173,1173,1014,1014,158,158,0,0
22,89,4.83,1349,1349,1349,1349,0,0,0,0
22,90,2.34,1457,1457,1433,1433,8,8,0,0
22,91,3.39,2592,2592,2565,2565,28,28,0,0
22,92,2.09,1484,1484,1484,1484,0,0,0,0
22,93,1.05,843,843,843,843,0,0,0,0
22,94,1.51,257,257,257,257,0,0,0,0
22,95,3.44,790,790,177,177,381,381,0,0
22,96,1.71,910,910,100,100,810,810,0,0
22,97,4.01,899,899,694,694,34,34,0,0
22,98,4.55,2982,2982,2902,2902,27,27,0,0
22,99,6.49,1390,1390,1174,1174,168,168,0,0
22,100,6.39,2216,2216,2179,2179,13,13,0,0
22,102,2.43,305,305,305,305,0,0,0,0
22,103,4.53,1079,1079,1079,1079,0,0,0,0
22,104,1.08,176,176,176,176,0,0,0,0
22,108,1,50,50,50,50,0,0,0,0
22,119,2.2,293,293,293,293,0,0,0,0
22,120,0.62,696,696,696,696,0,0,0,0
22,124,1,220,220,220,220,0,0,0,0
23,73,2.46,261,261,13,13,221,221,0,0
23,74,3.94,1006,1006,47,47,864,864,817,817
23,82,1.72,599,599,599,599,0,0,0,0
23,83,0.38,1538,1538,11,11,1527,1527,0,0
23,84,0.63,2593,2593,0,0,2593,2593,0,0
23,89,3.16,347,347,286,286,21,21,0,0
23,90,1.02,172,172,172,172,0,0,0,0
23,91,2.54,452,452,452,452,0,0,0,0
23,93,2.47,552,552,63,63,63,63,0,0
23,94,1.15,483,483,189,189,232,232,0,0
23,95,4.99,575,575,292,292,214,214,0,0
23,98,1.08,256,256,5,5,252,252,0,0
23,99,3.77,483,483,414,414,23,23,0,0
23,100,3.75,566,566,487,487,26,26,0,0
23,101,1,117,117,117,117,0,0,0,0
23,102,2.89,313,313,249,249,64,64,0,0
23,103,3.08,699,699,565,565,134,134,0,0
23,104,5.05,1029,1029,175,175,854,854,0,0
23,105,1.35,202,202,25,25,127,127,0,0
23,106,0.72,111,111,0,0,111,111,0,0
23,107,1.22,86,86,0,0,86,86,0,0
23,118,0.78,43,43,0,0,43,43,0,0
23,119,1.39,217,217,205,205,12,12,0,0
23,120,0.88,239,239,5,5,234,234,0,0
23,121,0.12,33,33,0,0,33,33,0,0
23,122,1,32,32,32,32,0,0,0,0
24,74,1.06,40,40,10,10,10,10,0,0
24,82,1.95,926,926,926,926,0,0,0,0
24,83,0.4,502,502,502,502,0,0,0,0
24,84,0.36,601,601,601,601,0,0,0,0
24,87,0.83,854,854,854,854,0,0,0,0
24,88,1.07,514,514,380,380,0,0,135,135
24,89,1.9,1527,1527,0,0,0,0,1527,1527
24,90,1.6,1147,1147,1147,1147,0,0,0,0
24,91,2,1940,1940,1940,1940,0,0,0,0
24,93,2.95,319,319,283,283,12,12,0,0
24,94,5.17,1920,1920,523,523,1374,1374,0,0
24,95,1.08,133,133,132,132,1,1,0,0
24,97,0.04,8,8,8,8,0,0,0,0
24,99,1.12,220,220,126,126,94,94,0,0
24,100,1,92,92,92,92,0,0,0,0
24,101,1.07,75,75,70,70,2,2,0,0
24,102,3.98,523,523,449,449,75,75,0,0
24,103,1.29,169,169,169,169,0,0,0,0
24,104,5.62,671,671,136,136,519,519,0,0
24,105,5.62,1990,1990,25,25,1914,1914,0,0
24,106,1.07,93,93,21,21,31,31,0,0
24,108,1,68,68,68,68,0,0,0,0
24,120,1,28,28,28,28,0,0,0,0
25,74,2,238,238,48,48,190,190,0,0
25,75,1,46,46,11,11,11,11,0,0
25,83,0.64,636,636,636,636,0,0,0,0
25,84,2.03,2462,2462,2462,2462,0,0,0,0
25,85,0.17,147,147,147,147,0,0,0,0
25,87,0.37,1370,1370,1370,1370,0,0,0,0
25,88,3.42,1941,1941,1941,1941,0,0,0,0
25,89,1.02,739,739,739,739,0,0,0,0
25,90,3.49,2222,2222,2213,2213,0,0,0,0
25,91,1.53,773,773,348,348,0,0,0,0
25,92,0.55,108,108,74,74,34,34,0,0
25,93,2.29,440,440,314,314,126,126,0,0
25,94,4.33,1118,1118,991,991,34,34,0,0
25,95,5.26,2449,2449,1736,1736,665,665,0,0
25,96,2.65,374,374,374,374,0,0,0,0
25,97,2.85,753,753,753,753,0,0,0,0
25,98,1.28,382,382,382,382,0,0,0,0
25,99,3.79,1138,1138,1045,1045,31,31,0,0
25,100,6,532,532,481,481,17,17,0,0
25,101,1.93,407,407,340,340,22,22,0,0
25,102,3.09,356,356,337,337,19,19,0,0
25,103,5.51,761,761,632,632,129,129,0,0
25,104,5.57,768,768,705,705,63,63,0,0
25,105,6.12,984,984,624,624,351,351,0,0
25,106,0.11,2,2,1,1,1,1,0,0
26,74,1,194,194,0,0,194,194,0,0
26,83,1.55,2081,2081,2081,2081,0,0,0,0
26,84,0.65,796,796,796,796,0,0,0,0
26,85,1.85,866,866,866,866,0,0,0,0
26,86,3.5,1296,1296,1296,1296,0,0,0,0
26,88,1.33,1251,1251,1251,1251,0,0,0,0
26,89,0.59,877,877,877,877,0,0,0,0
26,90,0.46,494,494,365,365,0,0,0,0
26,91,0.16,56,56,0,0,0,0,0,0
26,92,5.74,1151,1151,955,955,114,114,0,0
26,93,0.43,172,172,0,0,172,172,0,0
26,94,3.48,509,509,105,105,0,0,0,0
26,95,3.35,665,665,439,439,166,166,0,0
26,96,5.37,981,981,981,981,0,0,0,0
26,97,3.15,468,468,468,468,0,0,0,0
26,100,0.88,48,48,48,48,0,0,0,0
26,101,3.97,588,588,588,588,0,0,0,0
26,102,5.33,719,719,719,719,0,0,0,0
26,103,12.29,1786,1786,1786,1786,0,0,0,0
26,104,12.87,1778,1778,1748,1748,10,10,0,0
26,105,0.68,443,443,443,443,0,0,0,0
27,75,1,127,127,127,127,0,0,0,0
27,83,0.08,115,115,115,115,0,0,0,0
27,84,1.1,1949,1949,1949,1949,0,0,0,0
27,85,0.09,193,193,193,193,0,0,0,0
27,86,3.05,1291,1291,1291,1291,0,0,0,0
27,87,0.07,25,25,25,25,0,0,0,0
27,88,0.03,11,11,11,11,0,0,0,0
27,89,1.63,75,75,75,75,0,0,0,0
27,90,6,456,456,267,267,143,143,0,0
27,91,1,123,123,0,0,0,0,0,0
27,92,2.21,174,174,174,174,0,0,0,0
27,93,3.02,328,328,328,328,0,0,0,0
27,94,4.57,785,785,774,774,4,4,0,0
27,95,3.18,489,489,433,433,19,19,0,0
27,97,0.77,67,67,67,67,0,0,0,0
27,100,0.06,3,3,3,3,0,0,0,0
27,101,4.07,337,337,337,337,0,0,0,0
27,102,1.42,156,156,117,117,39,39,0,0
27,103,2.47,272,272,272,272,0,0,0,0
27,104,0.03,6,6,6,6,0,0,0,0
27,118,1,97,97,97,97,0,0,0,0
28,75,0.57,32,32,8,8,8,8,0,0
28,76,1.43,99,99,81,81,6,6,0,0
28,83,1.01,1419,1419,1419,1419,0,0,0,0
28,84,1.52,2190,2190,2190,2190,0,0,0,0
28,85,0.08,164,164,164,164,0,0,0,0
28,86,1,344,344,344,344,0,0,0,0
28,87,2.91,1849,1849,1849,1849,0,0,0,0
28,88,0.74,292,292,292,292,0,0,0,0
28,90,2,297,297,297,297,0,0,0,0
28,91,2.18,350,350,350,350,0,0,0,0
28,92,4.61,532,532,532,532,0,0,0,0
28,93,3.66,591,591,591,591,0,0,0,0
28,94,3.74,814,814,684,684,130,130,0,0
28,95,1.07,99,99,26,26,73,73,0,0
28,96,1,81,81,0,0,81,81,0,0
28,102,0.62,63,63,0,0,63,63,0,0
28,124,0.13,2,2,2,2,0,0,0,0
29,82,0.06,316,316,316,316,0,0,0,0
29,83,1.04,3440,3440,3440,3440,0,0,0,0
29,84,0.9,1138,1138,1138,1138,0,0,0,0
29,85,1.7,923,923,923,923,0,0,0,0
29,86,2.09,1574,1574,1574,1574,0,0,0,0
29,87,2.24,609,609,609,609,0,0,0,0
29,90,0.05,207,207,0,0,207,207,0,0
29,91,2.95,506,506,483,483,7,7,0,0
29,92,3.12,607,607,607,607,0,0,0,0
29,94,1,49,49,49,49,0,0,0,0
29,97,2,257,257,257,257,0,0,0,0
29,99,5.71,746,746,746,746,0,0,0,0
29,101,2,176,176,176,176,0,0,0,0
29,124,0.87,14,14,14,14,0,0,0,0
29,127,1,126,126,126,126,0,0,0,0
30,75,1,40,40,0,0,40,40,0,0
30,76,0.4,13,13,13,13,0,0,0,0
30,82,0.25,1294,1294,1294,1294,0,0,0,0
30,83,0.82,3147,3147,3147,3147,0,0,0,0
30,84,3.15,1800,1800,1800,1800,0,0,0,0
30,85,0.78,650,650,650,650,0,0,0,0
30,86,0.22,165,165,165,165,0,0,0,0
30,87,0.26,55,55,55,55,0,0,0,0
30,88,0.32,505,505,0,0,505,505,0,0
30,89,0.68,1067,1067,0,0,1067,1067,0,0
30,90,0.93,3631,3631,2,2,3629,3629,0,0
30,91,3.5,758,758,738,738,7,7,0,0
30,92,3.43,592,592,592,592,0,0,0,0
30,96,0.78,110,110,110,110,0,0,0,0
30,97,0.22,31,31,31,31,0,0,0,0
30,98,4.62,701,701,701,701,0,0,0,0
30,99,3.36,615,615,615,615,0,0,0,0
30,100,3.02,456,456,456,456,0,0,0,0
31,76,0.6,19,19,19,19,0,0,0,0
31,81,1.22,312,312,312,312,0,0,0,0
31,82,1.63,884,884,884,884,0,0,0,0
31,83,1.19,2003,2003,2003,2003,0,0,0,0
31,84,1.54,1303,1303,1303,1303,0,0,0,0
31,85,0.94,807,807,807,807,0,0,0,0
31,86,3.79,739,739,739,739,0,0,0,0
31,87,6.08,1489,1489,1489,1489,0,0,0,0
31,88,6.23,1471,1471,1382,1382,88,88,0,0
31,89,1.2,2033,2033,187,187,1846,1846,0,0
31,90,1,1108,1108,39,39,1069,1069,0,0
31,91,4.87,877,877,538,538,339,339,0,0
31,98,1.38,193,193,193,193,0,0,0,0
31,99,0.91,82,82,82,82,0,0,0,0
32,81,1.97,378,378,253,253,126,126,0,0
32,82,1,205,205,205,205,0,0,0,0
32,83,1.17,320,320,320,320,0,0,0,0
32,85,2,241,241,241,241,0,0,0,0
32,86,6.83,1427,1427,1427,1427,0,0,0,0
32,87,7.16,1302,1302,1302,1302,0,0,0,0
32,88,4.02,783,783,783,783,0,0,0,0
32,89,0.23,525,525,0,0,525,525,0,0
32,116,0.13,6,6,6,6,0,0,0,0
33,75,1,54,54,13,13,13,13,0,0
33,76,2,153,153,120,120,11,11,0,0
33,77,4,915,915,587,587,0,0,0,0
33,81,4.18,743,743,741,741,2,2,0,0
33,82,1,608,608,0,0,0,0,0,0
33,83,1,79,79,79,79,0,0,0,0
33,84,4,309,309,297,297,4,4,0,0
33,85,4,343,343,305,305,12,12,0,0
33,86,5.35,920,920,736,736,185,185,0,0
33,87,0.31,36,36,36,36,0,0,0,0
33,93,1,152,152,152,152,0,0,0,0
33,95,0.09,23,23,23,23,0,0,0,0
33,96,0.91,226,226,226,226,0,0,0,0
33,115,0.44,20,20,20,20,0,0,0,0
33,116,1.43,69,69,69,69,0,0,0,0
33,124,1,123,123,123,123,0,0,0,0
34,76,5.04,371,371,0,0,371,371,0,0
34,77,1.01,111,111,0,0,111,111,0,0
34,81,2.05,145,145,145,145,0,0,0,0
34,82,0.44,30,30,30,30,0,0,0,0
34,83,1.56,186,186,186,186,0,0,0,0
34,84,11.82,1717,1717,1691,1691,9,9,0,0
34,85,5.55,1473,1473,1460,1460,4,4,0,0
34,86,3.91,1101,1101,1094,1094,2,2,0,0
34,87,4.24,1192,1192,1066,1066,125,125,0,0
34,88,1,47,47,47,47,0,0,0,0
34,89,0.66,53,53,0,0,0,0,53,53
34,90,0.34,27,27,0,0,0,0,27,27
34,91,1.96,71,71,71,71,0,0,0,0
34,92,2.32,120,120,120,120,0,0,0,0
34,93,0.72,25,25,25,25,0,0,0,0
34,95,1,30,30,30,30,0,0,0,0
35,75,2.44,247,247,0,0,247,247,0,0
35,76,16.94,1853,1853,0,0,1853,1853,0,0
35,77,6.35,735,735,80,80,656,656,0,0
35,80,0.88,277,277,277,277,0,0,0,0
35,81,2.42,886,886,886,886,0,0,0,0
35,82,2.19,126,126,126,126,0,0,0,0
35,83,6.48,1025,1025,1025,1025,0,0,0,0
35,84,8.21,1543,1543,1543,1543,0,0,0,0
35,85,2.9,771,771,771,771,0,0,0,0
35,86,5.1,1337,1337,1337,1337,0,0,0,0
35,87,2.14,870,870,870,870,0,0,0,0
35,88,1.64,372,372,372,372,0,0,0,0
35,89,1,261,261,261,261,0,0,0,0
35,94,1,26,26,0,0,26,26,0,0
35,114,1,47,47,47,47,0,0,0,0
35,117,1,47,47,47,47,0,0,0,0
36,76,4.23,426,426,336,336,90,90,0,0
36,77,7.07,867,867,786,786,27,27,0,0
36,79,0.19,85,85,85,85,0,0,0,0
36,80,3.23,1105,1105,1105,1105,0,0,0,0
36,81,3,431,431,431,431,0,0,0,0
36,82,1.64,1166,1166,1166,1166,0,0,0,0
36,83,6.41,804,804,682,682,101,101,0,0
36,84,4.96,984,984,984,984,0,0,0,0
36,85,7.65,1248,1248,1248,1248,0,0,0,0
36,86,2.47,857,857,857,857,0,0,0,0
36,87,6.7,1391,1391,1391,1391,0,0,0,0
36,88,4.39,1382,1382,1382,1382,0,0,0,0
36,89,0.64,410,410,410,410,0,0,0,0
36,127,1,19,19,19,19,0,0,0,0
37,76,7.08,1163,1163,1163,1163,0,0,0,0
37,77,14.68,2026,2026,1964,1964,21,21,0,0
37,78,4.46,567,567,567,567,0,0,0,0
37,80,1.28,333,333,333,333,0,0,0,0
37,82,4.69,818,818,818,818,0,0,0,0
37,83,4.43,659,659,659,659,0,0,0,0
37,84,4.76,767,767,767,767,0,0,0,0
37,85,8.37,1625,1625,1625,1625,0,0,0,0
37,86,7.12,2058,2058,2058,2058,0,0,0,0
37,87,3.23,880,880,880,880,0,0,0,0
37,88,3,537,537,517,517,7,7,0,0
37,90,0.89,134,134,134,134,0,0,0,0
38,76,5.14,702,702,532,532,170,170,0,0
38,77,10.74,1444,1444,1395,1395,16,16,0,0
38,78,5.59,915,915,625,625,290,290,0,0
38,79,7.36,757,757,666,666,91,91,0,0
38,80,3.2,523,523,523,523,0,0,0,0
38,81,0.85,182,182,182,182,0,0,0,0
38,82,5.28,771,771,771,771,0,0,0,0
38,83,4,956,956,956,956,0,0,0,0
38,84,5.15,1032,1032,1032,1032,0,0,0,0
38,85,8.91,1571,1571,1571,1571,0,0,0,0
38,86,0.21,17,17,17,17,0,0,0,0
38,87,4.8,632,632,632,632,0,0,0,0
38,88,1.84,740,740,719,719,7,7,0,0
38,89,1.85,64,64,34,34,10,10,0,0
38,90,2.42,251,251,186,186,65,65,0,0
38,114,1.02,1271,1271,1271,1271,0,0,0,0
39,76,1.5,321,321,321,321,0,0,0,0
39,77,5.01,661,661,630,630,0,0,0,0
39,78,6.15,957,957,638,638,220,220,0,0
39,79,8.29,1299,1299,1299,1299,0,0,0,0
39,80,9.76,2108,2108,2108,2108,0,0,0,0
39,81,7.45,1780,1780,1780,1780,0,0,0,0
39,82,6.41,1223,1223,1071,1071,152,152,0,0
39,83,3.13,378,378,289,289,73,73,0,0
39,84,7.54,1187,1187,1021,1021,137,137,0,0
39,85,3.44,708,708,708,708,0,0,0,0
39,86,1,126,126,126,126,0,0,0,0
39,87,1,147,147,147,147,0,0,0,0
39,90,2,162,162,64,64,99,99,0,0
39,114,0.98,1040,1040,1040,1040,0,0,0,0
39,119,2,731,731,0,0,731,731,0,0
39,127,2,184,184,46,46,46,46,0,0
40,76,3.48,679,679,679,679,0,0,0,0
40,77,4.16,758,758,758,758,0,0,0,0
40,78,5.78,596,596,596,596,0,0,0,0
40,79,6.82,1239,1239,1239,1239,0,0,0,0
40,80,6.39,1376,1376,1376,1376,0,0,0,0
40,81,0.82,1356,1356,1356,1356,0,0,0,0
40,82,1.11,221,221,221,221,0,0,0,0
40,83,6.78,1327,1327,1327,1327,0,0,0,0
40,84,3.92,526,526,519,519,2,2,0,0
40,85,4.13,428,428,372,372,18,18,0,0
40,86,4,403,403,403,403,0,0,0,0
40,87,0.36,23,23,23,23,0,0,0,0
40,113,1,99,99,99,99,0,0,0,0
41,76,4,802,802,802,802,0,0,0,0
41,77,8.29,992,992,992,992,0,0,0,0
41,78,6.79,1036,1036,1036,1036,0,0,0,0
41,79,2.49,788,788,788,788,0,0,0,0
41,80,5.78,1046,1046,1046,1046,0,0,0,0
41,81,5.07,737,737,737,737,0,0,0,0
41,82,2.62,541,541,541,541,0,0,0,0
41,84,4.69,601,601,594,594,2,2,0,0
41,85,1.79,279,279,279,279,0,0,0,0
41,87,0.64,41,41,41,41,0,0,0,0
41,88,0.8,164,164,164,164,0,0,0,0
41,89,0.51,61,61,46,46,5,5,0,0
41,118,2,91,91,91,91,0,0,0,0
41,121,1,38,38,9,9,9,9,0,0
41,122,1,21,21,21,21,0,0,0,0
42,76,6.17,1110,1110,1110,1110,0,0,0,0
42,77,4.57,860,860,860,860,0,0,0,0
42,78,5.36,941,941,941,941,0,0,0,0
42,79,2,303,303,303,303,0,0,0,0
42,80,6.16,1205,1205,1205,1205,0,0,0,0
42,81,5.32,1077,1077,1077,1077,0,0,0,0
42,82,4.5,867,867,867,867,0,0,0,0
42,83,1.12,249,249,249,249,0,0,0,0
42,86,1.21,202,202,202,202,0,0,0,0
42,87,3.95,562,562,516,516,15,15,0,0
42,88,0.87,142,142,142,142,0,0,0,0
42,89,1.69,120,120,88,88,11,11,0,0
42,91,1,82,82,82,82,0,0,0,0
42,92,0.65,172,172,0,0,0,0,172,172
42,93,0.35,92,92,0,0,0,0,92,92
42,122,1.31,606,606,606,606,0,0,0,0
42,123,0.69,188,188,188,188,0,0,0,0
42,124,1,46,46,46,46,0,0,0,0
42,125,1,201,201,201,201,0,0,0,0
43,76,8.74,1366,1366,1327,1327,13,13,0,0
43,77,7.23,1751,1751,1751,1751,0,0,0,0
43,78,1.26,246,246,246,246,0,0,0,0
43,79,0.2,18,18,18,18,0,0,0,0
43,80,4.24,869,869,507,507,0,0,361,361
43,81,5.22,1934,1934,863,863,0,0,1071,1071
43,82,4.95,1261,1261,1197,1197,21,21,0,0
43,83,6.1,850,850,809,809,14,14,0,0
43,86,0.05,9,9,9,9,0,0,0,0
43,87,3.92,451,451,451,451,0,0,0,0
43,88,1,247,247,247,247,0,0,0,0
43,89,1.9,536,536,536,536,0,0,0,0
43,90,2.72,320,320,320,320,0,0,0,0
43,91,1,174,174,174,174,0,0,0,0
43,92,1.87,176,176,176,176,0,0,0,0
43,93,1.51,76,76,76,76,0,0,0,0
43,111,0.01,4,4,4,4,0,0,0,0
43,113,1,69,69,69,69,0,0,0,0
43,122,1,40,40,40,40,0,0,0,0
43,123,1.07,495,495,495,495,0,0,0,0
43,127,3.56,217,217,140,140,77,77,0,0
44,76,5.89,984,984,984,984,0,0,0,0
44,77,7.27,1260,1260,1230,1230,10,10,0,0
44,78,1.4,364,364,364,364,0,0,0,0
44,80,2.19,233,233,233,233,0,0,0,0
44,81,5.32,1112,1112,1031,1031,81,81,0,0
44,82,1.45,253,253,253,253,0,0,0,0
44,86,2,234,234,234,234,0,0,0,0
44,87,3,357,357,357,357,0,0,0,0
44,88,6,697,697,430,430,0,0,0,0
44,89,5.1,989,989,989,989,0,0,0,0
44,90,3.28,399,399,399,399,0,0,0,0
44,92,1.56,164,164,164,164,0,0,0,0
44,93,3.11,310,310,286,286,8,8,0,0
44,94,1.61,121,121,121,121,0,0,0,0
44,110,0.23,37,37,37,37,0,0,0,0
44,111,5.99,910,910,805,805,105,105,0,0
44,112,0.24,79,79,79,79,0,0,0,0
44,116,1.11,140,140,140,140,0,0,0,0
44,117,0.48,56,56,14,14,14,14,0,0
44,118,0.52,59,59,15,15,15,15,0,0
44,119,1,50,50,50,50,0,0,0,0
44,123,0.93,52,52,52,52,0,0,0,0
44,127,1.44,55,55,55,55,0,0,0,0
45,75,0.57,112,112,112,112,0,0,0,0
45,76,3.41,466,466,466,466,0,0,0,0
45,77,5.68,1193,1193,1193,1193,0,0,0,0
45,78,5.02,781,781,781,781,0,0,0,0
45,79,1.9,271,271,271,271,0,0,0,0
45,80,0.62,35,35,35,35,0,0,0,0
45,81,0.84,62,62,62,62,0,0,0,0
45,82,1.17,155,155,155,155,0,0,0,0
45,83,1.58,85,85,43,43,14,14,0,0
45,86,1.51,112,112,112,112,0,0,0,0
45,87,3.03,309,309,309,309,0,0,0,0
45,88,0.97,150,150,150,150,0,0,0,0
45,89,1,45,45,45,45,0,0,0,0
45,90,1,44,44,44,44,0,0,0,0
45,91,1.58,237,237,237,237,0,0,0,0
45,93,6.91,888,888,766,766,122,122,0,0
45,94,4.15,465,465,465,465,0,0,0,0
45,95,3.26,240,240,240,240,0,0,0,0
45,96,1.02,110,110,110,110,0,0,0,0
45,100,0.02,1,1,1,1,0,0,0,0
45,109,0.69,53,53,53,53,0,0,0,0
45,110,2.88,277,277,243,243,11,11,0,0
45,111,4.89,449,449,449,449,0,0,0,0
45,112,2.28,451,451,451,451,0,0,0,0
45,113,2.48,209,209,155,155,18,18,0,0
45,115,0.22,32,32,32,32,0,0,0,0
45,116,4.85,822,822,766,766,19,19,0,0
45,117,1.3,196,196,196,196,0,0,0,0
45,118,0.7,59,59,59,59,0,0,0,0
45,125,0.72,219,219,219,219,0,0,0,0
45,126,3.28,441,441,441,441,0,0,0,0
46,75,2.06,490,490,490,490,0,0,0,0
46,76,0.93,1389,1389,1389,1389,0,0,0,0
46,77,3.06,508,508,508,508,0,0,0,0
46,78,6.3,1369,1369,1369,1369,0,0,0,0
46,79,3.06,587,587,582,582,5,5,0,0
46,80,4.63,513,513,448,448,21,21,0,0
46,82,3.28,320,320,320,320,0,0,0,0
46,83,2.05,223,223,194,194,10,10,0,0
46,84,3,254,254,254,254,0,0,0,0
46,85,3,254,254,254,254,0,0,0,0
46,86,2.11,255,255,255,255,0,0,0,0
46,87,1.39,98,98,98,98,0,0,0,0
46,88,3,349,349,349,349,0,0,0,0
46,89,1,78,78,78,78,0,0,0,0
46,90,3.73,262,262,262,262,0,0,0,0
46,91,1.69,228,228,228,228,0,0,0,0
46,92,3.77,506,506,408,408,98,98,0,0
46,93,1.37,90,90,90,90,0,0,0,0
46,94,2.05,212,212,212,212,0,0,0,0
46,95,11.19,1559,1559,1559,1559,0,0,0,0
46,96,6.78,796,796,796,796,0,0,0,0
46,98,1,34,34,34,34,0,0,0,0
46,100,0.98,62,62,62,62,0,0,0,0
46,107,1,51,51,51,51,0,0,0,0
46,109,3.59,702,702,630,630,72,72,0,0
46,110,1.07,49,49,21,21,10,10,0,0
46,111,1,239,239,239,239,0,0,0,0
46,113,2,168,168,138,138,10,10,0,0
46,114,0.15,43,43,43,43,0,0,0,0
46,115,3.48,809,809,809,809,0,0,0,0
46,116,0.19,21,21,21,21,0,0,0,0
46,125,0.27,291,291,291,291,0,0,0,0
46,126,0.53,344,344,344,344,0,0,0,0
46,127,1.13,1650,1650,643,643,336,336,0,0
47,75,3,692,692,692,692,0,0,0,0
47,76,4.5,955,955,955,955,0,0,0,0
47,77,7.5,837,837,837,837,0,0,0,0
47,78,5.84,753,753,753,753,0,0,0,0
47,79,1.97,172,172,96,96,76,76,0,0
47,80,0.32,58,58,58,58,0,0,0,0
47,82,4.22,406,406,406,406,0,0,0,0
47,83,3.68,299,299,266,266,11,11,0,0
47,87,1,220,220,220,220,0,0,0,0
47,89,1,161,161,161,161,0,0,0,0
47,90,0.35,172,172,172,172,0,0,0,0
47,91,0.01,5,5,5,5,0,0,0,0
47,92,3.23,414,414,282,282,132,132,0,0
47,93,6.79,907,907,889,889,18,18,0,0
47,94,3.98,571,571,571,571,0,0,0,0
47,95,3.89,555,555,555,555,0,0,0,0
47,97,3,241,241,241,241,0,0,0,0
47,106,1,52,52,52,52,0,0,0,0
47,108,1,119,119,119,119,0,0,0,0
47,109,2.57,284,284,264,264,20,20,0,0
47,110,0.09,13,13,13,13,0,0,0,0
47,116,2,155,155,72,72,27,27,0,0
47,117,1,47,47,47,47,0,0,0,0
47,118,0.81,573,573,573,573,0,0,0,0
47,125,0.73,803,803,803,803,0,0,0,0
47,126,0.01,18,18,5,5,5,5,0,0
47,127,1.33,888,888,170,170,377,377,0,0
48,74,2.88,1189,1189,1189,1189,0,0,0,0
48,75,2.4,442,442,442,442,0,0,0,0
48,76,7.16,1101,1101,1101,1101,0,0,0,0
48,77,2.88,268,268,268,268,0,0,0,0
48,78,3.49,353,353,353,353,0,0,0,0
48,79,5.87,976,976,976,976,0,0,0,0
48,80,6.04,587,587,587,587,0,0,0,0
48,81,2.13,203,203,203,203,0,0,0,0
48,82,1.1,87,87,87,87,0,0,0,0
48,83,1.37,131,131,131,131,0,0,0,0
48,84,0.63,82,82,82,82,0,0,0,0
48,86,1.9,309,309,309,309,0,0,0,0
48,87,6.69,976,976,976,976,0,0,0,0
48,88,1,73,73,73,73,0,0,0,0
48,89,2.49,321,321,180,180,141,141,0,0
48,90,2.94,1030,1030,1030,1030,0,0,0,0
48,91,1.21,169,169,119,119,17,17,0,0
48,92,2.15,367,367,210,210,157,157,0,0
48,93,2.99,502,502,8,8,494,494,0,0
48,94,2.87,110,110,60,60,50,50,0,0
48,95,2.22,122,122,122,122,0,0,0,0
48,96,1,188,188,0,0,188,188,0,0
48,98,2,846,846,846,846,0,0,0,0
48,100,0.12,9,9,9,9,0,0,0,0
48,101,1.01,52,52,52,52,0,0,0,0
48,107,3,451,451,451,451,0,0,0,0
48,109,0.74,37,37,37,37,0,0,0,0
48,110,1,43,43,43,43,0,0,0,0
48,111,1.13,178,178,174,174,4,4,0,0
48,112,0.25,26,26,26,26,0,0,0,0
48,114,1,39,39,39,39,0,0,0,0
48,116,1,39,39,39,39,0,0,0,0
48,118,1.14,162,162,123,123,13,13,0,0
48,119,1.05,92,92,91,91,1,1,0,0
49,73,0.9,313,313,313,313,0,0,0,0
49,74,5.23,1172,1172,1172,1172,0,0,0,0
49,75,5.04,1479,1479,1479,1479,0,0,0,0
49,76,3,378,378,378,378,0,0,0,0
49,77,1.95,281,281,281,281,0,0,0,0
49,78,2.27,312,312,312,312,0,0,0,0
49,79,2.66,385,385,385,385,0,0,0,0
49,80,0.48,59,59,59,59,0,0,0,0
49,81,1.45,307,307,307,307,0,0,0,0
49,86,1.88,537,537,537,537,0,0,0,0
49,87,2.52,335,335,335,335,0,0,0,0
49,90,3.84,970,970,946,946,8,8,0,0
49,91,0.16,6,6,2,2,1,1,0,0
49,92,1.67,138,138,138,138,0,0,0,0
49,93,2.94,529,529,235,235,295,295,0,0
49,94,1.58,286,286,286,286,0,0,0,0
49,95,7.06,1044,1044,599,599,446,446,0,0
49,96,1.22,256,256,256,256,0,0,0,0
49,97,4.34,736,736,736,736,0,0,0,0
49,100,0.38,29,29,29,29,0,0,0,0
49,101,0.49,38,38,38,38,0,0,0,0
49,103,2,136,136,0,0,136,136,0,0
49,104,3.02,997,997,997,997,0,0,0,0
49,105,1.98,233,233,233,233,0,0,0,0
49,107,4,257,257,257,257,0,0,0,0
49,108,1,69,69,69,69,0,0,0,0
49,109,0.26,13,13,13,13,0,0,0,0
49,110,1,70,70,70,70,0,0,0,0
49,111,2.37,363,363,334,334,29,29,0,0
49,112,3.59,935,935,935,935,0,0,0,0
49,119,0.59,1002,1002,0,0,1002,1002,0,0
49,120,0.41,686,686,0,0,686,686,0,0
50,73,4.67,1524,1524,1524,1524,0,0,0,0
50,74,2.39,967,967,967,967,0,0,0,0
50,75,1.79,409,409,409,409,0,0,0,0
50,76,6.34,1011,1011,862,862,50,50,0,0
50,77,1.02,191,191,191,191,0,0,0,0
50,78,5.73,683,683,683,683,0,0,0,0
50,79,5.31,983,983,780,780,203,203,0,0
50,80,4.62,599,599,599,599,0,0,0,0
50,81,0.32,81,81,81,81,0,0,0,0
50,85,1,50,50,50,50,0,0,0,0
50,88,2,96,96,96,96,0,0,0,0
50,89,1,111,111,111,111,0,0,0,0
50,91,4.93,1403,1403,1403,1403,0,0,0,0
50,92,2.07,149,149,149,149,0,0,0,0
50,93,0.52,66,66,66,66,0,0,0,0
50,94,2.84,402,402,258,258,143,143,0,0
50,95,5.94,710,710,710,710,0,0,0,0
50,96,4.44,792,792,690,690,102,102,0,0
50,97,7.79,1195,1195,918,918,276,276,0,0
50,98,2.2,339,339,339,339,0,0,0,0
50,99,0.07,9,9,9,9,0,0,0,0
50,111,3.67,897,897,503,503,395,395,0,0
50,112,0.05,3,3,0,0,0,0,0,0
50,113,0.95,51,51,0,0,0,0,0,0
50,114,1,70,70,70,70,0,0,0,0
50,117,2,1198,1198,14,14,1157,1157,0,0
51,72,0.31,59,59,59,59,0,0,0,0
51,73,7.83,1559,1559,1359,1359,200,200,0,0
51,74,1.38,786,786,786,786,0,0,0,0
51,75,1,490,490,490,490,0,0,0,0
51,76,2.64,1252,1252,293,293,959,959,0,0
51,78,3.52,491,491,491,491,0,0,0,0
51,79,3.66,528,528,528,528,0,0,0,0
51,80,1.98,288,288,288,288,0,0,0,0
51,83,0.24,39,39,39,39,0,0,0,0
51,84,1.76,158,158,158,158,0,0,0,0
51,90,2.18,126,126,108,108,18,18,0,0
51,91,1,46,46,46,46,0,0,0,0
51,92,3,452,452,452,452,0,0,0,0
51,93,4.3,1095,1095,731,731,364,364,0,0
51,94,0.88,131,131,55,55,77,77,0,0
51,95,5,576,576,576,576,0,0,0,0
51,96,3.23,465,465,252,252,213,213,0,0
51,97,5.97,772,772,683,683,89,89,0,0
51,98,2.73,338,338,338,338,0,0,0,0
51,105,0.34,85,85,85,85,0,0,0,0
51,106,0.66,163,163,163,163,0,0,0,0
51,112,1,732,732,732,732,0,0,0,0
51,114,3.82,953,953,953,953,0,0,0,0
51,116,0.78,188,188,0,0,188,188,0,0
51,117,2.23,933,933,0,0,933,933,0,0
51,118,0.99,440,440,0,0,440,440,0,0
51,119,0.13,6,6,6,6,0,0,0,0
52,71,0.89,219,219,219,219,0,0,0,0
52,72,3.32,278,278,171,171,36,36,0,0
52,73,2.97,355,355,355,355,0,0,0,0
52,74,4.57,632,632,632,632,0,0,0,0
52,75,5.44,1102,1102,1102,1102,0,0,0,0
52,76,2.9,1117,1117,1117,1117,0,0,0,0
52,77,1.39,232,232,232,232,0,0,0,0
52,78,3.41,277,277,249,249,9,9,0,0
52,79,3.81,691,691,691,691,0,0,0,0
52,80,4.43,513,513,513,513,0,0,0,0
52,81,2.04,194,194,162,162,11,11,0,0
52,83,2.39,406,406,406,406,0,0,0,0
52,89,1,112,112,112,112,0,0,0,0
52,90,4.43,639,639,639,639,0,0,0,0
52,91,4,460,460,398,398,62,62,0,0
52,92,4,495,495,495,495,0,0,0,0
52,93,2.48,322,322,322,322,0,0,0,0
52,94,1.24,176,176,176,176,0,0,0,0
52,95,3.51,632,632,378,378,253,253,0,0
52,96,0.51,158,158,0,0,158,158,0,0
52,97,4,783,783,518,518,0,0,0,0
52,100,1,38,38,38,38,0,0,0,0
52,102,0.64,40,40,40,40,0,0,0,0
52,104,1.92,652,652,652,652,0,0,0,0
52,105,1.08,93,93,93,93,0,0,0,0
52,108,1,53,53,53,53,0,0,0,0
52,114,1.18,37,37,3,3,34,34,0,0
52,116,0.24,22,22,22,22,0,0,0,0
52,119,1.78,130,130,130,130,0,0,0,0
52,120,0.09,9,9,9,9,0,0,0,0
52,122,1,17,17,17,17,0,0,0,0
52,125,1,26,26,26,26,0,0,0,0
52,126,1,33,33,0,0,0,0,0,0
53,69,1.31,873,873,873,873,0,0,0,0
53,70,6.45,742,742,742,742,0,0,0,0
53,71,6.91,895,895,871,871,8,8,0,0
53,72,1.94,385,385,385,385,0,0,0,0
53,73,1,260,260,260,260,0,0,0,0
53,74,6.33,1091,1091,1091,1091,0,0,0,0
53,75,9.94,1644,1644,1644,1644,0,0,0,0
53,76,4.97,912,912,912,912,0,0,0,0
53,77,0.97,161,161,161,161,0,0,0,0
53,78,4.59,432,432,432,432,0,0,0,0
53,79,1.19,160,160,160,160,0,0,0,0
53,80,4.16,519,519,496,496,8,8,0,0
53,81,3.76,678,678,678,678,0,0,0,0
53,83,2.61,221,221,221,221,0,0,0,0
53,88,1.86,101,101,101,101,0,0,0,0
53,89,6,678,678,678,678,0,0,0,0
53,90,0.39,98,98,98,98,0,0,0,0
53,92,1,35,35,35,35,0,0,0,0
53,93,4.21,559,559,559,559,0,0,0,0
53,94,0.07,14,14,14,14,0,0,0,0
53,95,2.75,571,571,571,571,0,0,0,0
53,96,4.17,647,647,647,647,0,0,0,0
53,97,3.05,391,391,391,391,0,0,0,0
53,98,2.82,466,466,466,466,0,0,0,0
53,102,0.36,23,23,23,23,0,0,0,0
53,103,3,509,509,509,509,0,0,0,0
53,107,1,51,51,51,51,0,0,0,0
53,108,2,130,130,53,53,76,76,0,0
53,116,1.76,367,367,367,367,0,0,0,0
53,121,1,17,17,17,17,0,0,0,0
54,67,1.85,269,269,269,269,0,0,0,0
54,68,7.9,1566,1566,1517,1517,16,16,0,0
54,69,2.87,531,531,531,531,0,0,0,0
54,70,1.55,107,107,107,107,0,0,0,0
54,71,5.52,636,636,636,636,0,0,0,0
54,72,0.94,60,60,60,60,0,0,0,0
54,73,4.07,868,868,839,839,0,0,0,0
54,74,7.83,1320,1320,1271,1271,11,11,0,0
54,75,5.85,1147,1147,1113,1113,11,11,0,0
54,76,2.63,766,766,766,766,0,0,0,0
54,77,2.61,307,307,307,307,0,0,0,0
54,78,4.02,660,660,660,660,0,0,0,0
54,79,1.03,68,68,68,68,0,0,0,0
54,80,1.18,155,155,155,155,0,0,0,0
54,81,4.89,453,453,338,338,115,115,0,0
54,88,1.13,272,272,272,272,0,0,0,0
54,89,1.01,138,138,138,138,0,0,0,0
54,94,2,381,381,381,381,0,0,0,0
54,95,3.22,386,386,386,386,0,0,0,0
54,96,1,124,124,124,124,0,0,0,0
54,98,1.18,117,117,117,117,0,0,0,0
54,104,1,72,72,72,72,0,0,0,0
54,105,1,353,353,353,353,0,0,0,0
54,112,1,259,259,259,259,0,0,0,0
54,114,1,20,20,20,20,0,0,0,0
54,116,1,93,93,93,93,0,0,0,0
54,119,1,16,16,16,16,0,0,0,0
55,67,4.09,684,684,684,684,0,0,0,0
55,68,4.39,539,539,539,539,0,0,0,0
55,69,7.83,972,972,972,972,0,0,0,0
55,70,0.99,66,66,66,66,0,0,0,0
55,71,7.94,1129,1129,1129,1129,0,0,0,0
55,72,6.63,1606,1606,883,883,723,723,0,0
55,73,3.3,1232,1232,1232,1232,0,0,0,0
55,74,6.62,1504,1504,1504,1504,0,0,0,0
55,75,1.72,445,445,445,445,0,0,0,0
55,76,2.03,897,897,897,897,0,0,0,0
55,77,6.56,716,716,716,716,0,0,0,0
55,78,4.14,526,526,526,526,0,0,0,0
55,79,5.41,461,461,461,461,0,0,0,0
55,80,3.81,458,458,254,254,203,203,0,0
55,81,3.19,254,254,254,254,0,0,0,0
55,82,0.99,108,108,108,108,0,0,0,0
55,87,2.58,1143,1143,1143,1143,0,0,0,0
55,89,0.96,41,41,41,41,0,0,0,0
55,90,0.04,2,2,2,2,0,0,0,0
55,91,1.11,96,96,96,96,0,0,0,0
55,92,3.13,361,361,361,361,0,0,0,0
55,94,2.9,298,298,273,273,9,9,0,0
55,95,0.88,110,110,110,110,0,0,0,0
55,106,2,360,360,33,33,327,327,0,0
55,108,1.15,248,248,248,248,0,0,0,0
55,114,1,42,42,42,42,0,0,0,0
55,121,0.05,1,1,1,1,0,0,0,0
55,126,1,39,39,10,10,10,10,0,0
55,127,1.4,181,181,109,109,24,24,0,0
56,65,0.15,95,95,24,24,72,72,0,0
56,66,4.35,1033,1033,1033,1033,0,0,0,0
56,67,8.8,1264,1264,1264,1264,0,0,0,0
56,68,7.45,853,853,853,853,0,0,0,0
56,69,4.55,726,726,726,726,0,0,0,0
56,70,6.15,559,559,559,559,0,0,0,0
56,71,6.19,864,864,864,864,0,0,0,0
56,72,4.89,1438,1438,698,698,740,740,0,0
56,73,3.2,530,530,388,388,142,142,0,0
56,74,2,41,41,41,41,0,0,0,0
56,77,1,177,177,177,177,0,0,0,0
56,78,1.09,97,97,97,97,0,0,0,0
56,79,3.29,252,252,252,252,0,0,0,0
56,80,0.24,31,31,31,31,0,0,0,0
56,81,6.15,614,614,577,577,12,12,0,0
56,82,3.01,310,310,310,310,0,0,0,0
56,83,0.47,41,41,41,41,0,0,0,0
56,87,1.42,368,368,318,318,0,0,50,50
56,89,1,46,46,46,46,0,0,0,0
56,91,4.37,357,357,335,335,7,7,0,0
56,92,2.48,233,233,233,233,0,0,0,0
56,95,2,292,292,292,292,0,0,0,0
56,101,1,85,85,21,21,21,21,0,0
56,103,1,286,286,286,286,0,0,0,0
56,104,0.6,98,98,98,98,0,0,0,0
56,105,0.4,65,65,65,65,0,0,0,0
56,106,1,32,32,32,32,0,0,0,0
56,108,0.85,272,272,272,272,0,0,0,0
56,110,1,189,189,189,189,0,0,0,0
56,113,1,58,58,0,0,58,58,0,0
56,114,0.24,10,10,2,2,2,2,0,0
56,117,1,50,50,12,12,12,12,0,0
56,118,1.64,108,108,35,35,0,0,0,0
56,121,0.95,23,23,23,23,0,0,0,0
56,122,1,12,12,12,12,0,0,0,0
57,64,1,218,218,218,218,0,0,0,0
57,65,2.73,1043,1043,366,366,677,677,0,0
57,66,8.58,1610,1610,1610,1610,0,0,0,0
57,67,6.51,1434,1434,1434,1434,0,0,0,0
57,68,4.78,1322,1322,1285,1285,13,13,0,0
57,69,4.43,598,598,598,598,0,0,0,0
57,70,2.96,295,295,295,295,0,0,0,0
57,71,1.36,106,106,106,106,0,0,0,0
57,72,5.68,1123,1123,1123,1123,0,0,0,0
57,73,1.84,128,128,128,128,0,0,0,0
57,74,2.07,386,386,386,386,0,0,0,0
57,75,2.07,267,267,267,267,0,0,0,0
57,76,2.02,383,383,383,383,0,0,0,0
57,77,1,94,94,94,94,0,0,0,0
57,78,3.33,544,544,544,544,0,0,0,0
57,79,1.67,328,328,328,328,0,0,0,0
57,80,2,576,576,130,130,0,0,0,0
57,81,4.85,666,666,665,665,0,0,0,0
57,83,0.53,46,46,46,46,0,0,0,0
57,90,1,39,39,39,39,0,0,0,0
57,91,0.91,177,177,176,176,0,0,0,0
57,95,3.08,314,314,314,314,0,0,0,0
57,96,3.66,405,405,405,405,0,0,0,0
57,101,2,267,267,267,267,0,0,0,0
57,102,1,55,55,55,55,0,0,0,0
57,103,2,74,74,44,44,10,10,0,0
57,114,6.76,767,767,694,694,24,24,0,0
57,118,0.36,20,20,20,20,0,0,0,0
57,122,1,156,156,156,156,0,0,0,0
58,64,4.84,924,924,924,924,0,0,0,0
58,65,1.78,502,502,502,502,0,0,0,0
58,66,4.61,945,945,870,870,74,74,0,0
58,67,10.68,1808,1808,1642,1642,157,157,0,0
58,68,1.01,560,560,560,560,0,0,0,0
58,69,2.03,796,796,796,796,0,0,0,0
58,70,5,333,333,333,333,0,0,0,0
58,71,5.94,808,808,542,542,266,266,0,0
58,72,2.11,224,224,224,224,0,0,0,0
58,73,2,232,232,123,123,36,36,0,0
58,75,1,149,149,149,149,0,0,0,0
58,77,3.71,891,891,891,891,0,0,0,0
58,78,1.11,75,75,75,75,0,0,0,0
58,94,1,125,125,125,125,0,0,0,0
58,95,4.75,606,606,606,606,0,0,0,0
58,96,4.52,639,639,639,639,0,0,0,0
58,99,2,108,108,55,55,53,53,0,0
58,100,1,47,47,47,47,0,0,0,0
58,101,0.97,61,61,61,61,0,0,0,0
58,102,0.81,347,347,347,347,0,0,0,0
58,112,1,125,125,125,125,0,0,0,0
58,114,4.55,398,398,354,354,15,15,0,0
58,116,0.77,87,87,22,22,22,22,0,0
58,117,0.82,69,69,69,69,0,0,0,0
58,122,0.81,300,300,75,75,75,75,0,0
58,123,1.19,97,97,43,43,18,18,0,0
59,64,6.28,734,734,734,734,0,0,0,0
59,65,7.99,1261,1261,1261,1261,0,0,0,0
59,66,10.88,2161,2161,2161,2161,0,0,0,0
59,67,8.45,1382,1382,1382,1382,0,0,0,0
59,68,4.36,1276,1276,1276,1276,0,0,0,0
59,69,3.76,817,817,817,817,0,0,0,0
59,70,2.7,546,546,546,546,0,0,0,0
59,71,0.1,47,47,47,47,0,0,0,0
59,72,1.02,1130,1130,23,23,1108,1108,0,0
59,73,1.95,295,295,295,295,0,0,0,0
59,74,1,174,174,174,174,0,0,0,0
59,75,0.41,120,120,120,120,0,0,0,0
59,76,5.84,839,839,839,839,0,0,0,0
59,77,8.53,1176,1176,1115,1115,20,20,0,0
59,78,4,340,340,340,340,0,0,0,0
59,79,1.67,120,120,120,120,0,0,0,0
59,80,2.33,220,220,131,131,90,90,0,0
59,84,1,217,217,217,217,0,0,0,0
59,85,1,86,86,86,86,0,0,0,0
59,86,3.74,432,432,432,432,0,0,0,0
59,87,0.51,36,36,36,36,0,0,0,0
59,88,3.76,531,531,531,531,0,0,0,0
59,89,1.18,102,102,102,102,0,0,0,0
59,95,1.51,166,166,166,166,0,0,0,0
59,97,0.69,22,22,22,22,0,0,0,0
59,98,0.31,10,10,10,10,0,0,0,0
59,102,0.22,97,97,97,97,0,0,0,0
59,105,1.44,263,263,215,215,48,48,0,0
59,106,1.56,421,421,269,269,152,152,0,0
59,107,3,262,262,199,199,0,0,0,0
59,108,1,58,58,58,58,0,0,0,0
59,112,1.74,124,124,124,124,0,0,0,0
59,113,1.26,123,123,123,123,0,0,0,0
59,114,2.47,254,254,254,254,0,0,0,0
59,115,4.98,494,494,240,240,230,230,0,0
59,116,0.23,26,26,7,7,7,7,0,0
59,117,0.19,16,16,16,16,0,0,0,0
59,118,1,176,176,176,176,0,0,0,0
60,64,3.44,563,563,563,563,0,0,0,0
60,65,9.58,1563,1563,1533,1533,0,0,0,0
60,66,6.77,1150,1150,1150,1150,0,0,0,0
60,67,2.79,493,493,493,493,0,0,0,0
60,68,1,163,163,163,163,0,0,0,0
60,69,4.83,1585,1585,1169,1169,416,416,0,0
60,70,3.27,689,689,689,689,0,0,0,0
60,71,5.37,1427,1427,1427,1427,0,0,0,0
60,72,8.01,1539,1539,1539,1539,0,0,0,0
60,73,3.01,393,393,393,393,0,0,0,0
60,74,0.15,31,31,0,0,31,31,0,0
60,75,5.98,986,986,986,986,0,0,0,0
60,76,1,124,124,124,124,0,0,0,0
60,77,3.13,485,485,477,477,3,3,0,0
60,78,4.72,398,398,381,381,5,5,0,0
60,79,4.24,496,496,496,496,0,0,0,0
60,80,2,165,165,165,165,0,0,0,0
60,82,1.82,255,255,255,255,0,0,0,0
60,83,3.72,507,507,507,507,0,0,0,0
60,87,1,134,134,134,134,0,0,0,0
60,88,3,285,285,285,285,0,0,0,0
60,89,1.46,199,199,199,199,0,0,0,0
60,90,1,93,93,93,93,0,0,0,0
60,93,0.11,25,25,0,0,0,0,0,0
60,95,1.49,81,81,81,81,0,0,0,0
60,99,1.02,193,193,193,193,0,0,0,0
60,100,3.52,348,348,227,227,121,121,0,0
60,103,4,294,294,294,294,0,0,0,0
60,104,1,43,43,43,43,0,0,0,0
60,106,1,45,45,45,45,0,0,0,0
60,108,0.79,128,128,128,128,0,0,0,0
60,109,0.21,35,35,35,35,0,0,0,0
60,110,1,71,71,71,71,0,0,0,0
60,125,1,80,80,80,80,0,0,0,0
60,127,0.23,54,54,54,54,0,0,0,0
61,63,5.42,601,601,601,601,0,0,0,0
61,64,6.43,1535,1535,1534,1534,0,0,0,0
61,65,6.18,1312,1312,1032,1032,0,0,0,0
61,66,9.57,1760,1760,1760,1760,0,0,0,0
61,67,2.4,258,258,258,258,0,0,0,0
61,68,3,836,836,836,836,0,0,0,0
61,69,1.56,169,169,126,126,14,14,0,0
61,70,2.9,360,360,360,360,0,0,0,0
61,71,3.8,660,660,660,660,0,0,0,0
61,72,12.11,1719,1719,1719,1719,0,0,0,0
61,73,7.44,1150,1150,1150,1150,0,0,0,0
61,74,9.78,1948,1948,1781,1781,167,167,0,0
61,75,9.99,1494,1494,1494,1494,0,0,0,0
61,76,6.3,1001,1001,1001,1001,0,0,0,0
61,77,2.55,432,432,432,432,0,0,0,0
61,78,3.45,138,138,118,118,0,0,0,0
61,79,7.17,1430,1430,564,564,0,0,313,313
61,80,3.41,662,662,662,662,0,0,0,0
61,82,1.24,77,77,77,77,0,0,0,0
61,83,4.62,330,330,311,311,19,19,0,0
61,85,3,272,272,272,272,0,0,0,0
61,89,4.37,500,500,273,273,208,208,0,0
61,93,2.89,758,758,562,562,0,0,0,0
61,99,1,84,84,84,84,0,0,0,0
61,100,0.46,66,66,45,45,20,20,0,0
61,103,2,169,169,169,169,0,0,0,0
61,113,0.52,76,76,0,0,76,76,0,0
61,120,1,45,45,45,45,0,0,0,0
62,63,4.58,316,316,316,316,0,0,0,0
62,64,10.24,1314,1314,1314,1314,0,0,0,0
62,65,9.49,1339,1339,1016,1016,323,323,0,0
62,66,0.95,214,214,214,214,0,0,0,0
62,69,1.63,234,234,234,234,0,0,0,0
62,70,4.69,836,836,836,836,0,0,0,0
62,71,0.69,137,137,137,137,0,0,0,0
62,72,5.34,1533,1533,542,542,990,990,0,0
62,73,7.41,1888,1888,694,694,1194,1194,0,0
62,74,4.63,853,853,853,853,0,0,0,0
62,75,4.75,614,614,584,584,10,10,0,0
62,76,3.6,397,397,397,397,0,0,0,0
62,77,1.1,157,157,157,157,0,0,0,0
62,78,7.67,825,825,825,825,0,0,0,0
62,79,13.94,1806,1806,1806,1806,0,0,0,0
62,80,2.21,238,238,238,238,0,0,0,0
62,82,3.38,506,506,506,506,0,0,0,0
62,83,6.24,769,769,769,769,0,0,0,0
62,84,1,66,66,66,66,0,0,0,0
62,85,3.83,378,378,378,378,0,0,0,0
62,86,0.17,32,32,32,32,0,0,0,0
62,89,0.98,213,213,213,213,0,0,0,0
62,99,1,487,487,487,487,0,0,0,0
62,104,1.05,196,196,196,196,0,0,0,0
62,105,1,58,58,58,58,0,0,0,0
62,107,3.65,254,254,0,0,254,254,0,0
62,108,1,888,888,0,0,888,888,0,0
62,111,3,476,476,476,476,0,0,0,0
62,113,0.48,71,71,0,0,71,71,0,0
62,114,1,80,80,80,80,0,0,0,0
62,119,1,37,37,37,37,0,0,0,0
62,127,1,57,57,14,14,14,14,0,0
63,63,2.07,486,486,486,486,0,0,0,0
63,64,2.39,646,646,646,646,0,0,0,0
63,65,2,232,232,232,232,0,0,0,0
63,68,4.38,333,333,303,303,10,10,0,0
63,69,4.18,704,704,704,704,0,0,0,0
63,70,6.5,930,930,780,780,150,150,0,0
63,72,0.24,154,154,6,6,149,149,0,0
63,73,0.02,49,49,0,0,49,49,0,0
63,74,6.18,1132,1132,1112,1112,7,7,0,0
63,75,6.66,771,771,771,771,0,0,0,0
63,76,2,126,126,61,61,66,66,0,0
63,77,7.82,793,793,793,793,0,0,0,0
63,78,15.52,1940,1940,1891,1891,17,17,0,0
63,79,1.04,254,254,254,254,0,0,0,0
63,82,4.4,481,481,451,451,10,10,0,0
63,83,2.36,197,197,163,163,34,34,0,0
63,84,5.37,564,564,564,564,0,0,0,0
63,85,4.13,319,319,290,290,10,10,0,0
63,86,4,573,573,573,573,0,0,0,0
63,87,3,215,215,187,187,9,9,0,0
63,88,1.33,133,133,17,17,116,116,0,0
63,89,3.7,255,255,255,255,0,0,0,0
63,95,0.26,12,12,12,12,0,0,0,0
63,96,0.74,35,35,35,35,0,0,0,0
63,99,0.96,151,151,151,151,0,0,0,0
63,102,5.19,555,555,555,555,0,0,0,0
63,103,0.34,40,40,40,40,0,0,0,0
63,104,2.95,451,451,451,451,0,0,0,0
63,105,1,166,166,166,166,0,0,0,0
63,107,1.35,58,58,0,0,58,58,0,0
63,124,1,90,90,23,23,23,23,0,0
64,62,3.36,251,251,251,251,0,0,0,0
64,63,15.85,2262,2262,2262,2262,0,0,0,0
64,64,8.49,1742,1742,1595,1595,147,147,0,0
64,65,2.39,559,559,559,559,0,0,0,0
64,66,2.85,2734,2734,2633,2633,34,34,0,0
64,67,1.14,400,400,362,362,13,13,0,0
64,68,0.94,165,165,165,165,0,0,0,0
64,69,7.11,1199,1199,1199,1199,0,0,0,0
64,70,3.24,338,338,338,338,0,0,0,0
64,74,1,77,77,77,77,0,0,0,0
64,75,7.06,801,801,801,801,0,0,0,0
64,76,2,193,193,193,193,0,0,0,0
64,77,6.3,773,773,773,773,0,0,0,0
64,78,6.8,883,883,883,883,0,0,0,0
64,79,8.41,837,837,837,837,0,0,0,0
64,80,1.36,98,98,98,98,0,0,0,0
64,82,1.22,231,231,231,231,0,0,0,0
64,83,2,225,225,225,225,0,0,0,0
64,84,1.51,298,298,298,298,0,0,0,0
64,86,2.52,378,378,378,378,0,0,0,0
64,87,4.85,462,462,462,462,0,0,0,0
64,88,1.04,61,61,61,61,0,0,0,0
64,89,0.92,138,138,138,138,0,0,0,0
64,90,4,429,429,429,429,0,0,0,0
64,91,1,19,19,19,19,0,0,0,0
64,92,0.63,51,51,51,51,0,0,0,0
64,93,1.37,136,136,136,136,0,0,0,0
64,99,1.04,19,19,19,19,0,0,0,0
64,100,4.58,594,594,594,594,0,0,0,0
64,102,1.06,138,138,138,138,0,0,0,0
64,103,1.91,208,208,73,73,136,136,0,0
64,104,0.5,24,24,24,24,0,0,0,0
64,127,1,127,127,127,127,0,0,0,0
65,62,4.48,452,452,367,367,28,28,0,0
65,63,7.41,779,779,514,514,256,256,0,0
65,64,7.56,1890,1890,1075,1075,726,726,0,0
65,65,1.23,904,904,904,904,0,0,0,0
65,66,3.39,3504,3504,3504,3504,0,0,0,0
65,67,6.22,1115,1115,1091,1091,0,0,0,0
65,74,1,43,43,43,43,0,0,0,0
65,75,5.95,1257,1257,1257,1257,0,0,0,0
65,76,3.86,660,660,584,584,25,25,0,0
65,77,4.63,872,872,872,872,0,0,0,0
65,78,9.26,1296,1296,1164,1164,132,132,0,0
65,79,5.28,549,549,549,549,0,0,0,0
65,81,0.19,12,12,12,12,0,0,0,0
65,82,4.08,385,385,385,385,0,0,0,0
65,83,4.82,491,491,491,491,0,0,0,0
65,84,0.18,8,8,8,8,0,0,0,0
65,86,2.48,479,479,479,479,0,0,0,0
65,87,0.19,34,34,34,34,0,0,0,0
65,91,1.69,203,203,203,203,0,0,0,0
65,92,4.13,331,331,235,235,96,96,0,0
65,93,1.18,30,30,24,24,6,6,0,0
65,94,1,24,24,24,24,0,0,0,0
65,100,1.42,201,201,201,201,0,0,0,0
65,115,3,297,297,297,297,0,0,0,0
65,117,1,15,15,0,0,0,0,0,0
66,62,3.99,598,598,598,598,0,0,0,0
66,63,8.46,1484,1484,1464,1464,7,7,0,0
66,64,7.41,1278,1278,1159,1159,40,40,0,0
66,65,1.86,205,205,205,205,0,0,0,0
66,66,1.11,401,401,401,401,0,0,0,0
66,71,0.9,144,144,144,144,0,0,0,0
66,73,0.91,85,85,85,85,0,0,0,0
66,74,4,411,411,411,411,0,0,0,0
66,76,1.3,262,262,262,262,0,0,0,0
66,77,5.56,1047,1047,1047,1047,0,0,0,0
66,78,5.55,892,892,797,797,95,95,0,0
66,79,3.19,416,416,416,416,0,0,0,0
66,81,3.46,413,413,321,321,31,31,0,0
66,82,0.28,18,18,18,18,0,0,0,0
66,88,1,43,43,0,0,0,0,0,0
66,90,1.15,92,92,92,92,0,0,0,0
66,91,1,45,45,45,45,0,0,0,0
66,94,0.05,5,5,5,5,0,0,0,0
66,95,1,349,349,349,349,0,0,0,0
66,99,1.26,214,214,214,214,0,0,0,0
66,109,1.41,166,166,0,0,166,166,0,0
66,110,1.59,231,231,0,0,231,231,0,0
66,113,1.87,99,99,37,37,0,0,0,0
66,114,1,117,117,117,117,0,0,0,0
67,62,3.96,450,450,450,450,0,0,0,0
67,63,4.41,802,802,802,802,0,0,0,0
67,64,5.45,855,855,855,855,0,0,0,0
67,65,2,427,427,427,427,0,0,0,0
67,71,3.1,387,387,387,387,0,0,0,0
67,72,4.94,483,483,483,483,0,0,0,0
67,73,6.66,975,975,975,975,0,0,0,0
67,74,1.87,534,534,534,534,0,0,0,0
67,75,6.42,1182,1182,1182,1182,0,0,0,0
67,76,8.5,1404,1404,1404,1404,0,0,0,0
67,77,7.19,1109,1109,1109,1109,0,0,0,0
67,78,4.52,644,644,644,644,0,0,0,0
67,79,2.14,547,547,547,547,0,0,0,0
67,81,1,214,214,214,214,0,0,0,0
67,82,1,115,115,115,115,0,0,0,0
67,84,0.54,51,51,51,51,0,0,0,0
67,85,1,38,38,38,38,0,0,0,0
67,90,0.85,108,108,108,108,0,0,0,0
67,91,4,348,348,348,348,0,0,0,0
67,92,1,171,171,171,171,0,0,0,0
67,93,2.3,127,127,99,99,29,29,0,0
67,94,3.68,243,243,114,114,0,0,0,0
67,95,4,525,525,525,525,0,0,0,0
67,96,2,181,181,181,181,0,0,0,0
67,99,0.73,100,100,100,100,0,0,0,0
67,100,1,230,230,0,0,230,230,0,0
67,101,1,72,72,0,0,72,72,0,0
67,109,0.96,2228,2228,0,0,2228,2228,0,0
67,113,0.13,9,9,0,0,0,0,0,0
67,115,1,62,62,62,62,0,0,0,0
68,62,0.35,120,120,120,120,0,0,0,0
68,63,5.11,993,993,993,993,0,0,0,0
68,64,9.45,1400,1400,1400,1400,0,0,0,0
68,65,2,381,381,381,381,0,0,0,0
68,66,1,10,10,10,10,0,0,0,0
68,71,3.53,319,319,319,319,0,0,0,0
68,72,3.53,371,371,371,371,0,0,0,0
68,73,2.91,602,602,602,602,0,0,0,0
68,74,3.88,376,376,376,376,0,0,0,0
68,75,8.63,1226,1226,1226,1226,0,0,0,0
68,76,6.98,1301,1301,1301,1301,0,0,0,0
68,77,4.2,825,825,790,790,34,34,0,0
68,78,4.1,660,660,660,660,0,0,0,0
68,79,5.93,1031,1031,1031,1031,0,0,0,0
68,80,0.13,18,18,18,18,0,0,0,0
68,81,3.87,401,401,401,401,0,0,0,0
68,82,1,183,183,183,183,0,0,0,0
68,83,3.57,633,633,633,633,0,0,0,0
68,84,5.89,688,688,688,688,0,0,0,0
68,90,1.9,268,268,268,268,0,0,0,0
68,91,7.43,1041,1041,1041,1041,0,0,0,0
68,92,7.73,699,699,699,699,0,0,0,0
68,93,7.3,915,915,892,892,8,8,0,0
68,94,3.16,346,346,325,325,7,7,0,0
68,96,2,176,176,176,176,0,0,0,0
68,101,0.41,29,29,29,29,0,0,0,0
68,109,2.04,307,307,0,0,307,307,0,0
68,117,1,32,32,32,32,0,0,0,0
69,63,10.52,1558,1558,1426,1426,132,132,0,0
69,64,6.27,1194,1194,1194,1194,0,0,0,0
69,65,4.49,309,309,309,309,0,0,0,0
69,66,1,39,39,39,39,0,0,0,0
69,67,2,378,378,105,105,0,0,0,0
69,70,0.3,50,50,0,0,0,0,0,0
69,71,2,432,432,432,432,0,0,0,0
69,75,3,317,317,317,317,0,0,0,0
69,76,4.86,462,462,462,462,0,0,0,0
69,77,9.75,1019,1019,1019,1019,0,0,0,0
69,78,8.49,1557,1557,1533,1533,24,24,0,0
69,79,12.96,1326,1326,1257,1257,69,69,0,0
69,81,6.01,327,327,327,327,0,0,0,0
69,82,0.99,191,191,191,191,0,0,0,0
69,83,5,533,533,533,533,0,0,0,0
69,84,4,414,414,414,414,0,0,0,0
69,86,1,75,75,75,75,0,0,0,0
69,87,1,42,42,42,42,0,0,0,0
69,88,1.8,192,192,48,48,48,48,0,0
69,89,4,363,363,248,248,38,38,0,0
69,90,1.4,486,486,486,486,0,0,0,0
69,91,5.85,559,559,495,495,64,64,0,0
69,92,6.45,734,734,655,655,50,50,0,0
69,93,9.1,1372,1372,1372,1372,0,0,0,0
69,94,2.64,305,305,305,305,0,0,0,0
69,95,1,73,73,18,18,18,18,0,0
69,97,0.45,31,31,31,31,0,0,0,0
69,98,0.95,233,233,233,233,0,0,0,0
69,99,2,308,308,308,308,0,0,0,0
69,101,0.59,43,43,43,43,0,0,0,0
69,102,1,36,36,0,0,0,0,0,0
69,103,1.58,135,135,135,135,0,0,0,0
69,104,1.42,96,96,96,96,0,0,0,0
69,108,1.4,173,173,0,0,173,173,0,0
69,109,0.46,36,36,0,0,36,36,0,0
70,63,9.08,1035,1035,1004,1004,32,32,0,0
70,64,5.96,584,584,584,584,0,0,0,0
70,65,2.57,288,288,288,288,0,0,0,0
70,66,1,192,192,192,192,0,0,0,0
70,70,1.7,142,142,0,0,0,0,0,0
70,71,4.16,613,613,613,613,0,0,0,0
70,72,0.58,85,85,85,85,0,0,0,0
70,73,0.88,261,261,261,261,0,0,0,0
70,74,1.35,146,146,146,146,0,0,0,0
70,75,7.84,1062,1062,1035,1035,0,0,0,0
70,76,9.65,1311,1311,1276,1276,35,35,0,0
70,77,0.61,86,86,74,74,13,13,0,0
70,78,5.89,1083,1083,1083,1083,0,0,0,0
70,79,6.66,554,554,554,554,0,0,0,0
70,80,1,773,773,773,773,0,0,0,0
70,81,4,393,393,353,353,13,13,0,0
70,83,1.09,54,54,54,54,0,0,0,0
70,84,4.18,295,295,253,253,41,41,0,0
70,85,1,67,67,67,67,0,0,0,0
70,86,1,157,157,157,157,0,0,0,0
70,88,1.35,79,79,59,59,6,6,0,0
70,89,4.23,509,509,509,509,0,0,0,0
70,90,5.98,907,907,892,892,14,14,0,0
70,91,5.09,595,595,487,487,108,108,0,0
70,92,1.96,262,262,262,262,0,0,0,0
70,93,2,84,84,84,84,0,0,0,0
70,94,4.93,405,405,405,405,0,0,0,0
70,95,4.08,296,296,296,296,0,0,0,0
70,96,2.42,171,171,171,171,0,0,0,0
70,97,5.55,547,547,547,547,0,0,0,0
70,98,2.83,151,151,151,151,0,0,0,0
70,99,2.5,204,204,204,204,0,0,0,0
70,100,5.03,487,487,487,487,0,0,0,0
70,101,0.16,10,10,10,10,0,0,0,0
70,102,2.29,187,187,187,187,0,0,0,0
70,103,6.86,740,740,740,740,0,0,0,0
70,104,6.68,702,702,702,702,0,0,0,0
70,108,0.14,21,21,0,0,21,21,0,0
70,118,0.99,151,151,151,151,0,0,0,0
71,63,6.21,476,476,476,476,0,0,0,0
71,64,10.98,917,917,730,730,118,118,0,0
71,65,7.43,824,824,824,824,0,0,0,0
71,66,7,749,749,688,688,20,20,0,0
71,67,8.03,1170,1170,1114,1114,19,19,0,0
71,68,3.95,525,525,525,525,0,0,0,0
71,69,0.21,11,11,11,11,0,0,0,0
71,70,0.02,1,1,1,1,0,0,0,0
71,71,3.85,774,774,742,742,11,11,0,0
71,72,3.42,356,356,187,187,150,150,0,0
71,73,3.72,410,410,410,410,0,0,0,0
71,74,11.3,1238,1238,1238,1238,0,0,0,0
71,75,4.98,665,665,665,665,0,0,0,0
71,76,5.87,731,731,598,598,133,133,0,0
71,77,1,147,147,147,147,0,0,0,0
71,81,1,62,62,62,62,0,0,0,0
71,83,7.77,589,589,589,589,0,0,0,0
71,84,3.71,278,278,278,278,0,0,0,0
71,85,3.64,369,369,369,369,0,0,0,0
71,86,2,237,237,237,237,0,0,0,0
71,88,5.31,730,730,730,730,0,0,0,0
71,89,3.31,377,377,377,377,0,0,0,0
71,90,2.62,264,264,264,264,0,0,0,0
71,91,3.31,372,372,372,372,0,0,0,0
71,93,2,289,289,289,289,0,0,0,0
71,94,2,368,368,235,235,133,133,0,0
71,95,8,783,783,783,783,0,0,0,0
71,96,1.58,141,141,141,141,0,0,0,0
71,97,3,276,276,276,276,0,0,0,0
71,98,6.69,463,463,463,463,0,0,0,0
71,100,4.07,462,462,457,457,5,5,0,0
71,101,1,17,17,17,17,0,0,0,0
71,103,6.01,804,804,804,804,0,0,0,0
71,118,0.01,1,1,1,1,0,0,0,0
71,119,5,342,342,328,328,13,13,0,0
71,127,1,131,131,131,131,0,0,0,0
72,63,1.27,66,66,66,66,0,0,0,0
72,64,7.56,1163,1163,1163,1163,0,0,0,0
72,65,9.98,1630,1630,1630,1630,0,0,0,0
72,66,12.04,1608,1608,1608,1608,0,0,0,0
72,67,6.71,1391,1391,1232,1232,159,159,0,0
72,68,12.74,1760,1760,1673,1673,29,29,0,0
72,69,0.83,68,68,68,68,0,0,0,0
72,70,2.23,133,133,133,133,0,0,0,0
72,71,0.36,10,10,10,10,0,0,0,0
72,73,2.91,211,211,184,184,0,0,0,0
72,76,0.92,154,154,154,154,0,0,0,0
72,77,0.28,50,50,50,50,0,0,0,0
72,83,4.22,448,448,387,387,61,61,0,0
72,84,3.03,360,360,360,360,0,0,0,0
72,85,1.71,328,328,328,328,0,0,0,0
72,86,5.16,630,630,630,630,0,0,0,0
72,87,2.82,455,455,309,309,49,49,0,0
72,88,3.18,516,516,516,516,0,0,0,0
72,89,1.31,51,51,51,51,0,0,0,0
72,90,2.73,216,216,216,216,0,0,0,0
72,91,4,558,558,558,558,0,0,0,0
72,92,4,356,356,356,356,0,0,0,0
72,93,2,248,248,248,248,0,0,0,0
72,94,4,399,399,330,330,70,70,0,0
72,95,4,361,361,361,361,0,0,0,0
72,96,2.56,243,243,243,243,0,0,0,0
72,97,2.98,317,317,245,245,72,72,0,0
72,98,5.08,372,372,372,372,0,0,0,0
72,99,1.73,253,253,253,253,0,0,0,0
72,100,7.73,794,794,729,729,65,65,0,0
72,101,1.47,102,102,102,102,0,0,0,0
72,111,1,167,167,167,167,0,0,0,0
73,64,0.31,191,191,191,191,0,0,0,0
73,65,5.24,923,923,923,923,0,0,0,0
73,66,9.63,1595,1595,1595,1595,0,0,0,0
73,67,5.9,841,841,841,841,0,0,0,0
73,68,11.47,1788,1788,1761,1761,9,9,0,0
73,69,7.46,847,847,803,803,15,15,0,0
73,70,0.81,139,139,139,139,0,0,0,0
73,71,0.57,109,109,109,109,0,0,0,0
73,72,0.07,19,19,19,19,0,0,0,0
73,73,4.52,325,325,296,296,0,0,0,0
73,80,2,332,332,332,332,0,0,0,0
73,81,1.02,77,77,4,4,74,74,0,0
73,82,1.96,188,188,188,188,0,0,0,0
73,83,5.31,660,660,660,660,0,0,0,0
73,84,6,349,349,349,349,0,0,0,0
73,85,1.4,163,163,163,163,0,0,0,0
73,86,4.98,530,530,492,492,13,13,0,0
73,87,4.98,598,598,594,594,2,2,0,0
73,88,2.91,299,299,299,299,0,0,0,0
73,89,5,658,658,615,615,14,14,0,0
73,90,1.52,267,267,267,267,0,0,0,0
73,91,5.94,621,621,621,621,0,0,0,0
73,92,2.06,117,117,117,117,0,0,0,0
73,93,3.79,496,496,496,496,0,0,0,0
73,94,1.42,216,216,216,216,0,0,0,0
73,95,4.94,560,560,432,432,128,128,0,0
73,96,5.5,474,474,474,474,0,0,0,0
73,97,1.02,123,123,123,123,0,0,0,0
73,98,1.98,251,251,251,251,0,0,0,0
73,99,4.5,536,536,536,536,0,0,0,0
73,100,3.9,501,501,501,501,0,0,0,0
73,101,1.94,66,66,66,66,0,0,0,0
73,103,1.69,200,200,200,200,0,0,0,0
73,104,5.31,390,390,390,390,0,0,0,0
73,105,2,201,201,153,153,16,16,0,0
73,119,1,13,13,13,13,0,0,0,0
73,122,2,80,80,54,54,9,9,0,0
74,63,1.53,193,193,193,193,0,0,0,0
74,64,2,255,255,255,255,0,0,0,0
74,65,7.71,1106,1106,1106,1106,0,0,0,0
74,66,11.16,1587,1587,1465,1465,122,122,0,0
74,67,1.84,203,203,191,191,12,12,0,0
74,68,9.56,1345,1345,1345,1345,0,0,0,0
74,69,9.83,1297,1297,1252,1252,15,15,0,0
74,71,0.74,119,119,119,119,0,0,0,0
74,72,8.43,948,948,904,904,43,43,0,0
74,73,5.57,548,548,509,509,0,0,0,0
74,74,1,13,13,13,13,0,0,0,0
74,80,5,374,374,374,374,0,0,0,0
74,81,3.74,368,368,368,368,0,0,0,0
74,82,1.66,287,287,287,287,0,0,0,0
74,83,2.9,608,608,479,479,43,43,0,0
74,85,1.97,199,199,199,199,0,0,0,0
74,86,3.41,304,304,304,304,0,0,0,0
74,87,3.1,613,613,613,613,0,0,0,0
74,88,1.09,162,162,162,162,0,0,0,0
74,89,4.09,921,921,921,921,0,0,0,0
74,90,1.39,194,194,194,194,0,0,0,0
74,91,4.38,434,434,434,434,0,0,0,0
74,92,3.89,608,608,608,608,0,0,0,0
74,93,4.63,400,400,400,400,0,0,0,0
74,94,4.96,418,418,418,418,0,0,0,0
74,95,4.03,439,439,439,439,0,0,0,0
74,99,4.75,674,674,674,674,0,0,0,0
74,100,7.41,658,658,658,658,0,0,0,0
74,101,4.34,361,361,361,361,0,0,0,0
74,102,0.82,59,59,59,59,0,0,0,0
74,103,3.01,287,287,219,219,22,22,0,0
74,104,0.99,89,89,89,89,0,0,0,0
74,106,1.3,125,125,125,125,0,0,0,0
74,108,1,58,58,58,58,0,0,0,0
74,111,1,42,42,42,42,0,0,0,0
74,119,2,142,142,142,142,0,0,0,0
74,125,1,63,63,63,63,0,0,0,0
75,63,8.47,1202,1202,1184,1184,6,6,0,0
75,64,5.89,772,772,772,772,0,0,0,0
75,65,9.74,1424,1424,1338,1338,87,87,0,0
75,66,3.29,377,377,377,377,0,0,0,0
75,68,2.97,391,391,391,391,0,0,0,0
75,72,0.76,110,110,1,1,109,109,0,0
75,73,8.84,520,520,520,520,0,0,0,0
75,74,0.63,72,72,72,72,0,0,0,0
75,76,1,14,14,14,14,0,0,0,0
75,79,0.06,4,4,4,4,0,0,0,0
75,80,3.01,213,213,213,213,0,0,0,0
75,81,4.5,410,410,410,410,0,0,0,0
75,82,3.81,509,509,509,509,0,0,0,0
75,83,6.1,700,700,700,700,0,0,0,0
75,85,2.64,247,247,247,247,0,0,0,0
75,86,4.04,281,281,257,257,0,0,0,0
75,87,5.65,566,566,532,532,0,0,0,0
75,88,3,247,247,247,247,0,0,0,0
75,89,0.8,131,131,131,131,0,0,0,0
75,90,1.2,167,167,167,167,0,0,0,0
75,91,2.93,455,455,455,455,0,0,0,0
75,92,2.22,262,262,262,262,0,0,0,0
75,93,3.75,307,307,307,307,0,0,0,0
75,94,4.06,478,478,478,478,0,0,0,0
75,95,0.75,82,82,82,82,0,0,0,0
75,97,1.5,208,208,140,140,68,68,0,0
75,98,0.68,225,225,1,1,224,224,0,0
75,99,7.94,1842,1842,1425,1425,359,359,0,0
75,100,3.49,550,550,550,550,0,0,0,0
75,101,5.97,772,772,772,772,0,0,0,0
75,102,1.03,341,341,4,4,337,337,0,0
75,103,3,376,376,45,45,331,331,0,0
75,104,1,87,87,87,87,0,0,0,0
75,105,1,50,50,50,50,0,0,0,0
75,106,1.69,156,156,156,156,0,0,0,0
75,107,0.01,1,1,1,1,0,0,0,0
75,108,2.92,226,226,226,226,0,0,0,0
75,109,0.08,4,4,4,4,0,0,0,0
75,118,4,555,555,386,386,48,48,0,0
75,119,1,127,127,127,127,0,0,0,0
75,120,1,65,65,65,65,0,0,0,0
75,122,1,32,32,8,8,8,8,0,0
76,63,6,459,459,459,459,0,0,0,0
76,64,8.6,924,924,875,875,48,48,0,0
76,65,10.84,1518,1518,1335,1335,183,183,0,0
76,66,6.97,1020,1020,714,714,306,306,0,0
76,69,1.45,99,99,69,69,10,10,0,0
76,70,9.74,1303,1303,1303,1303,0,0,0,0
76,71,0.6,58,58,58,58,0,0,0,0
76,73,1,132,132,132,132,0,0,0,0
76,74,4.61,339,339,313,313,26,26,0,0
76,75,0.27,103,103,103,103,0,0,0,0
76,76,1,33,33,33,33,0,0,0,0
76,79,3.91,495,495,495,495,0,0,0,0
76,80,4.99,510,510,510,510,0,0,0,0
76,83,1.7,174,174,174,174,0,0,0,0
76,84,1.01,81,81,21,21,20,20,0,0
76,85,1,79,79,79,79,0,0,0,0
76,86,5,565,565,565,565,0,0,0,0
76,87,6.28,859,859,859,859,0,0,0,0
76,88,1.01,126,126,126,126,0,0,0,0
76,89,3.82,363,363,363,363,0,0,0,0
76,90,1.01,63,63,63,63,0,0,0,0
76,91,1.51,66,66,66,66,0,0,0,0
76,92,1.49,132,132,132,132,0,0,0,0
76,93,4.23,381,381,381,381,0,0,0,0
76,94,4.96,530,530,530,530,0,0,0,0
76,95,4,195,195,195,195,0,0,0,0
76,97,5.4,570,570,442,442,128,128,0,0
76,98,3.11,229,229,220,220,9,9,0,0
76,99,3.98,713,713,331,331,322,322,0,0
76,100,2.14,270,270,270,270,0,0,0,0
76,101,1,144,144,0,0,144,144,0,0
76,103,1,112,112,0,0,112,112,0,0
76,104,1,36,36,0,0,36,36,0,0
76,108,2.04,284,284,284,284,0,0,0,0
76,109,2.74,248,248,248,248,0,0,0,0
76,111,1,35,35,35,35,0,0,0,0
76,112,1,233,233,233,233,0,0,0,0
76,114,1,39,39,39,39,0,0,0,0
76,118,1,54,54,14,14,14,14,0,0
77,62,4.14,628,628,628,628,0,0,0,0
77,63,7.66,825,825,825,825,0,0,0,0
77,64,5.74,779,779,649,649,130,130,0,0
77,65,5.93,981,981,962,962,18,18,0,0
77,66,6,813,813,762,762,0,0,0,0
77,69,0.01,2,2,2,2,0,0,0,0
77,70,9.83,1164,1164,1164,1164,0,0,0,0
77,71,3.07,458,458,458,458,0,0,0,0
77,72,5.31,876,876,876,876,0,0,0,0
77,73,7.71,1239,1239,1239,1239,0,0,0,0
77,74,0.19,71,71,71,71,0,0,0,0
77,75,0.46,172,172,172,172,0,0,0,0
77,78,1,75,75,75,75,0,0,0,0
77,79,5.03,272,272,224,224,16,16,0,0
77,80,2,200,200,149,149,0,0,0,0
77,81,2,165,165,165,165,0,0,0,0
77,82,4.61,347,347,347,347,0,0,0,0
77,83,4.3,572,572,504,504,22,22,0,0
77,84,5.52,674,674,562,562,37,37,0,0
77,85,1.26,238,238,238,238,0,0,0,0
77,86,2.22,91,91,91,91,0,0,0,0
77,87,2.17,225,225,225,225,0,0,0,0
77,88,0.82,130,130,130,130,0,0,0,0
77,89,0.2,16,16,16,16,0,0,0,0
77,90,2,147,147,147,147,0,0,0,0
77,91,3,323,323,237,237,86,86,0,0
77,92,3,283,283,283,283,0,0,0,0
77,93,1,85,85,85,85,0,0,0,0
77,94,4.15,479,479,456,456,8,8,0,0
77,95,2.73,274,274,274,274,0,0,0,0
77,96,1.87,221,221,221,221,0,0,0,0
77,97,2.17,213,213,213,213,0,0,0,0
77,98,6.24,681,681,602,602,26,26,0,0
77,99,0.79,66,66,66,66,0,0,0,0
77,100,4.48,610,610,610,610,0,0,0,0
77,101,1,120,120,120,120,0,0,0,0
77,108,5.7,618,618,488,488,130,130,0,0
77,109,0.91,186,186,186,186,0,0,0,0
77,110,0.51,94,94,94,94,0,0,0,0
77,117,1,192,192,192,192,0,0,0,0
77,123,3,151,151,34,34,34,34,0,0
78,61,6.93,974,974,974,974,0,0,0,0
78,62,11.79,1962,1962,1913,1913,16,16,0,0
78,63,7.6,1451,1451,1429,1429,22,22,0,0
78,64,7.54,868,868,868,868,0,0,0,0
78,65,1.81,378,378,378,378,0,0,0,0
78,66,0.02,22,22,22,22,0,0,0,0
78,70,6.82,940,940,910,910,10,10,0,0
78,71,9.33,1138,1138,1054,1054,84,84,0,0
78,72,4.98,593,593,593,593,0,0,0,0
78,78,2,231,231,231,231,0,0,0,0
78,79,2,341,341,341,341,0,0,0,0
78,80,4,383,383,383,383,0,0,0,0
78,81,1.28,80,80,29,29,51,51,0,0
78,82,7.4,1126,1126,1126,1126,0,0,0,0
78,83,8.61,1236,1236,1176,1176,20,20,0,0
78,84,9.5,913,913,779,779,114,114,0,0
78,85,3.19,351,351,351,351,0,0,0,0
78,86,4.97,425,425,425,425,0,0,0,0
78,87,2.81,218,218,218,218,0,0,0,0
78,90,1,212,212,212,212,0,0,0,0
78,91,4.41,455,455,455,455,0,0,0,0
78,92,1.96,195,195,195,195,0,0,0,0
78,93,5.15,860,860,860,860,0,0,0,0
78,94,3.17,375,375,375,375,0,0,0,0
78,95,0.27,44,44,44,44,0,0,0,0
78,96,1,90,90,90,90,0,0,0,0
78,97,3.08,761,761,761,761,0,0,0,0
78,98,5.76,518,518,518,518,0,0,0,0
78,99,3,548,548,548,548,0,0,0,0
78,100,1.89,432,432,432,432,0,0,0,0
78,101,4.3,423,423,346,346,77,77,0,0
78,102,6,471,471,471,471,0,0,0,0
78,105,1,66,66,66,66,0,0,0,0
78,106,1,33,33,33,33,0,0,0,0
78,107,4.18,602,602,602,602,0,0,0,0
78,108,0.31,151,151,151,151,0,0,0,0
78,109,1.09,118,118,118,118,0,0,0,0
78,110,0.91,165,165,165,165,0,0,0,0
78,111,0.79,210,210,210,210,0,0,0,0
78,112,1.99,87,87,87,87,0,0,0,0
78,123,1,11,11,11,11,0,0,0,0
78,124,1,162,162,0,0,162,162,0,0
78,126,1,106,106,106,106,0,0,0,0
79,60,4.35,492,492,492,492,0,0,0,0
79,61,8.55,1135,1135,1135,1135,0,0,0,0
79,62,7.72,1148,1148,1109,1109,13,13,0,0
79,63,4.44,736,736,736,736,0,0,0,0
79,64,7.33,1001,1001,1001,1001,0,0,0,0
79,65,3.47,406,406,406,406,0,0,0,0
79,66,2.94,1165,1165,1165,1165,0,0,0,0
79,68,2.02,205,205,205,205,0,0,0,0
79,69,1.49,221,221,221,221,0,0,0,0
79,70,3.37,518,518,518,518,0,0,0,0
79,71,0.19,27,27,27,27,0,0,0,0
79,72,1.15,219,219,219,219,0,0,0,0
79,74,1,160,160,160,160,0,0,0,0
79,75,0.34,15,15,0,0,15,15,0,0
79,80,3.42,275,275,275,275,0,0,0,0
79,81,2.58,145,145,145,145,0,0,0,0
79,82,8.73,1327,1327,1327,1327,0,0,0,0
79,83,8.28,840,840,840,840,0,0,0,0
79,84,7.96,892,892,892,892,0,0,0,0
79,85,9.23,1231,1231,1231,1231,0,0,0,0
79,86,5.43,562,562,562,562,0,0,0,0
79,87,6.45,617,617,617,617,0,0,0,0
79,89,1.27,117,117,117,117,0,0,0,0
79,90,2.67,595,595,595,595,0,0,0,0
79,91,2.15,135,135,135,135,0,0,0,0
79,92,1,24,24,24,24,0,0,0,0
79,94,0.16,15,15,15,15,0,0,0,0
79,95,5.37,569,569,569,569,0,0,0,0
79,96,3.04,350,350,350,350,0,0,0,0
79,97,7.71,739,739,739,739,0,0,0,0
79,98,4.59,477,477,477,477,0,0,0,0
79,99,4.6,395,395,395,395,0,0,0,0
79,100,1.36,273,273,273,273,0,0,0,0
79,101,5.52,485,485,485,485,0,0,0,0
79,102,1.48,235,235,235,235,0,0,0,0
79,103,6.08,624,624,624,624,0,0,0,0
79,106,2,72,72,72,72,0,0,0,0
79,107,5.81,783,783,783,783,0,0,0,0
79,108,1,62,62,62,62,0,0,0,0
79,109,1.67,158,158,158,158,0,0,0,0
79,110,1.47,181,181,181,181,0,0,0,0
79,111,0.53,139,139,139,139,0,0,0,0
79,125,1,17,17,17,17,0,0,0,0
80,60,4.7,627,627,627,627,0,0,0,0
80,61,5.94,596,596,596,596,0,0,0,0
80,62,2.66,279,279,279,279,0,0,0,0
80,63,3.93,443,443,443,443,0,0,0,0
80,64,4.99,507,507,507,507,0,0,0,0
80,65,4.6,502,502,502,502,0,0,0,0
80,67,4,757,757,757,757,0,0,0,0
80,68,3.11,336,336,336,336,0,0,0,0
80,69,11.45,1254,1254,1254,1254,0,0,0,0
80,70,7.34,687,687,687,687,0,0,0,0
80,71,3.83,404,404,404,404,0,0,0,0
80,72,1.82,513,513,513,513,0,0,0,0
80,73,2.98,324,324,304,304,0,0,0,0
80,75,2.48,195,195,165,165,30,30,0,0
80,76,0.18,6,6,6,6,0,0,0,0
80,82,0.59,120,120,120,120,0,0,0,0
80,83,6.01,579,579,579,579,0,0,0,0
80,84,4,473,473,473,473,0,0,0,0
80,85,4,276,276,276,276,0,0,0,0
80,86,2.2,343,343,343,343,0,0,0,0
80,87,6.73,724,724,544,544,60,60,0,0
80,88,2,130,130,130,130,0,0,0,0
80,89,2.44,401,401,401,401,0,0,0,0
80,90,3.57,628,628,628,628,0,0,0,0
80,91,2,260,260,260,260,0,0,0,0
80,92,4.19,518,518,518,518,0,0,0,0
80,93,1.5,166,166,166,166,0,0,0,0
80,94,3.25,392,392,392,392,0,0,0,0
80,95,6.26,711,711,711,711,0,0,0,0
80,96,6.07,713,713,713,713,0,0,0,0
80,97,7.89,866,866,748,748,118,118,0,0
80,98,5.82,445,445,445,445,0,0,0,0
80,99,1.37,73,73,73,73,0,0,0,0
80,101,7,604,604,604,604,0,0,0,0
80,102,1,59,59,59,59,0,0,0,0
80,103,0.92,118,118,118,118,0,0,0,0
80,104,3,113,113,113,113,0,0,0,0
80,107,1,138,138,138,138,0,0,0,0
80,108,3,267,267,267,267,0,0,0,0
80,109,5.33,975,975,975,975,0,0,0,0
80,111,3,525,525,525,525,0,0,0,0
80,113,1,69,69,0,0,69,69,0,0
80,115,1,52,52,52,52,0,0,0,0
80,116,0.54,13,13,13,13,0,0,0,0
80,117,0.46,11,11,11,11,0,0,0,0
80,118,1,11,11,11,11,0,0,0,0
80,120,1,124,124,31,31,31,31,0,0
80,121,1,11,11,11,11,0,0,0,0
81,59,2.53,327,327,259,259,68,68,0,0
81,60,8.77,846,846,846,846,0,0,0,0
81,61,6.72,1099,1099,1099,1099,0,0,0,0
81,62,3.49,318,318,318,318,0,0,0,0
81,63,2.06,233,233,233,233,0,0,0,0
81,64,1.01,142,142,142,142,0,0,0,0
81,65,7.63,1267,1267,1237,1237,10,10,0,0
81,66,3.89,1491,1491,1114,1114,0,0,377,377
81,67,1.49,136,136,33,33,77,77,25,25
81,68,10.67,1547,1547,1462,1462,84,84,0,0
81,69,8.2,1329,1329,1329,1329,0,0,0,0
81,70,10.74,767,767,767,767,0,0,0,0
81,74,2.02,293,293,293,293,0,0,0,0
81,75,2.51,275,275,275,275,0,0,0,0
81,78,4,520,520,520,520,0,0,0,0
81,82,1.41,158,158,158,158,0,0,0,0
81,83,0.98,75,75,75,75,0,0,0,0
81,84,1.5,313,313,313,313,0,0,0,0
81,85,5.82,1108,1108,1108,1108,0,0,0,0
81,86,5.92,864,864,833,833,31,31,0,0
81,87,4.08,497,497,497,497,0,0,0,0
81,88,0.67,50,50,50,50,0,0,0,0
81,89,0.7,197,197,25,25,172,172,0,0
81,90,10.02,790,790,790,790,0,0,0,0
81,91,6.01,390,390,339,339,9,9,0,0
81,92,5.15,669,669,669,669,0,0,0,0
81,93,4.28,368,368,368,368,0,0,0,0
81,94,9.46,1039,1039,1039,1039,0,0,0,0
81,95,5.58,642,642,642,642,0,0,0,0
81,96,8.35,841,841,841,841,0,0,0,0
81,97,8.69,1760,1760,1279,1279,481,481,0,0
81,98,2.56,345,345,345,345,0,0,0,0
81,99,4.33,361,361,338,338,23,23,0,0
81,105,3,194,194,0,0,0,0,0,0
81,107,0.9,78,78,78,78,0,0,0,0
81,108,3.1,255,255,255,255,0,0,0,0
81,109,3,280,280,280,280,0,0,0,0
81,110,3.78,433,433,433,433,0,0,0,0
81,111,1.2,252,252,252,252,0,0,0,0
81,112,0.02,4,4,4,4,0,0,0,0
81,113,1.59,113,113,113,113,0,0,0,0
81,114,2,76,76,76,76,0,0,0,0
81,115,1,32,32,32,32,0,0,0,0
81,116,1,97,97,97,97,0,0,0,0
81,120,1,79,79,79,79,0,0,0,0
81,124,4,237,237,182,182,18,18,0,0
81,125,1.3,232,232,232,232,0,0,0,0
81,126,5.86,1396,1396,1396,1396,0,0,0,0
81,127,0.25,98,98,98,98,0,0,0,0
82,58,2.75,408,408,408,408,0,0,0,0
82,59,7.46,615,615,533,533,82,82,0,0
82,60,11.75,947,947,947,947,0,0,0,0
82,61,4.78,814,814,814,814,0,0,0,0
82,62,9.42,1124,1124,1124,1124,0,0,0,0
82,63,9.04,871,871,854,854,0,0,0,0
82,64,2.67,125,125,104,104,0,0,0,0
82,65,2,98,98,98,98,0,0,0,0
82,66,4.41,547,547,547,547,0,0,0,0
82,67,5.01,658,658,523,523,20,20,0,0
82,68,7.74,1253,1253,1253,1253,0,0,0,0
82,69,12.64,1335,1335,1289,1289,46,46,0,0
82,70,10.76,1671,1671,1671,1671,0,0,0,0
82,71,4,471,471,471,471,0,0,0,0
82,72,0.76,77,77,77,77,0,0,0,0
82,74,11.69,1155,1155,1155,1155,0,0,0,0
82,75,3.1,385,385,385,385,0,0,0,0
82,76,2,330,330,330,330,0,0,0,0
82,78,1,101,101,101,101,0,0,0,0
82,84,0.08,5,5,5,5,0,0,0,0
82,85,1.69,230,230,230,230,0,0,0,0
82,86,4,1184,1184,1184,1184,0,0,0,0
82,87,1.89,210,210,210,210,0,0,0,0
82,88,2.25,147,147,73,73,74,74,0,0
82,89,2.56,417,417,116,116,301,301,0,0
82,90,2.88,359,359,331,331,9,9,0,0
82,91,4.25,927,927,900,900,9,9,0,0
82,92,5.03,538,538,496,496,14,14,0,0
82,93,2.66,173,173,173,173,0,0,0,0
82,94,6.64,838,838,838,838,0,0,0,0
82,96,4.54,638,638,638,638,0,0,0,0
82,97,8.75,1187,1187,1062,1062,125,125,0,0
82,98,8.48,785,785,785,785,0,0,0,0
82,99,5.8,577,577,577,577,0,0,0,0
82,100,1,71,71,71,71,0,0,0,0
82,108,3.88,560,560,401,401,159,159,0,0
82,109,2,171,171,171,171,0,0,0,0
82,111,1,44,44,44,44,0,0,0,0
82,113,5.21,520,520,520,520,0,0,0,0
82,114,1,110,110,110,110,0,0,0,0
82,117,0.23,200,200,200,200,0,0,0,0
82,118,2.21,461,461,334,334,42,42,0,0
82,120,0.74,306,306,306,306,0,0,0,0
82,121,2.26,572,572,572,572,0,0,0,0
82,124,3,749,749,0,0,749,749,0,0
82,125,1,45,45,45,45,0,0,0,0
82,126,3.19,1547,1547,1547,1547,0,0,0,0
82,127,2.41,510,510,510,510,0,0,0,0
83,58,0.25,15,15,15,15,0,0,0,0
83,59,5.24,753,753,753,753,0,0,0,0
83,60,4.14,574,574,574,574,0,0,0,0
83,61,5.22,761,761,761,761,0,0,0,0
83,62,3.27,259,259,259,259,0,0,0,0
83,63,8.1,892,892,892,892,0,0,0,0
83,64,5.73,778,778,778,778,0,0,0,0
83,65,5.26,778,778,778,778,0,0,0,0
83,66,7.86,1045,1045,1045,1045,0,0,0,0
83,67,0.05,16,16,16,16,0,0,0,0
83,68,11.39,1320,1320,1320,1320,0,0,0,0
83,69,12.22,1260,1260,1260,1260,0,0,0,0
83,70,5.23,878,878,878,878,0,0,0,0
83,71,1.95,187,187,187,187,0,0,0,0
83,72,3.36,503,503,503,503,0,0,0,0
83,73,3.84,610,610,610,610,0,0,0,0
83,74,6.96,879,879,879,879,0,0,0,0
83,75,7.52,699,699,699,699,0,0,0,0
83,76,2.71,492,492,492,492,0,0,0,0
83,83,2.9,1080,1080,859,859,221,221,0,0
83,84,4.92,370,370,294,294,45,45,0,0
83,85,7.44,992,992,705,705,93,93,194,194
83,86,4.87,875,875,359,359,516,516,0,0
83,87,3.05,439,439,191,191,249,249,0,0
83,88,3,476,476,293,293,182,182,0,0
83,89,3.14,308,308,308,308,0,0,0,0
83,90,0.18,61,61,61,61,0,0,0,0
83,91,1.96,547,547,547,547,0,0,0,0
83,92,6.01,833,833,779,779,0,0,0,0
83,93,2,276,276,276,276,0,0,0,0
83,94,0.91,274,274,274,274,0,0,0,0
83,95,2.99,477,477,477,477,0,0,0,0
83,96,1.5,269,269,269,269,0,0,0,0
83,97,2,425,425,425,425,0,0,0,0
83,99,3.38,344,344,344,344,0,0,0,0
83,108,3.08,1126,1126,899,899,0,0,227,227
83,110,1.09,50,50,50,50,0,0,0,0
83,111,2.38,455,455,455,455,0,0,0,0
83,112,1.2,226,226,226,226,0,0,0,0
83,113,1.2,233,233,233,233,0,0,0,0
83,117,3.1,670,670,573,573,32,32,0,0
83,118,3.46,1744,1744,1744,1744,0,0,0,0
83,119,1.09,313,313,313,313,0,0,0,0
83,121,1.01,32,32,32,32,0,0,0,0
83,122,1,36,36,36,36,0,0,0,0
84,59,2.01,122,122,122,122,0,0,0,0
84,60,12.89,1139,1139,972,972,125,125,0,0
84,61,6.58,533,533,533,533,0,0,0,0
84,62,8.27,734,734,734,734,0,0,0,0
84,63,5.08,664,664,664,664,0,0,0,0
84,64,6.83,873,873,873,873,0,0,0,0
84,65,5.81,1268,1268,1061,1061,207,207,0,0
84,66,5.74,845,845,707,707,139,139,0,0
84,67,4.58,462,462,462,462,0,0,0,0
84,68,6.66,758,758,690,690,68,68,0,0
84,69,8.83,1151,1151,1151,1151,0,0,0,0
84,70,2.23,153,153,153,153,0,0,0,0
84,71,2.36,242,242,242,242,0,0,0,0
84,72,6.19,616,616,577,577,13,13,0,0
84,73,3.17,493,493,493,493,0,0,0,0
84,74,5.76,493,493,467,467,9,9,0,0
84,75,4.56,511,511,324,324,187,187,0,0
84,76,2.54,684,684,684,684,0,0,0,0
84,77,2.46,505,505,505,505,0,0,0,0
84,79,1,216,216,216,216,0,0,0,0
84,80,0.84,119,119,119,119,0,0,0,0
84,82,2.11,2894,2894,2894,2894,0,0,0,0
84,83,1.1,261,261,261,261,0,0,0,0
84,84,0.92,248,248,248,248,0,0,0,0
84,86,4.12,937,937,862,862,75,75,0,0
84,87,3.26,315,315,315,315,0,0,0,0
84,88,5.08,708,708,708,708,0,0,0,0
84,89,1.92,307,307,307,307,0,0,0,0
84,91,1.77,249,249,249,249,0,0,0,0
84,92,2.01,536,536,536,536,0,0,0,0
84,93,5.71,538,538,538,538,0,0,0,0
84,94,0.29,6,6,6,6,0,0,0,0
84,99,1.81,1640,1640,0,0,1640,1640,0,0
84,108,1.04,63,63,63,63,0,0,0,0
84,109,1,81,81,81,81,0,0,0,0
84,110,1,16,16,16,16,0,0,0,0
84,112,2.34,339,339,339,339,0,0,0,0
84,113,0.99,57,57,57,57,0,0,0,0
84,114,1.89,253,253,253,253,0,0,0,0
84,115,1,28,28,28,28,0,0,0,0
84,117,0.54,29,29,29,29,0,0,0,0
84,118,2,107,107,84,84,0,0,0,0
84,119,1.1,356,356,356,356,0,0,0,0
84,120,2.47,261,261,212,212,0,0,0,0
84,121,3.99,753,753,753,753,0,0,0,0
84,123,1,363,363,0,0,363,363,0,0
84,124,1,83,83,0,0,83,83,0,0
85,60,9.3,1180,1180,1042,1042,130,130,0,0
85,61,1.38,209,209,209,209,0,0,0,0
85,62,2.98,348,348,348,348,0,0,0,0
85,63,12.04,1024,1024,1024,1024,0,0,0,0
85,64,2.98,280,280,280,280,0,0,0,0
85,65,1.55,76,76,32,32,0,0,0,0
85,66,2.33,304,304,301,301,0,0,0,0
85,67,10.27,1258,1258,1072,1072,167,167,0,0
85,68,2.17,192,192,135,135,27,27,0,0
85,69,5.25,878,878,878,878,0,0,0,0
85,70,2.08,281,281,281,281,0,0,0,0
85,71,3,217,217,217,217,0,0,0,0
85,72,3.96,658,658,658,658,0,0,0,0
85,73,4.42,591,591,591,591,0,0,0,0
85,74,7,953,953,953,953,0,0,0,0
85,75,2.01,291,291,291,291,0,0,0,0
85,76,5.57,609,609,585,585,0,0,0,0
85,77,1.03,207,207,207,207,0,0,0,0
85,78,4,308,308,308,308,0,0,0,0
85,79,4.54,595,595,406,406,189,189,0,0
85,80,2.45,1302,1302,1301,1301,1,1,0,0
85,82,3.17,2833,2833,2833,2833,0,0,0,0
85,83,2.73,1047,1047,901,901,0,0,0,0
85,84,3.78,463,463,303,303,0,0,0,0
85,86,1,54,54,54,54,0,0,0,0
85,87,4.1,676,676,676,676,0,0,0,0
85,88,2.74,605,605,456,456,0,0,0,0
85,89,2.74,566,566,566,566,0,0,0,0
85,90,2,295,295,295,295,0,0,0,0
85,91,3.82,625,625,625,625,0,0,0,0
85,92,5.3,682,682,682,682,0,0,0,0
85,93,3,370,370,370,370,0,0,0,0
85,94,1,30,30,30,30,0,0,0,0
85,99,0.19,133,133,0,0,133,133,0,0
85,107,2.06,244,244,244,244,0,0,0,0
85,108,5.93,615,615,615,615,0,0,0,0
85,109,2.43,439,439,439,439,0,0,0,0
85,111,2.02,129,129,129,129,0,0,0,0
85,112,2.38,191,191,191,191,0,0,0,0
85,113,1.01,95,95,95,95,0,0,0,0
85,114,0.11,22,22,22,22,0,0,0,0
85,116,1,129,129,129,129,0,0,0,0
85,117,0.46,25,25,25,25,0,0,0,0
85,119,2.36,577,577,577,577,0,0,0,0
85,120,2.1,1757,1757,870,870,0,0,0,0
85,121,0.07,70,70,0,0,0,0,0,0
85,123,1,132,132,0,0,132,132,0,0
86,60,6.25,1008,1008,983,983,25,25,0,0
86,61,6.51,862,862,862,862,0,0,0,0
86,62,2.34,782,782,782,782,0,0,0,0
86,63,0.24,34,34,34,34,0,0,0,0
86,64,1.96,468,468,468,468,0,0,0,0
86,65,7,675,675,675,675,0,0,0,0
86,66,2.85,1457,1457,1457,1457,0,0,0,0
86,67,9.4,1116,1116,1116,1116,0,0,0,0
86,68,8.63,1580,1580,1580,1580,0,0,0,0
86,69,8.43,674,674,615,615,30,30,0,0
86,70,3.01,633,633,632,632,1,1,0,0
86,71,0.62,58,58,58,58,0,0,0,0
86,72,4.53,648,648,648,648,0,0,0,0
86,73,4.44,538,538,538,538,0,0,0,0
86,74,3.74,410,410,410,410,0,0,0,0
86,75,5.61,682,682,682,682,0,0,0,0
86,76,5.31,727,727,727,727,0,0,0,0
86,77,4.04,495,495,495,495,0,0,0,0
86,78,2.36,2411,2411,76,76,2335,2335,0,0
86,79,0.58,3678,3678,0,0,3678,3678,0,0
86,80,1.22,533,533,361,361,172,172,0,0
86,81,0.78,47,47,0,0,0,0,0,0
86,82,0.17,161,161,161,161,0,0,0,0
86,83,4.33,506,506,376,376,130,130,0,0
86,84,1.8,241,241,241,241,0,0,0,0
86,85,1,64,64,64,64,0,0,0,0
86,86,2,476,476,476,476,0,0,0,0
86,88,8.29,1199,1199,1199,1199,0,0,0,0
86,89,4.31,698,698,698,698,0,0,0,0
86,90,4.85,731,731,634,634,97,97,0,0
86,91,6.56,708,708,708,708,0,0,0,0
86,92,7.15,773,773,773,773,0,0,0,0
86,93,3.37,617,617,617,617,0,0,0,0
86,94,7.46,1034,1034,891,891,143,143,0,0
86,95,0.02,3,3,0,0,3,3,0,0
86,104,0.91,283,283,283,283,0,0,0,0
86,105,2.01,504,504,479,479,0,0,0,0
86,106,0.95,32,32,32,32,0,0,0,0
86,107,2.06,108,108,108,108,0,0,0,0
86,108,2.13,429,429,429,429,0,0,0,0
86,109,1.44,413,413,413,413,0,0,0,0
86,110,0.67,22,22,22,22,0,0,0,0
86,111,0.7,26,26,26,26,0,0,0,0
86,112,1.23,26,26,15,15,0,0,0,0
86,118,1.68,84,84,84,84,0,0,0,0
86,119,1.11,153,153,153,153,0,0,0,0
86,121,1.01,88,88,78,78,0,0,0,0
86,122,1,36,36,36,36,0,0,0,0
86,123,1,19,19,0,0,19,19,0,0
87,60,7.01,528,528,528,528,0,0,0,0
87,61,8.97,710,710,677,677,11,11,0,0
87,62,4.67,1175,1175,1158,1158,6,6,0,0
87,63,4.67,939,939,939,939,0,0,0,0
87,64,5.86,1092,1092,1092,1092,0,0,0,0
87,65,3.14,332,332,332,332,0,0,0,0
87,66,6.39,1154,1154,1154,1154,0,0,0,0
87,67,7.01,658,658,658,658,0,0,0,0
87,68,3.44,346,346,346,346,0,0,0,0
87,69,4,355,355,355,355,0,0,0,0
87,71,3.86,246,246,246,246,0,0,0,0
87,72,8.27,961,961,961,961,0,0,0,0
87,73,10.95,1484,1484,1484,1484,0,0,0,0
87,74,11.24,1230,1230,1182,1182,16,16,0,0
87,75,4.92,599,599,599,599,0,0,0,0
87,76,5.91,821,821,821,821,0,0,0,0
87,77,8.82,1306,1306,1306,1306,0,0,0,0
87,79,5.12,549,549,414,414,136,136,0,0
87,80,1,96,96,0,0,0,0,0,0
87,81,1.22,255,255,242,242,0,0,0,0
87,82,2,230,230,230,230,0,0,0,0
87,83,1.64,208,208,208,208,0,0,0,0
87,84,5.44,784,784,784,784,0,0,0,0
87,85,2.28,330,330,330,330,0,0,0,0
87,86,1.69,58,58,58,58,0,0,0,0
87,87,1,104,104,104,104,0,0,0,0
87,88,6.66,995,995,943,943,17,17,0,0
87,89,5.96,954,954,905,905,49,49,0,0
87,90,5.46,444,444,444,444,0,0,0,0
87,91,5.72,637,637,637,637,0,0,0,0
87,92,5.22,655,655,655,655,0,0,0,0
87,93,6.9,927,927,927,927,0,0,0,0
87,94,5.51,919,919,919,919,0,0,0,0
87,95,7.86,1258,1258,1258,1258,0,0,0,0
87,103,3.99,1097,1097,1097,1097,0,0,0,0
87,104,0.36,64,64,64,64,0,0,0,0
87,105,0.72,66,66,0,0,0,0,0,0
87,107,3,181,181,181,181,0,0,0,0
87,108,2,109,109,109,109,0,0,0,0
87,109,1,104,104,104,104,0,0,0,0
87,112,0.25,9,9,0,0,0,0,0,0
87,118,0.32,11,11,11,11,0,0,0,0
87,119,0.68,22,22,22,22,0,0,0,0
87,127,1,198,198,0,0,198,198,0,0
88,60,7.07,588,588,588,588,0,0,0,0
88,61,3.16,485,485,485,485,0,0,0,0
88,62,5.02,1421,1421,1421,1421,0,0,0,0
88,63,3.24,1194,1194,1194,1194,0,0,0,0
88,64,0.76,270,270,270,270,0,0,0,0
88,65,3.14,394,394,394,394,0,0,0,0
88,66,2.69,709,709,709,709,0,0,0,0
88,67,1.84,513,513,347,347,166,166,0,0
88,68,1.06,111,111,101,101,10,10,0,0
88,69,1,108,108,108,108,0,0,0,0
88,70,11.41,1430,1430,1430,1430,0,0,0,0
88,71,9.84,910,910,910,910,0,0,0,0
88,72,6.93,1091,1091,1091,1091,0,0,0,0
88,73,8.84,785,785,785,785,0,0,0,0
88,74,8.18,1349,1349,1349,1349,0,0,0,0
88,75,1.04,106,106,106,106,0,0,0,0
88,76,5.72,558,558,558,558,0,0,0,0
88,77,7.93,1384,1384,1348,1348,12,12,0,0
88,79,1.88,367,367,367,367,0,0,0,0
88,80,2.06,265,265,0,0,265,265,0,0
88,81,3.94,811,811,0,0,811,811,0,0
88,82,0.8,190,190,190,190,0,0,0,0
88,83,6.38,832,832,832,832,0,0,0,0
88,84,5.77,758,758,758,758,0,0,0,0
88,85,6.4,456,456,456,456,0,0,0,0
88,86,0.31,18,18,18,18,0,0,0,0
88,88,2,263,263,263,263,0,0,0,0
88,89,6.52,925,925,925,925,0,0,0,0
88,90,8.89,1189,1189,1189,1189,0,0,0,0
88,91,4.77,518,518,518,518,0,0,0,0
88,92,2.04,221,221,134,134,88,88,0,0
88,93,3.01,323,323,323,323,0,0,0,0
88,94,6.33,823,823,823,823,0,0,0,0
88,95,8.61,1771,1771,1771,1771,0,0,0,0
88,96,0.57,629,629,629,629,0,0,0,0
88,99,1,101,101,101,101,0,0,0,0
88,102,1,89,89,89,89,0,0,0,0
88,103,0.01,4,4,4,4,0,0,0,0
88,105,1,295,295,295,295,0,0,0,0
88,106,1,18,18,18,18,0,0,0,0
88,109,1.7,145,145,145,145,0,0,0,0
88,112,2.75,243,243,218,218,0,0,0,0
88,115,0.98,16,16,0,0,16,16,0,0
88,116,2.02,278,278,277,277,0,0,0,0
88,118,1,43,43,43,43,0,0,0,0
88,124,0.25,9,9,9,9,0,0,0,0
88,125,1,66,66,66,66,0,0,0,0
89,60,5.06,840,840,810,810,10,10,0,0
89,61,3.47,343,343,316,316,9,9,0,0
89,62,5.34,952,952,952,952,0,0,0,0
89,63,8.73,1342,1342,1342,1342,0,0,0,0
89,64,5.96,527,527,499,499,0,0,0,0
89,65,3.06,574,574,537,537,12,12,0,0
89,66,4,1115,1115,1078,1078,36,36,0,0
89,67,4.75,1563,1563,1563,1563,0,0,0,0
89,68,1.07,502,502,502,502,0,0,0,0
89,69,4.17,346,346,332,332,14,14,0,0
89,70,7.21,1050,1050,1050,1050,0,0,0,0
89,71,10.03,1369,1369,1369,1369,0,0,0,0
89,72,8.96,1383,1383,1383,1383,0,0,0,0
89,73,5.08,782,782,600,600,182,182,0,0
89,74,6.7,702,702,702,702,0,0,0,0
89,75,8.19,1317,1317,1317,1317,0,0,0,0
89,76,5.54,766,766,766,766,0,0,0,0
89,77,5.62,1043,1043,1043,1043,0,0,0,0
89,78,2.89,433,433,433,433,0,0,0,0
89,80,2,141,141,0,0,141,141,0,0
89,83,6.86,706,706,706,706,0,0,0,0
89,84,4.4,403,403,403,403,0,0,0,0
89,85,5.12,716,716,716,716,0,0,0,0
89,86,2.98,162,162,162,162,0,0,0,0
89,88,2.96,339,339,225,225,114,114,0,0
89,89,2.46,370,370,370,370,0,0,0,0
89,90,5.08,509,509,509,509,0,0,0,0
89,91,5.47,695,695,695,695,0,0,0,0
89,92,0.49,118,118,118,118,0,0,0,0
89,94,3.07,321,321,321,321,0,0,0,0
89,95,4.01,365,365,365,365,0,0,0,0
89,96,2.54,623,623,623,623,0,0,0,0
89,98,2.68,86,86,86,86,0,0,0,0
89,99,1.32,44,44,44,44,0,0,0,0
89,103,0.66,42,42,42,42,0,0,0,0
89,106,1,18,18,0,0,0,0,0,0
89,107,0.16,18,18,18,18,0,0,0,0
89,108,0.57,89,89,89,89,0,0,0,0
89,109,0.3,48,48,48,48,0,0,0,0
89,110,1,21,21,0,0,0,0,0,0
89,111,0.12,29,29,29,29,0,0,0,0
89,112,7,814,814,713,713,0,0,0,0
89,113,1,62,62,62,62,0,0,0,0
89,117,0.22,47,47,47,47,0,0,0,0
89,118,2.65,318,318,318,318,0,0,0,0
89,123,0.25,9,9,9,9,0,0,0,0
89,124,0.5,19,19,19,19,0,0,0,0
89,125,2,275,275,275,275,0,0,0,0
90,60,8.16,1014,1014,1014,1014,0,0,0,0
90,61,8.42,1083,1083,1040,1040,14,14,0,0
90,62,7.43,741,741,741,741,0,0,0,0
90,63,7.85,1158,1158,1158,1158,0,0,0,0
90,64,6.37,2002,2002,1706,1706,297,297,0,0
90,65,1.84,1234,1234,132,132,1053,1053,0,0
90,68,3.82,577,577,577,577,0,0,0,0
90,69,9.66,1163,1163,1135,1135,28,28,0,0
90,70,10.92,1366,1366,1366,1366,0,0,0,0
90,71,4.99,1011,1011,1011,1011,0,0,0,0
90,72,3.42,652,652,652,652,0,0,0,0
90,73,1.58,308,308,308,308,0,0,0,0
90,74,3.44,468,468,468,468,0,0,0,0
90,75,5.91,839,839,839,839,0,0,0,0
90,76,0.02,10,10,10,10,0,0,0,0
90,77,4.61,884,884,884,884,0,0,0,0
90,78,1.57,157,157,157,157,0,0,0,0
90,83,3,487,487,487,487,0,0,0,0
90,84,6.92,582,582,582,582,0,0,0,0
90,88,1,58,58,0,0,58,58,0,0
90,103,0.34,22,22,22,22,0,0,0,0
90,107,4.84,532,532,532,532,0,0,0,0
90,108,3.43,347,347,347,347,0,0,0,0
90,109,1,18,18,18,18,0,0,0,0
90,110,1.04,120,120,120,120,0,0,0,0
90,111,5.42,826,826,826,826,0,0,0,0
90,118,2.13,95,95,95,95,0,0,0,0
90,119,4,299,299,299,299,0,0,0,0
90,120,1.78,175,175,175,175,0,0,0,0
91,60,7.77,1201,1201,954,954,247,247,0,0
91,61,10.05,1379,1379,1351,1351,10,10,0,0
91,62,11.14,1441,1441,1198,1198,101,101,0,0
91,63,7.7,1849,1849,1849,1849,0,0,0,0
91,64,3.17,949,949,940,940,9,9,0,0
91,65,2.54,327,327,260,260,67,67,0,0
91,66,5.93,760,760,700,700,20,20,0,0
91,67,3.04,588,588,588,588,0,0,0,0
91,68,4.18,496,496,450,450,15,15,0,0
91,69,1.3,137,137,137,137,0,0,0,0
91,70,3.33,620,620,620,620,0,0,0,0
91,71,2.52,481,481,481,481,0,0,0,0
91,73,1,96,96,96,96,0,0,0,0
91,74,8.85,1388,1388,1388,1388,0,0,0,0
91,75,8.76,1022,1022,1022,1022,0,0,0,0
91,76,4.09,879,879,879,879,0,0,0,0
91,77,6.89,815,815,815,815,0,0,0,0
91,78,9.61,1562,1562,1562,1562,0,0,0,0
91,79,1.61,383,383,383,383,0,0,0,0
91,96,1,574,574,574,574,0,0,0,0
91,98,1,22,22,0,0,0,0,0,0
91,99,2,90,90,61,61,0,0,0,0
91,100,1,33,33,33,33,0,0,0,0
91,101,4,248,248,248,248,0,0,0,0
91,104,1,131,131,131,131,0,0,0,0
91,106,1,102,102,102,102,0,0,0,0
91,107,4,360,360,360,360,0,0,0,0
91,108,1.92,277,277,277,277,0,0,0,0
91,109,1.08,88,88,88,88,0,0,0,0
91,110,1,113,113,113,113,0,0,0,0
91,111,3.4,383,383,383,383,0,0,0,0
91,113,1,125,125,125,125,0,0,0,0
91,117,0.3,47,47,47,47,0,0,0,0
91,118,0.87,125,125,125,125,0,0,0,0
91,119,5.17,472,472,472,472,0,0,0,0
91,120,5.1,437,437,437,437,0,0,0,0
91,121,0.11,4,4,4,4,0,0,0,0
92,60,8.77,1507,1507,1507,1507,0,0,0,0
92,61,9.63,1697,1697,1697,1697,0,0,0,0
92,62,6.25,1200,1200,1004,1004,196,196,0,0
92,63,4.95,718,718,576,576,142,142,0,0
92,64,1.88,398,398,398,398,0,0,0,0
92,65,4.47,567,567,567,567,0,0,0,0
92,66,4.77,1135,1135,1135,1135,0,0,0,0
92,67,4.03,323,323,321,321,1,1,0,0
92,68,5.79,881,881,881,881,0,0,0,0
92,69,4,492,492,492,492,0,0,0,0
92,70,7.83,596,596,596,596,0,0,0,0
92,71,2.33,298,298,115,115,0,0,183,183
92,73,3.7,369,369,331,331,13,13,0,0
92,74,7.06,1222,1222,1222,1222,0,0,0,0
92,75,5.45,900,900,900,900,0,0,0,0
92,77,8.73,1380,1380,1380,1380,0,0,0,0
92,78,14.47,2123,2123,2100,2100,8,8,0,0
92,79,3.01,698,698,698,698,0,0,0,0
92,82,3,285,285,285,285,0,0,0,0
92,83,6.55,635,635,432,432,203,203,0,0
92,84,2.32,321,321,321,321,0,0,0,0
92,86,1.4,131,131,131,131,0,0,0,0
92,98,2.64,330,330,122,122,208,208,0,0
92,106,1.29,121,121,121,121,0,0,0,0
92,108,2,174,174,139,139,0,0,0,0
92,109,2,101,101,101,101,0,0,0,0
92,110,1,74,74,74,74,0,0,0,0
92,111,2.01,314,314,314,314,0,0,0,0
92,112,1,147,147,147,147,0,0,0,0
92,113,0.93,52,52,52,52,0,0,0,0
92,114,0.34,43,43,43,43,0,0,0,0
92,115,2.16,156,156,106,106,0,0,0,0
92,119,1.67,112,112,112,112,0,0,0,0
92,120,4,229,229,229,229,0,0,0,0
92,127,1.25,69,69,49,49,7,7,0,0
93,59,0.03,23,23,23,23,0,0,0,0
93,60,5.82,1507,1507,1507,1507,0,0,0,0
93,61,8.89,943,943,753,753,175,175,0,0
93,62,8.45,1787,1787,1308,1308,479,479,0,0
93,63,8.21,1642,1642,1050,1050,591,591,0,0
93,64,2.8,610,610,578,578,11,11,0,0
93,65,6.05,1016,1016,941,941,70,70,0,0
93,66,6.99,1285,1285,1285,1285,0,0,0,0
93,67,4.88,1747,1747,530,530,19,19,1161,1161
93,68,6.25,1134,1134,1011,1011,113,113,0,0
93,69,6.39,1177,1177,1177,1177,0,0,0,0
93,70,8.04,701,701,701,701,0,0,0,0
93,71,7.69,956,956,652,652,304,304,0,0
93,72,4.99,463,463,463,463,0,0,0,0
93,73,2.86,371,371,371,371,0,0,0,0
93,74,5.83,907,907,714,714,194,194,0,0
93,75,2.47,316,316,316,316,0,0,0,0
93,77,1.85,306,306,306,306,0,0,0,0
93,78,0.3,34,34,34,34,0,0,0,0
93,80,1,76,76,76,76,0,0,0,0
93,81,0.06,5,5,5,5,0,0,0,0
93,82,1,34,34,34,34,0,0,0,0
93,83,3.45,151,151,151,151,0,0,0,0
93,84,3.68,169,169,169,169,0,0,0,0
93,85,3,235,235,235,235,0,0,0,0
93,86,1.6,146,146,146,146,0,0,0,0
93,95,1,87,87,87,87,0,0,0,0
93,96,2.74,255,255,255,255,0,0,0,0
93,98,3.36,527,527,527,527,0,0,0,0
93,100,1.75,184,184,184,184,0,0,0,0
93,101,4.69,418,418,418,418,0,0,0,0
93,102,0.56,18,18,18,18,0,0,0,0
93,104,1,102,102,102,102,0,0,0,0
93,105,1.98,124,124,124,124,0,0,0,0
93,106,1.71,165,165,165,165,0,0,0,0
93,108,3,191,191,191,191,0,0,0,0
93,109,2.01,240,240,240,240,0,0,0,0
93,110,3.8,443,443,443,443,0,0,0,0
93,111,2.25,380,380,380,380,0,0,0,0
93,112,3,195,195,195,195,0,0,0,0
93,115,0.58,29,29,0,0,0,0,0,0
93,119,1,153,153,153,153,0,0,0,0
93,120,1,83,83,83,83,0,0,0,0
93,127,0.75,80,80,20,20,20,20,0,0
94,59,0.01,9,9,9,9,0,0,0,0
94,60,2.4,1712,1712,1712,1712,0,0,0,0
94,61,4.22,927,927,695,695,232,232,0,0
94,62,7.88,1209,1209,1186,1186,8,8,0,0
94,63,0.01,4,4,4,4,0,0,0,0
94,64,5.69,1060,1060,1060,1060,0,0,0,0
94,65,4.32,2038,2038,2038,2038,0,0,0,0
94,66,8.18,1247,1247,1247,1247,0,0,0,0
94,67,8.9,1394,1394,1367,1367,9,9,0,0
94,68,4.22,1398,1398,355,355,1043,1043,0,0
94,69,8.6,1111,1111,918,918,193,193,0,0
94,70,9.33,1327,1327,1322,1322,5,5,0,0
94,71,6.46,1378,1378,1378,1378,0,0,0,0
94,72,3.73,460,460,460,460,0,0,0,0
94,73,3.73,282,282,282,282,0,0,0,0
94,79,1,213,213,213,213,0,0,0,0
94,80,3,226,226,226,226,0,0,0,0
94,81,1.94,114,114,81,81,0,0,0,0
94,82,5.75,321,321,321,321,0,0,0,0
94,83,5.59,586,586,586,586,0,0,0,0
94,84,4.64,504,504,504,504,0,0,0,0
94,85,3,179,179,179,179,0,0,0,0
94,86,4,291,291,291,291,0,0,0,0
94,95,2,201,201,201,201,0,0,0,0
94,96,4.26,402,402,402,402,0,0,0,0
94,97,3,176,176,176,176,0,0,0,0
94,98,4.28,318,318,318,318,0,0,0,0
94,99,2.73,217,217,217,217,0,0,0,0
94,101,1,79,79,79,79,0,0,0,0
94,102,2,122,122,122,122,0,0,0,0
94,103,0.05,4,4,4,4,0,0,0,0
94,104,2,138,138,138,138,0,0,0,0
94,105,2.02,146,146,146,146,0,0,0,0
94,106,2,237,237,237,237,0,0,0,0
94,109,4.28,334,334,334,334,0,0,0,0
94,110,1.66,219,219,219,219,0,0,0,0
94,112,1,123,123,123,123,0,0,0,0
94,114,2,156,156,12,12,0,0,0,0
94,116,2.74,173,173,129,129,0,0,0,0
94,117,1.26,169,169,169,169,0,0,0,0
95,59,1,118,118,118,118,0,0,0,0
95,60,6.28,1730,1730,1730,1730,0,0,0,0
95,61,3,298,298,267,267,10,10,0,0
95,62,2.75,340,340,340,340,0,0,0,0
95,63,1.25,301,301,301,301,0,0,0,0
95,64,1.68,426,426,426,426,0,0,0,0
95,65,3.96,786,786,786,786,0,0,0,0
95,66,9.28,1852,1852,1852,1852,0,0,0,0
95,67,4.4,686,686,679,679,2,2,0,0
95,68,3.53,298,298,298,298,0,0,0,0
95,69,2.37,250,250,250,250,0,0,0,0
95,70,6.48,704,704,704,704,0,0,0,0
95,71,11.78,1704,1704,1704,1704,0,0,0,0
95,72,0.71,63,63,63,63,0,0,0,0
95,80,1.09,130,130,130,130,0,0,0,0
95,81,5.44,687,687,626,626,61,61,0,0
95,82,9.66,870,870,835,835,12,12,0,0
95,83,7.18,562,562,458,458,85,85,0,0
95,84,2.59,126,126,126,126,0,0,0,0
95,88,2.53,113,113,113,113,0,0,0,0
95,91,1,74,74,0,0,0,0,74,74
95,94,0.85,100,100,100,100,0,0,0,0
95,95,3.87,303,303,237,237,0,0,0,0
95,96,0.28,27,27,0,0,0,0,0,0
95,97,2.51,157,157,157,157,0,0,0,0
95,98,2.17,430,430,430,430,0,0,0,0
95,99,0.82,80,80,80,80,0,0,0,0
95,100,1.32,165,165,165,165,0,0,0,0
95,101,0.7,102,102,102,102,0,0,0,0
95,102,1.98,89,89,89,89,0,0,0,0
95,103,2.95,155,155,135,135,21,21,0,0
95,105,0.38,31,31,31,31,0,0,0,0
95,106,0.61,49,49,49,49,0,0,0,0
95,107,2,262,262,262,262,0,0,0,0
95,108,2.97,260,260,215,215,45,45,0,0
95,109,1,92,92,92,92,0,0,0,0
95,111,2,235,235,235,235,0,0,0,0
95,112,2,455,455,455,455,0,0,0,0
95,113,4,234,234,234,234,0,0,0,0
95,114,1,85,85,85,85,0,0,0,0
96,59,1.63,61,61,61,61,0,0,0,0
96,60,4.83,341,341,341,341,0,0,0,0
96,61,2,182,182,182,182,0,0,0,0
96,63,1,94,94,94,94,0,0,0,0
96,65,1.89,356,356,356,356,0,0,0,0
96,66,2.06,207,207,147,147,59,59,0,0
96,67,2.67,239,239,239,239,0,0,0,0
96,68,2.47,223,223,223,223,0,0,0,0
96,69,3.7,326,326,190,190,136,136,0,0
96,70,3.8,344,344,175,175,145,145,0,0
96,71,0.02,2,2,2,2,0,0,0,0
96,78,4.72,314,314,285,285,0,0,29,29
96,79,0.28,17,17,17,17,0,0,0,0
96,80,5.03,420,420,420,420,0,0,0,0
96,81,2.54,299,299,297,297,2,2,0,0
96,82,2.59,265,265,265,265,0,0,0,0
96,83,1,61,61,61,61,0,0,0,0
96,85,2,232,232,232,232,0,0,0,0
96,88,0.47,31,31,31,31,0,0,0,0
96,94,3.39,857,857,855,855,2,2,0,0
96,95,3.23,398,398,287,287,111,111,0,0
96,96,4,547,547,547,547,0,0,0,0
96,97,1.78,161,161,161,161,0,0,0,0
96,98,0.17,19,19,19,19,0,0,0,0
96,100,2,117,117,117,117,0,0,0,0
96,102,1.42,124,124,124,124,0,0,0,0
96,103,0.18,15,15,15,15,0,0,0,0
96,104,1,52,52,52,52,0,0,0,0
96,105,1.01,58,58,58,58,0,0,0,0
96,106,3.71,545,545,467,467,78,78,0,0
96,107,2.33,349,349,314,314,35,35,0,0
96,108,1.09,96,96,94,94,1,1,0,0
96,109,2,99,99,99,99,0,0,0,0
96,111,1,21,21,21,21,0,0,0,0
96,112,2,73,73,73,73,0,0,0,0
96,113,1,85,85,85,85,0,0,0,0
96,114,1,41,41,41,41,0,0,0,0
97,60,2.84,409,409,409,409,0,0,0,0
97,61,2.59,216,216,216,216,0,0,0,0
97,62,8.28,1163,1163,1123,1123,40,40,0,0
97,63,9.53,1357,1357,1339,1339,18,18,0,0
97,64,1.41,52,52,52,52,0,0,0,0
97,65,3.67,343,343,343,343,0,0,0,0
97,66,0.78,79,79,79,79,0,0,0,0
97,67,0.15,26,26,26,26,0,0,0,0
97,68,0.43,71,71,71,71,0,0,0,0
97,69,0.95,258,258,258,258,0,0,0,0
97,70,0.72,181,181,0,0,181,181,0,0
97,71,0.24,24,24,24,24,0,0,0,0
97,77,1,49,49,49,49,0,0,0,0
97,79,0.22,22,22,22,22,0,0,0,0
97,80,5.84,657,657,657,657,0,0,0,0
97,81,2.16,206,206,206,206,0,0,0,0
97,83,1.65,61,61,61,61,0,0,0,0
97,84,3.16,367,367,367,367,0,0,0,0
97,85,4.11,458,458,458,458,0,0,0,0
97,86,1.99,344,344,344,344,0,0,0,0
97,87,0.69,109,109,109,109,0,0,0,0
97,92,1,39,39,39,39,0,0,0,0
97,93,1,110,110,110,110,0,0,0,0
97,94,0.88,136,136,136,136,0,0,0,0
97,95,2.5,407,407,407,407,0,0,0,0
97,96,3,182,182,182,182,0,0,0,0
97,97,2.31,195,195,195,195,0,0,0,0
97,98,1.58,143,143,143,143,0,0,0,0
97,99,1,34,34,34,34,0,0,0,0
97,100,0.86,93,93,93,93,0,0,0,0
97,101,2,150,150,150,150,0,0,0,0
97,102,0.39,37,37,37,37,0,0,0,0
97,103,2,169,169,169,169,0,0,0,0
97,106,7.12,486,486,486,486,0,0,0,0
97,107,6.22,670,670,670,670,0,0,0,0
97,109,3.91,504,504,504,504,0,0,0,0
97,110,0.03,3,3,3,3,0,0,0,0
97,111,2,186,186,186,186,0,0,0,0
97,112,2,162,162,162,162,0,0,0,0
97,116,1,53,53,53,53,0,0,0,0
98,60,0.16,24,24,24,24,0,0,0,0
98,61,1,72,72,72,72,0,0,0,0
98,62,2,232,232,232,232,0,0,0,0
98,63,0.15,12,12,12,12,0,0,0,0
98,65,1,155,155,155,155,0,0,0,0
98,66,1.32,142,142,142,142,0,0,0,0
98,67,3.57,477,477,477,477,0,0,0,0
98,68,1.14,59,59,59,59,0,0,0,0
98,69,4.46,243,243,243,243,0,0,0,0
98,70,3.6,319,319,319,319,0,0,0,0
98,71,5.15,368,368,368,368,0,0,0,0
98,72,2,195,195,195,195,0,0,0,0
98,77,1,55,55,55,55,0,0,0,0
98,78,0.02,41,41,0,0,41,41,0,0
98,79,0.46,675,675,28,28,647,647,0,0
98,80,1.5,366,366,366,366,0,0,0,0
98,81,1,152,152,152,152,0,0,0,0
98,83,1.35,243,243,243,243,0,0,0,0
98,84,4.64,309,309,279,279,10,10,0,0
98,85,3.41,351,351,295,295,0,0,0,0
98,86,6.31,741,741,741,741,0,0,0,0
98,87,3.53,385,385,385,385,0,0,0,0
98,95,1.59,93,93,93,93,0,0,0,0
98,96,11.01,1289,1289,1289,1289,0,0,0,0
98,97,5.07,406,406,406,406,0,0,0,0
98,98,5.54,406,406,406,406,0,0,0,0
98,100,0.14,15,15,15,15,0,0,0,0
98,101,6,661,661,661,661,0,0,0,0
98,102,1,106,106,106,106,0,0,0,0
98,103,1,146,146,146,146,0,0,0,0
98,106,2,58,58,58,58,0,0,0,0
98,107,1.55,79,79,79,79,0,0,0,0
98,108,2.35,257,257,246,246,11,11,0,0
98,109,0.06,6,6,6,6,0,0,0,0
98,111,2.02,211,211,211,211,0,0,0,0
99,61,1.26,190,190,145,145,15,15,0,0
99,62,0.74,173,173,43,43,43,43,0,0
99,63,4,430,430,407,407,0,0,0,0
99,64,3.28,372,372,308,308,21,21,0,0
99,65,2.16,168,168,133,133,0,0,0,0
99,66,2.57,163,163,112,112,17,17,0,0
99,67,2,174,174,174,174,0,0,0,0
99,68,4,310,310,287,287,8,8,0,0
99,69,0.52,72,72,72,72,0,0,0,0
99,70,0.02,3,3,3,3,0,0,0,0
99,71,0.02,5,5,5,5,0,0,0,0
99,72,0.98,12,12,12,12,0,0,0,0
99,73,2.02,412,412,412,412,0,0,0,0
99,78,1.05,301,301,0,0,301,301,0,0
99,79,0.65,1447,1447,0,0,1447,1447,0,0
99,80,0.34,292,292,0,0,292,292,0,0
99,81,1,28,28,28,28,0,0,0,0
99,82,1,40,40,40,40,0,0,0,0
99,83,4.24,389,389,389,389,0,0,0,0
99,84,5.98,528,528,465,465,36,36,0,0
99,85,3.58,213,213,213,213,0,0,0,0
99,86,4.58,358,358,321,321,12,12,0,0
99,87,1.84,140,140,140,140,0,0,0,0
99,88,0.43,23,23,23,23,0,0,0,0
99,90,2,277,277,252,252,0,0,0,0
99,95,2.24,642,642,642,642,0,0,0,0
99,96,11.15,1811,1811,1618,1618,0,0,192,192
99,97,9.28,1441,1441,1410,1410,10,10,0,0
99,98,5.37,683,683,683,683,0,0,0,0
99,99,2.92,141,141,141,141,0,0,0,0
99,100,1,83,83,83,83,0,0,0,0
99,101,2.88,300,300,300,300,0,0,0,0
99,102,1.12,133,133,133,133,0,0,0,0
99,103,1.54,206,206,206,206,0,0,0,0
99,104,1,92,92,92,92,0,0,0,0
99,107,2,174,174,174,174,0,0,0,0
99,108,0.78,26,26,6,6,20,20,0,0
99,110,2,166,166,86,86,79,79,0,0
99,111,3.98,345,345,345,345,0,0,0,0
99,114,1,58,58,58,58,0,0,0,0
99,123,1,29,29,29,29,0,0,0,0
99,125,1,93,93,93,93,0,0,0,0
100,60,3.56,854,854,854,854,0,0,0,0
100,61,2.15,318,318,318,318,0,0,0,0
100,62,1.25,157,157,157,157,0,0,0,0
100,64,1.56,285,285,285,285,0,0,0,0
100,66,2.38,276,276,276,276,0,0,0,0
100,67,1,82,82,82,82,0,0,0,0
100,68,1.37,115,115,115,115,0,0,0,0
100,69,1.14,159,159,159,159,0,0,0,0
100,71,3.59,404,404,404,404,0,0,0,0
100,72,1,138,138,138,138,0,0,0,0
100,74,1,45,45,45,45,0,0,0,0
100,80,1.66,674,674,0,0,674,674,0,0
100,83,2.76,189,189,189,189,0,0,0,0
100,84,3.03,175,175,175,175,0,0,0,0
100,85,1.71,115,115,115,115,0,0,0,0
100,86,5.71,541,541,541,541,0,0,0,0
100,87,1.87,143,143,143,143,0,0,0,0
100,90,1.96,198,198,198,198,0,0,0,0
100,91,0.04,3,3,3,3,0,0,0,0
100,95,3.08,378,378,378,378,0,0,0,0
100,96,4.67,1181,1181,1181,1181,0,0,0,0
100,97,2.06,154,154,154,154,0,0,0,0
100,98,3.49,162,162,162,162,0,0,0,0
100,100,2,262,262,262,262,0,0,0,0
100,101,3.69,333,333,333,333,0,0,0,0
100,102,1,91,91,0,0,91,91,0,0
100,103,1.51,123,123,123,123,0,0,0,0
100,104,0.95,82,82,82,82,0,0,0,0
100,108,0.88,45,45,45,45,0,0,0,0
100,109,2,150,150,150,150,0,0,0,0
100,110,1,39,39,39,39,0,0,0,0
100,112,1.25,51,51,51,51,0,0,0,0
100,113,0.01,0,0,0,0,0,0,0,0
100,117,0.87,11,11,11,11,0,0,0,0
101,59,1,134,134,0,0,134,134,0,0
101,60,8.13,884,884,811,811,73,73,0,0
101,61,8.74,1112,1112,1112,1112,0,0,0,0
101,62,9.56,1393,1393,1393,1393,0,0,0,0
101,63,1.96,316,316,316,316,0,0,0,0
101,64,3,146,146,122,122,8,8,0,0
101,66,0.36,44,44,44,44,0,0,0,0
101,67,1,107,107,107,107,0,0,0,0
101,68,4.28,256,256,256,256,0,0,0,0
101,69,4.13,298,298,298,298,0,0,0,0
101,70,4.81,343,343,343,343,0,0,0,0
101,71,0.66,81,81,81,81,0,0,0,0
101,73,1.24,123,123,123,123,0,0,0,0
101,74,1.78,43,43,43,43,0,0,0,0
101,75,2,124,124,124,124,0,0,0,0
101,76,3,271,271,239,239,11,11,0,0
101,77,4.95,264,264,264,264,0,0,0,0
101,78,2,125,125,33,33,91,91,0,0
101,80,0.02,2,2,0,0,2,2,0,0
101,81,0.98,91,91,0,0,91,91,0,0
101,86,5.47,402,402,402,402,0,0,0,0
101,87,1.97,386,386,386,386,0,0,0,0
101,88,1,65,65,65,65,0,0,0,0
101,89,3.14,188,188,188,188,0,0,0,0
101,94,1.56,181,181,181,181,0,0,0,0
101,95,2,376,376,376,376,0,0,0,0
101,97,4,290,290,290,290,0,0,0,0
101,98,0.19,9,9,9,9,0,0,0,0
101,100,4,344,344,344,344,0,0,0,0
101,101,4.31,348,348,327,327,7,7,0,0
101,102,1,54,54,54,54,0,0,0,0
101,103,1,168,168,168,168,0,0,0,0
101,104,1,59,59,59,59,0,0,0,0
101,105,1,115,115,115,115,0,0,0,0
101,106,1.83,192,192,192,192,0,0,0,0
101,107,4,295,295,295,295,0,0,0,0
101,108,2,183,183,183,183,0,0,0,0
101,109,1.05,133,133,133,133,0,0,0,0
101,112,2.73,279,279,279,279,0,0,0,0
101,113,3.01,310,310,310,310,0,0,0,0
101,114,3,380,380,380,380,0,0,0,0
101,115,2,70,70,52,52,0,0,0,0
101,116,1.06,145,145,145,145,0,0,0,0
101,117,3.96,520,520,481,481,13,13,0,0
101,118,3.12,625,625,625,625,0,0,0,0
101,120,1,21,21,21,21,0,0,0,0
101,121,1,51,51,51,51,0,0,0,0
101,123,1,40,40,40,40,0,0,0,0
101,127,2,51,51,51,51,0,0,0,0
102,60,10.18,1348,1348,1171,1171,160,160,0,0
102,61,12.43,1685,1685,1685,1685,0,0,0,0
102,62,5.08,429,429,429,429,0,0,0,0
102,63,2,162,162,162,162,0,0,0,0
102,64,6.99,630,630,515,515,12,12,0,0
102,65,3,261,261,149,149,37,37,0,0
102,67,0.42,109,109,109,109,0,0,0,0
102,70,1,98,98,98,98,0,0,0,0
102,73,1,42,42,42,42,0,0,0,0
102,74,1.98,151,151,151,151,0,0,0,0
102,75,2.02,147,147,48,48,0,0,0,0
102,76,3.97,318,318,318,318,0,0,0,0
102,77,1.47,113,113,113,113,0,0,0,0
102,78,4.55,213,213,213,213,0,0,0,0
102,79,2,69,69,26,26,43,43,0,0
102,80,1,53,53,53,53,0,0,0,0
102,81,2.21,438,438,177,177,261,261,0,0
102,82,1,127,127,127,127,0,0,0,0
102,84,0.97,27,27,7,7,7,7,0,0
102,85,0.03,1,1,0,0,0,0,0,0
102,87,1.97,353,353,353,353,0,0,0,0
102,89,4.76,300,300,300,300,0,0,0,0
102,90,0.11,11,11,11,11,0,0,0,0
102,92,3.32,458,458,268,268,0,0,0,0
102,94,1.12,762,762,762,762,0,0,0,0
102,95,0.33,334,334,334,334,0,0,0,0
102,97,1,45,45,45,45,0,0,0,0
102,98,1.17,89,89,89,89,0,0,0,0
102,99,2.83,288,288,288,288,0,0,0,0
102,100,2.79,278,278,278,278,0,0,0,0
102,101,5,213,213,213,213,0,0,0,0
102,102,1.08,84,84,84,84,0,0,0,0
102,103,2.39,204,204,204,204,0,0,0,0
102,104,1.61,178,178,178,178,0,0,0,0
102,105,2,180,180,180,180,0,0,0,0
102,106,2.17,94,94,94,94,0,0,0,0
102,107,0.27,24,24,24,24,0,0,0,0
102,108,2.73,337,337,337,337,0,0,0,0
102,109,2.29,210,210,169,169,0,0,0,0
102,110,0.66,24,24,24,24,0,0,0,0
102,111,0.64,36,36,36,36,0,0,0,0
102,112,1,84,84,84,84,0,0,0,0
102,113,2,108,108,108,108,0,0,0,0
102,114,4,345,345,345,345,0,0,0,0
102,115,1,141,141,141,141,0,0,0,0
102,117,2,24,24,24,24,0,0,0,0
102,120,1,23,23,23,23,0,0,0,0
102,126,1,24,24,24,24,0,0,0,0
103,59,4.08,638,638,638,638,0,0,0,0
103,60,7.99,1157,1157,1157,1157,0,0,0,0
103,61,4,511,511,511,511,0,0,0,0
103,62,8.74,1110,1110,1110,1110,0,0,0,0
103,63,2.5,337,337,337,337,0,0,0,0
103,64,8.01,655,655,642,642,4,4,0,0
103,66,1.01,142,142,142,142,0,0,0,0
103,67,7.46,928,928,891,891,12,12,0,0
103,68,0.15,11,11,11,11,0,0,0,0
103,70,1,42,42,42,42,0,0,0,0
103,71,2,243,243,243,243,0,0,0,0
103,75,7.81,601,601,440,440,142,142,0,0
103,76,9.34,780,780,780,780,0,0,0,0
103,77,7.26,736,736,526,526,143,143,0,0
103,78,3.03,292,292,292,292,0,0,0,0
103,79,1,47,47,47,47,0,0,0,0
103,80,5.06,552,552,552,552,0,0,0,0
103,81,3.6,459,459,459,459,0,0,0,0
103,82,2,211,211,211,211,0,0,0,0
103,83,1.61,151,151,151,151,0,0,0,0
103,84,2,117,117,117,117,0,0,0,0
103,85,3,320,320,320,320,0,0,0,0
103,87,0.03,6,6,6,6,0,0,0,0
103,91,2,280,280,27,27,252,252,0,0
103,92,0.86,173,173,102,102,0,0,0,0
103,93,2.2,261,261,160,160,0,0,0,0
103,94,4.81,1357,1357,1357,1357,0,0,0,0
103,95,1.93,577,577,577,577,0,0,0,0
103,96,0.91,47,47,0,0,47,47,0,0
103,97,0.09,5,5,0,0,5,5,0,0
103,99,2.14,144,144,144,144,0,0,0,0
103,100,4.21,393,393,224,224,169,169,0,0
103,101,5.24,489,489,489,489,0,0,0,0
103,102,1.92,130,130,130,130,0,0,0,0
103,103,6.37,350,350,308,308,0,0,0,0
103,105,1,144,144,0,0,0,0,0,0
103,106,1,126,126,126,126,0,0,0,0
103,107,3.81,327,327,294,294,33,33,0,0
103,108,1.85,265,265,214,214,0,0,0,0
103,109,0.03,7,7,7,7,0,0,0,0
103,110,0.63,290,290,290,290,0,0,0,0
103,111,1.73,331,331,331,331,0,0,0,0
103,112,3.14,325,325,325,325,0,0,0,0
103,113,4,313,313,313,313,0,0,0,0
103,114,2.47,289,289,289,289,0,0,0,0
103,115,1.41,103,103,103,103,0,0,0,0
103,116,1.68,35,35,35,35,0,0,0,0
103,118,1,54,54,54,54,0,0,0,0
103,121,1,73,73,73,73,0,0,0,0
103,123,0.5,46,46,46,46,0,0,0,0
103,125,1,181,181,181,181,0,0,0,0
103,126,1,35,35,35,35,0,0,0,0
103,127,0.69,1366,1366,342,342,342,342,0,0
104,58,0.93,241,241,241,241,0,0,0,0
104,59,5.53,970,970,970,970,0,0,0,0
104,60,6.52,1090,1090,1065,1065,8,8,0,0
104,62,3.04,498,498,498,498,0,0,0,0
104,63,3.23,351,351,351,351,0,0,0,0
104,64,1.13,92,92,92,92,0,0,0,0
104,65,0.87,66,66,66,66,0,0,0,0
104,66,3.89,341,341,298,298,14,14,0,0
104,67,6.06,354,354,354,354,0,0,0,0
104,70,1,37,37,37,37,0,0,0,0
104,71,1,123,123,123,123,0,0,0,0
104,72,1.05,55,55,55,55,0,0,0,0
104,73,1.91,255,255,189,189,22,22,0,0
104,74,2,137,137,137,137,0,0,0,0
104,75,2,139,139,139,139,0,0,0,0
104,76,7.35,686,686,686,686,0,0,0,0
104,77,7.68,611,611,586,586,8,8,0,0
104,78,1.26,61,61,61,61,0,0,0,0
104,79,3.1,164,164,164,164,0,0,0,0
104,80,3.63,228,228,228,228,0,0,0,0
104,81,1.59,134,134,134,134,0,0,0,0
104,82,7.07,522,522,522,522,0,0,0,0
104,83,5.37,295,295,295,295,0,0,0,0
104,84,3.04,200,200,200,200,0,0,0,0
104,85,6.74,547,547,547,547,0,0,0,0
104,86,0.26,20,20,20,20,0,0,0,0
104,88,0.75,181,181,181,181,0,0,0,0
104,90,3.53,644,644,644,644,0,0,0,0
104,91,1.61,136,136,77,77,60,60,0,0
104,92,3.52,433,433,373,373,60,60,0,0
104,93,2.16,275,275,275,275,0,0,0,0
104,94,2.26,99,99,99,99,0,0,0,0
104,95,3,1073,1073,1073,1073,0,0,0,0
104,96,1.26,176,176,71,71,0,0,0,0
104,97,0.15,27,27,27,27,0,0,0,0
104,98,0.85,154,154,154,154,0,0,0,0
104,99,3.05,425,425,425,425,0,0,0,0
104,100,1.61,268,268,268,268,0,0,0,0
104,101,4.97,688,688,688,688,0,0,0,0
104,102,4.18,388,388,388,388,0,0,0,0
104,103,2.63,287,287,204,204,84,84,0,0
104,104,3.4,258,258,258,258,0,0,0,0
104,105,1,60,60,60,60,0,0,0,0
104,106,3.55,362,362,362,362,0,0,0,0
104,107,0.19,17,17,17,17,0,0,0,0
104,108,3.5,662,662,662,662,0,0,0,0
104,109,7.73,2229,2229,2229,2229,0,0,0,0
104,110,2.22,615,615,615,615,0,0,0,0
104,112,2.87,264,264,264,264,0,0,0,0
104,113,3.98,387,387,387,387,0,0,0,0
104,114,2,168,168,81,81,29,29,0,0
104,115,2.12,102,102,102,102,0,0,0,0
104,116,0.32,9,9,9,9,0,0,0,0
104,122,1,34,34,34,34,0,0,0,0
104,123,0.5,45,45,45,45,0,0,0,0
104,127,1,135,135,135,135,0,0,0,0
105,54,1.29,69,69,17,17,17,17,0,0
105,57,2.91,660,660,660,660,0,0,0,0
105,58,6.44,1167,1167,1130,1130,12,12,0,0
105,59,9.59,1229,1229,1205,1205,8,8,0,0
105,60,8.75,1675,1675,1642,1642,11,11,0,0
105,61,9.36,1206,1206,1199,1199,2,2,0,0
105,62,6.67,1308,1308,1308,1308,0,0,0,0
105,63,1.28,96,96,18,18,78,78,0,0
105,64,2,609,609,609,609,0,0,0,0
105,65,1,96,96,96,96,0,0,0,0
105,68,1,49,49,49,49,0,0,0,0
105,69,2.04,262,262,262,262,0,0,0,0
105,70,9.75,1071,1071,1071,1071,0,0,0,0
105,71,4.73,660,660,660,660,0,0,0,0
105,72,2.48,124,124,99,99,8,8,0,0
105,73,8.41,1018,1018,610,610,406,406,0,0
105,74,4.47,469,469,277,277,192,192,0,0
105,75,0.05,3,3,3,3,0,0,0,0
105,76,0.3,26,26,26,26,0,0,0,0
105,77,1.55,88,88,88,88,0,0,0,0
105,78,4.38,496,496,463,463,11,11,0,0
105,79,3.9,328,328,328,328,0,0,0,0
105,80,0.91,52,52,52,52,0,0,0,0
105,82,2.77,405,405,405,405,0,0,0,0
105,83,6.13,678,678,678,678,0,0,0,0
105,84,1,78,78,78,78,0,0,0,0
105,85,1.02,80,80,80,80,0,0,0,0
105,86,1.51,160,160,160,160,0,0,0,0
105,87,0.29,37,37,37,37,0,0,0,0
105,88,1.25,398,398,398,398,0,0,0,0
105,90,2.47,1193,1193,1193,1193,0,0,0,0
105,92,0.91,73,73,73,73,0,0,0,0
105,93,1.42,94,94,94,94,0,0,0,0
105,95,0.11,18,18,18,18,0,0,0,0
105,96,5.25,614,614,614,614,0,0,0,0
105,97,2.39,109,109,109,109,0,0,0,0
105,98,1,73,73,73,73,0,0,0,0
105,99,1.82,209,209,209,209,0,0,0,0
105,100,2.99,191,191,77,77,84,84,0,0
105,101,4.72,366,366,366,366,0,0,0,0
105,102,3.8,261,261,261,261,0,0,0,0
105,103,1.2,45,45,45,45,0,0,0,0
105,104,1.6,234,234,234,234,0,0,0,0
105,105,1,86,86,86,86,0,0,0,0
105,106,0.97,193,193,193,193,0,0,0,0
105,107,4.74,397,397,397,397,0,0,0,0
105,108,3.28,717,717,576,576,0,0,0,0
105,109,2.13,1447,1447,1447,1447,0,0,0,0
105,110,0.26,343,343,343,343,0,0,0,0
105,111,1,96,96,96,96,0,0,0,0
105,113,1,95,95,95,95,0,0,0,0
105,118,0.11,6,6,6,6,0,0,0,0
105,119,0.88,51,51,51,51,0,0,0,0
105,122,1,45,45,45,45,0,0,0,0
106,53,3.84,331,331,90,90,192,192,0,0
106,54,2.72,117,117,60,60,19,19,0,0
106,55,1.05,123,123,42,42,27,27,0,0
106,56,0.02,25,25,25,25,0,0,0,0
106,57,7.1,1887,1887,1496,1496,391,391,0,0
106,58,10.77,2104,2104,2104,2104,0,0,0,0
106,59,10.11,1336,1336,1286,1286,17,17,0,0
106,60,8.33,934,934,934,934,0,0,0,0
106,61,6.36,1394,1394,1390,1390,1,1,0,0
106,62,2.36,563,563,563,563,0,0,0,0
106,63,7.02,670,670,670,670,0,0,0,0
106,64,5.04,326,326,326,326,0,0,0,0
106,65,1,19,19,19,19,0,0,0,0
106,67,4.43,426,426,426,426,0,0,0,0
106,68,2.03,121,121,121,121,0,0,0,0
106,69,1.5,168,168,168,168,0,0,0,0
106,70,3.81,309,309,309,309,0,0,0,0
106,71,3.33,374,374,370,370,1,1,0,0
106,72,1.86,248,248,222,222,9,9,0,0
106,73,5.14,457,457,457,457,0,0,0,0
106,74,0.02,4,4,4,4,0,0,0,0
106,75,0.95,56,56,56,56,0,0,0,0
106,76,1,21,21,21,21,0,0,0,0
106,78,1.06,38,38,7,7,0,0,0,0
106,79,1,50,50,50,50,0,0,0,0
106,80,0.29,32,32,32,32,0,0,0,0
106,81,4.35,1338,1338,1126,1126,211,211,0,0
106,82,3.91,357,357,357,357,0,0,0,0
106,83,2.7,233,233,233,233,0,0,0,0
106,84,5.3,595,595,595,595,0,0,0,0
106,85,1.98,200,200,175,175,0,0,0,0
106,86,2.03,287,287,287,287,0,0,0,0
106,87,1.17,161,161,161,161,0,0,0,0
106,88,1.47,273,273,273,273,0,0,0,0
106,89,1.53,314,314,314,314,0,0,0,0
106,90,3,303,303,239,239,0,0,0,0
106,98,4,529,529,529,529,0,0,0,0
106,101,4.34,597,597,597,597,0,0,0,0
106,102,1,42,42,42,42,0,0,0,0
106,103,1,109,109,109,109,0,0,0,0
106,104,2,114,114,114,114,0,0,0,0
106,106,1.75,156,156,156,156,0,0,0,0
106,107,1,83,83,83,83,0,0,0,0
106,111,0.18,16,16,16,16,0,0,0,0
106,112,1.82,164,164,164,164,0,0,0,0
106,119,0.01,0,0,0,0,0,0,0,0
106,122,2,166,166,166,166,0,0,0,0
107,52,1.95,865,865,761,761,104,104,0,0
107,53,10.81,2460,2460,2408,2408,17,17,0,0
107,54,8.06,2590,2590,2590,2590,0,0,0,0
107,55,8.7,2355,2355,2122,2122,233,233,0,0
107,56,2.28,1838,1838,1838,1838,0,0,0,0
107,57,6.72,1395,1395,1395,1395,0,0,0,0
107,58,10.07,1968,1968,1968,1968,0,0,0,0
107,59,8.25,1610,1610,1610,1610,0,0,0,0
107,60,3.1,380,380,348,348,11,11,0,0
107,61,0.86,28,28,7,7,7,7,0,0
107,62,4,413,413,381,381,11,11,0,0
107,63,8.21,738,738,697,697,14,14,0,0
107,64,2.68,115,115,115,115,0,0,0,0
107,65,0.02,1,1,1,1,0,0,0,0
107,66,2.39,213,213,213,213,0,0,0,0
107,67,5.01,383,383,383,383,0,0,0,0
107,68,3.07,387,387,387,387,0,0,0,0
107,69,1.83,178,178,178,178,0,0,0,0
107,70,1,11,11,11,11,0,0,0,0
107,72,2,65,65,65,65,0,0,0,0
107,73,4.26,388,388,365,365,8,8,0,0
107,74,2.71,220,220,209,209,0,0,0,0
107,75,2,76,76,36,36,0,0,0,0
107,77,1,150,150,150,150,0,0,0,0
107,81,2.36,234,234,51,51,174,174,0,0
107,82,8.56,898,898,898,898,0,0,0,0
107,83,3,246,246,246,246,0,0,0,0
107,85,4.44,353,353,334,334,6,6,0,0
107,86,2.56,329,329,329,329,0,0,0,0
107,87,0.71,140,140,140,140,0,0,0,0
107,88,3.02,214,214,214,214,0,0,0,0
107,89,1,54,54,54,54,0,0,0,0
107,90,1,98,98,98,98,0,0,0,0
107,97,5.96,278,278,278,278,0,0,0,0
107,98,0.4,37,37,37,37,0,0,0,0
107,99,1,43,43,0,0,43,43,0,0
107,100,1,97,97,97,97,0,0,0,0
107,101,4.26,376,376,376,376,0,0,0,0
107,102,0.68,69,69,69,69,0,0,0,0
107,104,0.08,5,5,5,5,0,0,0,0
107,105,1.89,534,534,534,534,0,0,0,0
107,106,2.01,41,41,41,41,0,0,0,0
107,107,1,23,23,23,23,0,0,0,0
107,108,3.01,322,322,322,322,0,0,0,0
107,109,0.86,120,120,120,120,0,0,0,0
107,110,1,38,38,38,38,0,0,0,0
107,111,2.88,248,248,248,248,0,0,0,0
107,112,0.62,80,80,73,73,3,3,0,0
107,113,0.59,74,74,74,74,0,0,0,0
107,116,1,94,94,0,0,94,94,0,0
107,119,1,29,29,0,0,29,29,0,0
107,121,1,70,70,70,70,0,0,0,0
107,125,0.92,129,129,129,129,0,0,0,0
107,126,0.08,12,12,12,12,0,0,0,0
108,52,0.98,893,893,229,229,0,0,0,0
108,53,4.22,3104,3104,3104,3104,0,0,0,0
108,54,4.85,2360,2360,2336,2336,0,0,24,24
108,55,6.17,2232,2232,2232,2232,0,0,0,0
108,56,7.31,2512,2512,2512,2512,0,0,0,0
108,57,2.66,1048,1048,1044,1044,4,4,0,0
108,58,9.92,1762,1762,1581,1581,181,181,0,0
108,59,4.09,772,772,772,772,0,0,0,0
108,60,1,84,84,84,84,0,0,0,0
108,61,1.05,232,232,232,232,0,0,0,0
108,62,3,272,272,272,272,0,0,0,0
108,63,2.38,346,346,346,346,0,0,0,0
108,64,3.38,273,273,273,273,0,0,0,0
108,65,3.24,256,256,193,193,21,21,0,0
108,66,7.1,730,730,730,730,0,0,0,0
108,67,1,33,33,33,33,0,0,0,0
108,68,2.04,186,186,100,100,86,86,0,0
108,69,2.2,198,198,198,198,0,0,0,0
108,72,1.78,172,172,128,128,15,15,0,0
108,73,2.7,250,250,232,232,6,6,0,0
108,74,1.64,164,164,164,164,0,0,0,0
108,75,0.91,98,98,98,98,0,0,0,0
108,76,1,204,204,204,204,0,0,0,0
108,79,0.98,223,223,223,223,0,0,0,0
108,80,1.02,133,133,133,133,0,0,0,0
108,81,5.15,472,472,468,468,1,1,0,0
108,82,5.02,789,789,789,789,0,0,0,0
108,83,1,28,28,0,0,0,0,0,0
108,85,1,36,36,36,36,0,0,0,0
108,86,2,77,77,77,77,0,0,0,0
108,87,1.28,80,80,80,80,0,0,0,0
108,88,0.56,34,34,34,34,0,0,0,0
108,89,2.24,256,256,256,256,0,0,0,0
108,90,0.21,26,26,26,26,0,0,0,0
108,92,1,82,82,82,82,0,0,0,0
108,95,3,590,590,590,590,0,0,0,0
108,97,1.64,103,103,103,103,0,0,0,0
108,98,1,32,32,32,32,0,0,0,0
108,101,1,46,46,0,0,0,0,0,0
108,102,2,120,120,120,120,0,0,0,0
108,105,0.03,13,13,13,13,0,0,0,0
108,106,1,52,52,0,0,52,52,0,0
108,107,0.98,151,151,151,151,0,0,0,0
108,108,1.82,147,147,147,147,0,0,0,0
108,109,0.33,39,39,39,39,0,0,0,0
108,110,4,452,452,452,452,0,0,0,0
108,111,4.26,473,473,452,452,7,7,0,0
108,112,3.64,210,210,89,89,17,17,0,0
108,114,3,101,101,101,101,0,0,0,0
108,115,1,20,20,20,20,0,0,0,0
108,116,2,214,214,214,214,0,0,0,0
108,124,1,136,136,136,136,0,0,0,0
108,125,2.55,235,235,235,235,0,0,0,0
108,126,1.95,274,274,274,274,0,0,0,0
109,52,5.03,717,717,438,438,69,69,0,0
109,53,1.37,1335,1335,1335,1335,0,0,0,0
109,54,3.56,1786,1786,1763,1763,7,7,0,0
109,55,7.14,1393,1393,1393,1393,0,0,0,0
109,56,3.03,1096,1096,1096,1096,0,0,0,0
109,57,4.09,962,962,926,926,12,12,0,0
109,58,1.18,47,47,15,15,10,10,0,0
109,59,1,122,122,122,122,0,0,0,0
109,61,0.95,95,95,95,95,0,0,0,0
109,63,1.95,163,163,104,104,0,0,0,0
109,64,1.74,242,242,83,83,158,158,0,0
109,65,8.05,586,586,552,552,4,4,0,0
109,66,1.29,146,146,146,146,0,0,0,0
109,67,5.71,540,540,540,540,0,0,0,0
109,68,5.02,383,383,358,358,8,8,0,0
109,69,5.37,767,767,767,767,0,0,0,0
109,70,1,144,144,144,144,0,0,0,0
109,72,1.72,255,255,255,255,0,0,0,0
109,73,0.28,35,35,35,35,0,0,0,0
109,82,0.36,32,32,32,32,0,0,0,0
109,88,2,219,219,219,219,0,0,0,0
109,89,1,23,23,23,23,0,0,0,0
109,90,1,169,169,169,169,0,0,0,0
109,94,2,116,116,116,116,0,0,0,0
109,95,2,159,159,84,84,76,76,0,0
109,96,3,285,285,285,285,0,0,0,0
109,100,1,61,61,61,61,0,0,0,0
109,101,2,85,85,53,53,32,32,0,0
109,102,3.95,360,360,360,360,0,0,0,0
109,103,4.05,212,212,175,175,0,0,0,0
109,104,0.11,14,14,14,14,0,0,0,0
109,105,0.89,121,121,121,121,0,0,0,0
109,107,1,35,35,35,35,0,0,0,0
109,108,2,215,215,215,215,0,0,0,0
109,114,0.32,64,64,64,64,0,0,0,0
109,116,2,77,77,77,77,0,0,0,0
109,117,0.32,13,13,13,13,0,0,0,0
109,118,1,82,82,82,82,0,0,0,0
109,120,1,52,52,0,0,0,0,0,0
109,125,1.43,108,108,108,108,0,0,0,0
109,126,4.99,304,304,304,304,0,0,0,0
110,50,0.93,27,27,27,27,0,0,0,0
110,51,3.71,250,250,250,250,0,0,0,0
110,52,4.36,485,485,456,456,10,10,0,0
110,53,3,234,234,234,234,0,0,0,0
110,54,6.4,663,663,595,595,68,68,0,0
110,55,10.38,1683,1683,1683,1683,0,0,0,0
110,56,1.61,544,544,544,544,0,0,0,0
110,57,2.34,397,397,387,387,3,3,0,0
110,58,7.62,888,888,838,838,17,17,0,0
110,59,8.69,802,802,668,668,122,122,0,0
110,60,9.49,1012,1012,1012,1012,0,0,0,0
110,61,3,246,246,119,119,127,127,0,0
110,62,2,211,211,211,211,0,0,0,0
110,63,4,221,221,221,221,0,0,0,0
110,64,1,110,110,110,110,0,0,0,0
110,65,4.19,364,364,364,364,0,0,0,0
110,66,4.52,551,551,551,551,0,0,0,0
110,67,7.97,678,678,678,678,0,0,0,0
110,68,5,477,477,477,477,0,0,0,0
110,69,6.72,990,990,990,990,0,0,0,0
110,70,1,125,125,125,125,0,0,0,0
110,78,1,75,75,19,19,19,19,0,0
110,79,0.3,66,66,66,66,0,0,0,0
110,80,0.7,153,153,153,153,0,0,0,0
110,82,1,18,18,0,0,0,0,0,0
110,83,1,124,124,124,124,0,0,0,0
110,84,0.44,21,21,0,0,0,0,0,0
110,85,0.02,1,1,0,0,0,0,0,0
110,88,1,44,44,44,44,0,0,0,0
110,91,1,138,138,138,138,0,0,0,0
110,94,3,105,105,105,105,0,0,0,0
110,95,3,344,344,344,344,0,0,0,0
110,96,2,132,132,132,132,0,0,0,0
110,102,1,43,43,43,43,0,0,0,0
110,103,2,142,142,142,142,0,0,0,0
110,104,0.06,6,6,0,0,6,6,0,0
110,112,0.82,51,51,51,51,0,0,0,0
110,113,1.68,197,197,197,197,0,0,0,0
110,114,4.57,358,358,358,358,0,0,0,0
110,115,1,82,82,82,82,0,0,0,0
110,116,1,51,51,51,51,0,0,0,0
110,117,0.68,27,27,27,27,0,0,0,0
110,119,0.7,171,171,171,171,0,0,0,0
110,120,1,120,120,120,120,0,0,0,0
110,122,2,97,97,97,97,0,0,0,0
110,124,2.47,349,349,349,349,0,0,0,0
110,125,1.55,112,112,112,112,0,0,0,0
110,126,0.06,3,3,3,3,0,0,0,0
111,50,1.15,105,105,105,105,0,0,0,0
111,51,9.3,1041,1041,957,957,28,28,0,0
111,52,8.88,782,782,782,782,0,0,0,0
111,53,5.09,471,471,471,471,0,0,0,0
111,54,2.97,330,330,330,330,0,0,0,0
111,55,3.43,605,605,605,605,0,0,0,0
111,56,9.21,1413,1413,1413,1413,0,0,0,0
111,57,2.02,342,342,342,342,0,0,0,0
111,58,6.76,765,765,765,765,0,0,0,0
111,59,6.5,1113,1113,1104,1104,3,3,0,0
111,60,8.22,1075,1075,1075,1075,0,0,0,0
111,61,1.31,206,206,202,202,5,5,0,0
111,62,2.97,465,465,297,297,168,168,0,0
111,63,0.6,57,57,57,57,0,0,0,0
111,64,2.06,102,102,102,102,0,0,0,0
111,65,1.57,107,107,107,107,0,0,0,0
111,66,1.82,169,169,73,73,96,96,0,0
111,67,8.18,885,885,858,858,0,0,0,0
111,68,1,84,84,84,84,0,0,0,0
111,69,1.26,237,237,237,237,0,0,0,0
111,70,1,43,43,43,43,0,0,0,0
111,71,1,80,80,80,80,0,0,0,0
111,73,1,147,147,147,147,0,0,0,0
111,74,1,112,112,112,112,0,0,0,0
111,78,2,810,810,810,810,0,0,0,0
111,79,2,79,79,79,79,0,0,0,0
111,83,2.76,199,199,128,128,0,0,0,0
111,84,1.75,109,109,85,85,0,0,0,0
111,85,0.02,1,1,0,0,0,0,0,0
111,87,0.25,77,77,0,0,0,0,77,77
111,88,1,129,129,129,129,0,0,0,0
111,89,1,219,219,219,219,0,0,0,0
111,92,1,55,55,55,55,0,0,0,0
111,95,4.19,286,286,254,254,11,11,0,0
111,96,5.81,453,453,438,438,5,5,0,0
111,102,2.18,88,88,88,88,0,0,0,0
111,103,3,149,149,113,113,36,36,0,0
111,104,3.94,357,357,263,263,94,94,0,0
111,113,5.61,443,443,443,443,0,0,0,0
111,114,1,55,55,55,55,0,0,0,0
111,115,3,144,144,118,118,0,0,0,0
111,116,1,25,25,25,25,0,0,0,0
111,117,4,428,428,383,383,15,15,0,0
111,119,1.3,215,215,215,215,0,0,0,0
112,50,1.9,179,179,179,179,0,0,0,0
112,51,7.41,1152,1152,1152,1152,0,0,0,0
112,52,10.77,2415,2415,2412,2412,3,3,0,0
112,53,9.4,1177,1177,881,881,263,263,0,0
112,54,4.85,391,391,391,391,0,0,0,0
112,55,1.06,293,293,293,293,0,0,0,0
112,56,7.47,1307,1307,952,952,336,336,0,0
112,57,7.72,1016,1016,1016,1016,0,0,0,0
112,58,5.91,699,699,484,484,215,215,0,0
112,59,2,377,377,377,377,0,0,0,0
112,60,4.89,638,638,638,638,0,0,0,0
112,62,1,21,21,21,21,0,0,0,0
112,63,4.23,323,323,298,298,8,8,0,0
112,64,5.06,821,821,821,821,0,0,0,0
112,66,1,36,36,36,36,0,0,0,0
112,70,1,14,14,14,14,0,0,0,0
112,71,5.38,559,559,559,559,0,0,0,0
112,72,3,207,207,207,207,0,0,0,0
112,73,1.7,540,540,540,540,0,0,0,0
112,87,0.75,236,236,0,0,0,0,236,236
112,88,3,195,195,195,195,0,0,0,0
112,89,2.75,203,203,203,203,0,0,0,0
112,90,1,61,61,61,61,0,0,0,0
112,93,1,63,63,63,63,0,0,0,0
112,96,2,109,109,109,109,0,0,0,0
112,101,1.96,169,169,169,169,0,0,0,0
112,102,2.86,194,194,194,194,0,0,0,0
112,103,1,41,41,41,41,0,0,0,0
112,104,1,175,175,175,175,0,0,0,0
112,112,1.95,161,161,161,161,0,0,0,0
112,113,1.05,42,42,42,42,0,0,0,0
112,114,1,43,43,43,43,0,0,0,0
112,115,5.84,458,458,388,388,16,16,0,0
112,116,2.16,140,140,102,102,38,38,0,0
112,118,2,152,152,129,129,8,8,0,0
112,119,1,51,51,51,51,0,0,0,0
112,124,1.42,145,145,145,145,0,0,0,0
113,50,0.32,69,69,69,69,0,0,0,0
113,51,1.94,196,196,196,196,0,0,0,0
113,52,5.14,566,566,540,540,26,26,0,0
113,53,2.13,185,185,157,157,0,0,28,28
113,54,2.16,320,320,320,320,0,0,0,0
113,55,3.05,394,394,381,381,13,13,0,0
113,58,0.12,20,20,20,20,0,0,0,0
113,59,4.03,428,428,428,428,0,0,0,0
113,60,4.11,736,736,489,489,247,247,0,0
113,61,3.21,752,752,752,752,0,0,0,0
113,62,4.43,480,480,443,443,12,12,0,0
113,63,7.08,588,588,588,588,0,0,0,0
113,64,8.04,502,502,470,470,33,33,0,0
113,65,2,74,74,0,0,0,0,0,0
113,69,0.56,143,143,143,143,0,0,0,0
113,70,1.29,193,193,193,193,0,0,0,0
113,71,1.61,263,263,263,263,0,0,0,0
113,72,2.01,423,423,423,423,0,0,0,0
113,73,0.3,82,82,82,82,0,0,0,0
113,78,1,51,51,0,0,0,0,0,0
113,79,4,334,334,249,249,0,0,0,0
113,87,1.89,157,157,157,157,0,0,0,0
113,88,4.11,257,257,176,176,81,81,0,0
113,89,1.25,101,101,101,101,0,0,0,0
113,91,1,92,92,92,92,0,0,0,0
113,94,1,28,28,28,28,0,0,0,0
113,95,2,140,140,140,140,0,0,0,0
113,96,3,240,240,168,168,0,0,0,0
113,98,1,51,51,51,51,0,0,0,0
113,99,5,395,395,351,351,44,44,0,0
113,100,2,132,132,132,132,0,0,0,0
113,102,1,60,60,60,60,0,0,0,0
113,103,2,106,106,106,106,0,0,0,0
113,109,1.78,277,277,258,258,0,0,0,0
113,110,1.16,149,149,149,149,0,0,0,0
113,112,8.24,684,684,684,684,0,0,0,0
113,113,1.04,104,104,104,104,0,0,0,0
113,114,2.04,301,301,301,301,0,0,0,0
113,115,2.96,199,199,199,199,0,0,0,0
113,120,1,26,26,26,26,0,0,0,0
113,124,1.58,110,110,110,110,0,0,0,0
113,125,1,93,93,93,93,0,0,0,0
113,126,1,199,199,199,199,0,0,0,0
114,50,2.4,310,310,310,310,0,0,0,0
114,51,4.98,602,602,602,602,0,0,0,0
114,53,1.13,567,567,207,207,0,0,359,359
114,54,1.49,316,316,316,316,0,0,0,0
114,55,6.67,881,881,645,645,236,236,0,0
114,56,5.16,410,410,410,410,0,0,0,0
114,57,2.99,285,285,285,285,0,0,0,0
114,59,2.59,239,239,127,127,113,113,0,0
114,60,7.88,695,695,673,673,7,7,0,0
114,61,6.86,829,829,803,803,9,9,0,0
114,62,3.92,442,442,401,401,14,14,0,0
114,63,5.76,652,652,652,652,0,0,0,0
114,64,3.87,345,345,345,345,0,0,0,0
114,65,5.22,978,978,976,976,1,1,0,0
114,66,0.98,60,60,0,0,60,60,0,0
114,69,1.98,436,436,436,436,0,0,0,0
114,70,8.36,1360,1360,1360,1360,0,0,0,0
114,71,6.39,1022,1022,1022,1022,0,0,0,0
114,72,7.12,1439,1439,1439,1439,0,0,0,0
114,73,6.77,1459,1459,1140,1140,0,0,291,291
114,74,5.55,791,791,791,791,0,0,0,0
114,75,3.03,548,548,548,548,0,0,0,0
114,78,3,124,124,124,124,0,0,0,0
114,79,2,70,70,70,70,0,0,0,0
114,80,1,60,60,0,0,0,0,0,0
114,88,2,123,123,123,123,0,0,0,0
114,89,1,61,61,61,61,0,0,0,0
114,97,1,91,91,91,91,0,0,0,0
114,98,3,310,310,310,310,0,0,0,0
114,99,1,41,41,41,41,0,0,0,0
114,101,1,74,74,74,74,0,0,0,0
114,103,1.7,118,118,118,118,0,0,0,0
114,104,1,77,77,77,77,0,0,0,0
114,109,0.05,18,18,18,18,0,0,0,0
114,112,5.35,289,289,289,289,0,0,0,0
114,113,1,318,318,318,318,0,0,0,0
114,114,5.59,437,437,437,437,0,0,0,0
114,115,3,424,424,424,424,0,0,0,0
114,122,1.92,173,173,173,173,0,0,0,0
114,123,1.14,28,28,8,8,0,0,0,0
114,124,1.27,93,93,93,93,0,0,0,0
114,125,0.73,107,107,107,107,0,0,0,0
115,50,0.68,52,52,52,52,0,0,0,0
115,51,6.65,911,911,911,911,0,0,0,0
115,52,1.92,297,297,297,297,0,0,0,0
115,53,3.39,1140,1140,1140,1140,0,0,0,0
115,54,0.93,495,495,494,494,2,2,0,0
115,55,3.81,966,966,714,714,252,252,0,0
115,56,4.75,450,450,341,341,109,109,0,0
115,57,0.01,2,2,2,2,0,0,0,0
115,58,4.19,729,729,729,729,0,0,0,0
115,59,3.36,929,929,929,929,0,0,0,0
115,65,2,136,136,112,112,0,0,0,0
115,68,1.32,463,463,425,425,38,38,0,0
115,69,6.93,1473,1473,1394,1394,79,79,0,0
115,70,4.45,1107,1107,1107,1107,0,0,0,0
115,71,7.28,1028,1028,1028,1028,0,0,0,0
115,72,5.55,915,915,915,915,0,0,0,0
115,73,6.54,891,891,684,684,0,0,21,21
115,74,2.1,656,656,656,656,0,0,0,0
115,75,4.59,837,837,837,837,0,0,0,0
115,80,0.26,15,15,0,0,0,0,0,0
115,83,2,37,37,37,37,0,0,0,0
115,89,2,205,205,205,205,0,0,0,0
115,92,1,49,49,49,49,0,0,0,0
115,93,1,105,105,105,105,0,0,0,0
115,95,1.61,133,133,133,133,0,0,0,0
115,96,1,28,28,0,0,0,0,0,0
115,97,2,117,117,76,76,0,0,0,0
115,98,3.6,222,222,222,222,0,0,0,0
115,99,0.4,24,24,24,24,0,0,0,0
115,100,1,93,93,93,93,0,0,0,0
115,101,1,15,15,15,15,0,0,0,0
115,102,0.8,95,95,95,95,0,0,0,0
115,103,1.44,101,101,101,101,0,0,0,0
115,112,1.37,64,64,64,64,0,0,0,0
115,113,1,229,229,229,229,0,0,0,0
115,114,3.11,165,165,117,117,49,49,0,0
115,115,4.07,371,371,371,371,0,0,0,0
115,116,1,176,176,176,176,0,0,0,0
115,119,1,16,16,16,16,0,0,0,0
115,120,0.94,65,65,65,65,0,0,0,0
115,121,0.08,6,6,6,6,0,0,0,0
115,122,3.01,417,417,416,416,1,1,0,0
115,123,0.94,74,74,74,74,0,0,0,0
115,124,0.69,121,121,121,121,0,0,0,0
115,126,0.48,86,86,86,86,0,0,0,0
115,127,2.1,180,180,180,180,0,0,0,0
116,50,0.34,293,293,293,293,0,0,0,0
116,51,4.63,1686,1686,1651,1651,12,12,0,0
116,52,6.03,713,713,486,486,227,227,0,0
116,53,0.07,53,53,53,53,0,0,0,0
116,54,1.73,141,141,128,128,0,0,13,13
116,55,11.1,1065,1065,1041,1041,8,8,0,0
116,56,6.13,611,611,611,611,0,0,0,0
116,57,1,11,11,11,11,0,0,0,0
116,58,2.13,551,551,551,551,0,0,0,0
116,59,5.99,1345,1345,1199,1199,147,147,0,0
116,60,3.98,690,690,546,546,144,144,0,0
116,61,2.63,711,711,711,711,0,0,0,0
116,63,3,192,192,192,192,0,0,0,0
116,64,1.29,117,117,117,117,0,0,0,0
116,66,2,241,241,241,241,0,0,0,0
116,68,1,78,78,78,78,0,0,0,0
116,69,0.08,21,21,21,21,0,0,0,0
116,70,0.3,83,83,83,83,0,0,0,0
116,72,4.51,918,918,918,918,0,0,0,0
116,73,5.61,809,809,743,743,66,66,0,0
116,74,0.98,211,211,211,211,0,0,0,0
116,75,5.48,1161,1161,1161,1161,0,0,0,0
116,77,0.73,62,62,55,55,7,7,0,0
116,80,0.74,43,43,0,0,0,0,0,0
116,81,1,87,87,87,87,0,0,0,0
116,83,1,28,28,28,28,0,0,0,0
116,90,2,141,141,141,141,0,0,0,0
116,92,3.88,264,264,264,264,0,0,0,0
116,93,5.12,353,353,353,353,0,0,0,0
116,95,0.82,75,75,75,75,0,0,0,0
116,96,0.57,65,65,65,65,0,0,0,0
116,98,4,164,164,164,164,0,0,0,0
116,102,0.06,7,7,7,7,0,0,0,0
116,103,0.01,1,1,1,1,0,0,0,0
116,113,1,90,90,90,90,0,0,0,0
116,114,2.11,178,178,178,178,0,0,0,0
116,115,1.12,63,63,63,63,0,0,0,0
116,116,2,111,111,111,111,0,0,0,0
116,118,1.64,101,101,101,101,0,0,0,0
116,119,3.36,288,288,288,288,0,0,0,0
116,120,8.65,788,788,788,788,0,0,0,0
116,121,6.36,651,651,608,608,14,14,0,0
116,122,4.44,542,542,500,500,42,42,0,0
116,123,5.88,457,457,357,357,100,100,0,0
116,124,0.31,55,55,55,55,0,0,0,0
116,125,2,95,95,95,95,0,0,0,0
116,126,0.68,242,242,242,242,0,0,0,0
116,127,0.45,65,65,65,65,0,0,0,0
117,49,0.39,49,49,49,49,0,0,0,0
117,50,3.57,1520,1520,1520,1520,0,0,0,0
117,51,3.7,2417,2417,2417,2417,0,0,0,0
117,52,1.34,156,156,156,156,0,0,0,0
117,55,6.11,643,643,643,643,0,0,0,0
117,56,0.48,81,81,81,81,0,0,0,0
117,57,1,11,11,11,11,0,0,0,0
117,58,0.05,8,8,8,8,0,0,0,0
117,59,6.27,891,891,864,864,9,9,0,0
117,60,7.51,1627,1627,1627,1627,0,0,0,0
117,61,5.18,1380,1380,1380,1380,0,0,0,0
117,62,0.62,424,424,424,424,0,0,0,0
117,63,2,117,117,117,117,0,0,0,0
117,64,2.71,383,383,383,383,0,0,0,0
117,65,3.48,340,340,340,340,0,0,0,0
117,66,2.09,112,112,112,112,0,0,0,0
117,72,1.05,77,77,77,77,0,0,0,0
117,73,0.14,27,27,27,27,0,0,0,0
117,75,1,52,52,52,52,0,0,0,0
117,76,6.18,717,717,671,671,47,47,0,0
117,77,5.65,367,367,265,265,102,102,0,0
117,83,1,80,80,80,80,0,0,0,0
117,84,1,207,207,207,207,0,0,0,0
117,92,2,226,226,226,226,0,0,0,0
117,93,0.82,136,136,136,136,0,0,0,0
117,99,1,156,156,156,156,0,0,0,0
117,104,1,18,18,18,18,0,0,0,0
117,112,4.92,336,336,293,293,43,43,0,0
117,113,0.77,91,91,91,91,0,0,0,0
117,114,2,328,328,328,328,0,0,0,0
117,115,2.9,343,343,343,343,0,0,0,0
117,116,1.67,224,224,224,224,0,0,0,0
117,117,3.37,304,304,304,304,0,0,0,0
117,118,2.99,204,204,204,204,0,0,0,0
117,119,5,417,417,417,417,0,0,0,0
117,120,8.2,1045,1045,919,919,127,127,0,0
117,121,4.92,639,639,639,639,0,0,0,0
117,122,2,299,299,299,299,0,0,0,0
117,123,0.66,60,60,60,60,0,0,0,0
117,125,0.54,24,24,24,24,0,0,0,0
117,126,1.84,250,250,250,250,0,0,0,0
117,127,4.21,485,485,485,485,0,0,0,0
118,49,0.64,67,67,67,67,0,0,0,0
118,50,11.51,1622,1622,1622,1622,0,0,0,0
118,51,7,1504,1504,1504,1504,0,0,0,0
118,52,2.05,257,257,235,235,0,0,0,0
118,53,4.95,1323,1323,1323,1323,0,0,0,0
118,55,1.8,394,394,394,394,0,0,0,0
118,58,8.06,1116,1116,1093,1093,8,8,0,0
118,59,11.11,1531,1531,1528,1528,1,1,0,0
118,60,9.85,1703,1703,1659,1659,15,15,0,0
118,61,7.96,1884,1884,1884,1884,0,0,0,0
118,62,0.11,26,26,26,26,0,0,0,0
118,64,4.18,318,318,318,318,0,0,0,0
118,65,3.52,277,277,277,277,0,0,0,0
118,66,1.91,163,163,163,163,0,0,0,0
118,67,2,324,324,324,324,0,0,0,0
118,71,3,271,271,204,204,68,68,0,0
118,72,1.39,209,209,209,209,0,0,0,0
118,73,0.51,135,135,135,135,0,0,0,0
118,74,1,33,33,33,33,0,0,0,0
118,75,3.27,168,168,168,168,0,0,0,0
118,76,7.37,625,625,589,589,37,37,0,0
118,77,3.81,515,515,515,515,0,0,0,0
118,81,1,21,21,0,0,0,0,0,0
118,86,1,25,25,25,25,0,0,0,0
118,92,5,394,394,372,372,23,23,0,0
118,93,5.8,627,627,537,537,90,90,0,0
118,94,0.9,89,89,89,89,0,0,0,0
118,97,1,31,31,31,31,0,0,0,0
118,111,1.7,222,222,0,0,0,0,0,0
118,112,2.1,154,154,154,154,0,0,0,0
118,113,2.93,864,864,864,864,0,0,0,0
118,114,1.66,478,478,478,478,0,0,0,0
118,115,3.7,404,404,404,404,0,0,0,0
118,116,6.3,794,794,794,794,0,0,0,0
118,117,5.08,588,588,536,536,18,18,0,0
118,118,0.09,16,16,16,16,0,0,0,0
118,120,2.78,112,112,103,103,9,9,0,0
118,121,0.88,32,32,32,32,0,0,0,0
118,122,1,66,66,66,66,0,0,0,0
118,123,1.41,65,65,65,65,0,0,0,0
118,124,2,241,241,107,107,0,0,0,0
118,127,5.72,1210,1210,1210,1210,0,0,0,0
119,49,2.1,338,338,338,338,0,0,0,0
119,50,9.92,888,888,858,858,10,10,0,0
119,51,3.18,266,266,266,266,0,0,0,0
119,52,6.62,701,701,701,701,0,0,0,0
119,53,4.99,336,336,336,336,0,0,0,0
119,55,2.2,747,747,747,747,0,0,0,0
119,58,8.89,1258,1258,1204,1204,18,18,0,0
119,59,9.08,1267,1267,1267,1267,0,0,0,0
119,60,5.57,776,776,776,776,0,0,0,0
119,61,6.89,1036,1036,1036,1036,0,0,0,0
119,62,6.93,1078,1078,1078,1078,0,0,0,0
119,64,1.82,161,161,161,161,0,0,0,0
119,65,1.19,202,202,202,202,0,0,0,0
119,66,5.86,626,626,626,626,0,0,0,0
119,69,2,190,190,190,190,0,0,0,0
119,70,3.85,293,293,293,293,0,0,0,0
119,71,1,61,61,0,0,0,0,0,0
119,72,0.47,24,24,24,24,0,0,0,0
119,73,3.74,364,364,364,364,0,0,0,0
119,74,0.58,69,69,69,69,0,0,0,0
119,75,10.71,613,613,613,613,0,0,0,0
119,76,5.65,254,254,226,226,28,28,0,0
119,77,3.64,411,411,411,411,0,0,0,0
119,92,0.56,30,30,30,30,0,0,0,0
119,93,1.48,134,134,134,134,0,0,0,0
119,94,3,223,223,223,223,0,0,0,0
119,95,1,73,73,73,73,0,0,0,0
119,111,0.3,60,60,0,0,0,0,0,0
119,112,3.09,232,232,232,232,0,0,0,0
119,113,1,124,124,124,124,0,0,0,0
119,115,2.88,192,192,192,192,0,0,0,0
119,116,2.15,188,188,188,188,0,0,0,0
119,117,1.3,90,90,90,90,0,0,0,0
119,118,1.04,179,179,179,179,0,0,0,0
119,119,2,85,85,56,56,10,10,0,0
119,120,0.2,9,9,9,9,0,0,0,0
119,121,1,357,357,357,357,0,0,0,0
119,123,4.59,453,453,353,353,0,0,0,0
119,124,1,110,110,110,110,0,0,0,0
119,126,0.12,4,4,4,4,0,0,0,0
119,127,3.07,278,278,278,278,0,0,0,0
120,49,1.03,375,375,375,375,0,0,0,0
120,50,13.18,1421,1421,1325,1325,21,21,0,0
120,51,3.8,506,506,499,499,0,0,0,0
120,52,6.17,615,615,584,584,10,10,0,0
120,53,3.24,387,387,387,387,0,0,0,0
120,54,0.96,82,82,82,82,0,0,0,0
120,55,1,11,11,11,11,0,0,0,0
120,58,3.35,985,985,981,981,1,1,0,0
120,59,9,1088,1088,1067,1067,21,21,0,0
120,60,6.44,1041,1041,1041,1041,0,0,0,0
120,61,4.31,1038,1038,936,936,102,102,0,0
120,62,3.23,666,666,582,582,84,84,0,0
120,63,2,345,345,32,32,0,0,313,313
120,65,0.81,219,219,219,219,0,0,0,0
120,66,2.14,366,366,350,350,0,0,0,0
120,70,1.15,92,92,92,92,0,0,0,0
120,72,1.66,70,70,70,70,0,0,0,0
120,73,2.64,174,174,174,174,0,0,0,0
120,74,1,33,33,0,0,0,0,0,0
120,75,1,72,72,72,72,0,0,0,0
120,92,0.44,23,23,23,23,0,0,0,0
120,95,1,114,114,114,114,0,0,0,0
120,111,2,154,154,154,154,0,0,0,0
120,112,0.2,15,15,15,15,0,0,0,0
120,115,1.85,188,188,188,188,0,0,0,0
120,117,2,281,281,238,238,14,14,0,0
120,118,1,93,93,93,93,0,0,0,0
120,120,1,194,194,194,194,0,0,0,0
120,126,0.88,30,30,30,30,0,0,0,0
120,127,4,264,264,239,239,0,0,0,0
121,49,0.83,122,122,70,70,52,52,0,0
121,50,4.26,974,974,859,859,115,115,0,0
121,51,1,66,66,66,66,0,0,0,0
121,53,1,15,15,15,15,0,0,0,0
121,54,0.03,3,3,3,3,0,0,0,0
121,55,2,50,50,29,29,7,7,0,0
121,56,1.66,233,233,233,233,0,0,0,0
121,57,3.71,372,372,372,372,0,0,0,0
121,58,5.23,1074,1074,1074,1074,0,0,0,0
121,59,7.73,2047,2047,1986,1986,20,20,0,0
121,60,5.51,884,884,842,842,14,14,0,0
121,61,4.85,1779,1779,1370,1370,409,409,0,0
121,62,0.01,5,5,0,0,5,5,0,0
121,69,2,219,219,219,219,0,0,0,0
121,73,1,122,122,122,122,0,0,0,0
121,74,1,79,79,79,79,0,0,0,0
121,76,2,922,922,0,0,0,0,313,313
121,93,1,28,28,28,28,0,0,0,0
121,116,0.73,36,36,36,36,0,0,0,0
121,117,1,36,36,36,36,0,0,0,0
121,121,1,79,79,20,20,20,20,0,0
121,122,1,31,31,31,31,0,0,0,0
121,126,3,309,309,260,260,0,0,0,0
121,127,1.46,85,85,85,85,0,0,0,0
122,49,3.22,439,439,439,439,0,0,0,0
122,50,2.85,137,137,137,137,0,0,0,0
122,51,2.13,231,231,216,216,14,14,0,0
122,52,0.06,8,8,0,0,8,8,0,0
122,56,1.5,191,191,191,191,0,0,0,0
122,57,0.5,63,63,63,63,0,0,0,0
122,60,3.14,357,357,334,334,8,8,0,0
122,61,0.48,85,85,85,85,0,0,0,0
122,69,1.81,79,79,79,79,0,0,0,0
122,70,1,24,24,24,24,0,0,0,0
122,71,2.78,220,220,220,220,0,0,0,0
122,72,2.2,118,118,118,118,0,0,0,0
122,73,1.92,133,133,133,133,0,0,0,0
122,74,5.1,533,533,436,436,97,97,0,0
122,78,1,77,77,77,77,0,0,0,0
122,79,1,96,96,96,96,0,0,0,0
122,80,1,20,20,0,0,0,0,0,0
122,84,0.6,111,111,0,0,0,0,0,0
122,85,0.4,75,75,0,0,0,0,0,0
122,110,1,10,10,0,0,0,0,0,0
122,116,2.27,154,154,154,154,0,0,0,0
122,117,0.99,178,178,178,178,0,0,0,0
123,49,4.22,521,521,521,521,0,0,0,0
123,50,11.49,753,753,534,534,219,219,0,0
123,51,15.07,866,866,453,453,413,413,0,0
123,52,3.81,425,425,162,162,264,264,0,0
123,53,1,47,47,47,47,0,0,0,0
123,58,1.74,351,351,215,215,135,135,0,0
123,59,5.5,299,299,293,293,6,6,0,0
123,60,2.54,199,199,199,199,0,0,0,0
123,61,3.97,377,377,377,377,0,0,0,0
123,64,3,342,342,342,342,0,0,0,0
123,69,1.19,164,164,164,164,0,0,0,0
123,70,2,150,150,150,150,0,0,0,0
123,75,1,188,188,188,188,0,0,0,0
123,76,3.88,303,303,303,303,0,0,0,0
123,77,2.98,156,156,156,156,0,0,0,0
123,78,0.14,9,9,9,9,0,0,0,0
123,79,0.21,24,24,24,24,0,0,0,0
123,84,1,113,113,113,113,0,0,0,0
123,95,1,41,41,41,41,0,0,0,0
123,96,0.47,41,41,41,41,0,0,0,0
123,97,0.53,46,46,46,46,0,0,0,0
123,117,1.65,246,246,246,246,0,0,0,0
123,118,2.36,211,211,211,211,0,0,0,0
123,124,2,148,148,148,148,0,0,0,0
124,48,2,193,193,193,193,0,0,0,0
124,49,2.12,206,206,206,206,0,0,0,0
124,50,2.17,236,236,222,222,14,14,0,0
124,51,1.55,72,72,38,38,35,35,0,0
124,52,0.4,57,57,57,57,0,0,0,0
124,53,5,336,336,249,249,87,87,0,0
124,55,0.03,2,2,2,2,0,0,0,0
124,56,1.96,358,358,358,358,0,0,0,0
124,58,2.24,310,310,170,170,140,140,0,0
124,61,3.22,283,283,283,283,0,0,0,0
124,62,0.79,71,71,71,71,0,0,0,0
124,67,1.96,116,116,116,116,0,0,0,0
124,68,1.04,66,66,66,66,0,0,0,0
124,72,1,50,50,50,50,0,0,0,0
124,76,6,321,321,296,296,8,8,0,0
124,77,4,145,145,145,145,0,0,0,0
124,78,2,329,329,329,329,0,0,0,0
124,79,5.34,715,715,715,715,0,0,0,0
124,80,0.45,106,106,106,106,0,0,0,0
124,82,1,313,313,0,0,0,0,313,313
124,84,1,313,313,0,0,0,0,313,313
124,85,0.07,8,8,2,2,2,2,0,0
124,86,1,95,95,95,95,0,0,0,0
124,93,2,116,116,116,116,0,0,0,0
124,94,4,388,388,388,388,0,0,0,0
124,96,1,94,94,94,94,0,0,0,0
124,116,1,146,146,146,146,0,0,0,0
124,117,1,37,37,37,37,0,0,0,0
124,119,3.65,304,304,304,304,0,0,0,0
124,120,3.9,313,313,313,313,0,0,0,0
124,121,2,276,276,276,276,0,0,0,0
124,124,2,218,218,195,195,0,0,0,0
125,48,3,363,363,363,363,0,0,0,0
125,49,5.75,487,487,416,416,24,24,0,0
125,50,3.98,309,309,309,309,0,0,0,0
125,51,4,454,454,454,454,0,0,0,0
125,52,5.06,749,749,749,749,0,0,0,0
125,55,2.58,926,926,926,926,0,0,0,0
125,56,2.39,125,125,125,125,0,0,0,0
125,60,1,89,89,89,89,0,0,0,0
125,69,1,71,71,71,71,0,0,0,0
125,71,1.1,76,76,70,70,2,2,0,0
125,72,2.76,308,308,193,193,99,99,0,0
125,73,2,91,91,91,91,0,0,0,0
125,74,5,351,351,351,351,0,0,0,0
125,75,1.83,331,331,185,185,146,146,0,0
125,76,1,28,28,28,28,0,0,0,0
125,77,10.22,630,630,532,532,52,52,0,0
125,78,4.78,281,281,281,281,0,0,0,0
125,79,2,110,110,36,36,74,74,0,0
125,85,0.93,105,105,26,26,26,26,0,0
125,113,1,119,119,119,119,0,0,0,0
125,117,2,327,327,296,296,10,10,0,0
125,118,4,566,566,566,566,0,0,0,0
125,119,2.35,213,213,213,213,0,0,0,0
125,120,3.1,374,374,374,374,0,0,0,0
125,121,2,153,153,153,153,0,0,0,0
125,123,3,277,277,245,245,11,11,0,0
125,124,2,202,202,202,202,0,0,0,0
125,125,0.42,13,13,13,13,0,0,0,0
125,126,1,86,86,86,86,0,0,0,0
126,43,1,36,36,0,0,0,0,0,0
126,46,0.89,33,33,33,33,0,0,0,0
126,48,1.36,366,366,366,366,0,0,0,0
126,50,1.32,220,220,220,220,0,0,0,0
126,51,6.78,571,571,571,571,0,0,0,0
126,52,3.45,612,612,612,612,0,0,0,0
126,54,1.35,176,176,176,176,0,0,0,0
126,55,1.04,132,132,132,132,0,0,0,0
126,60,2.94,139,139,20,20,0,0,0,0
126,61,0.06,1,1,1,1,0,0,0,0
126,71,4.34,311,311,311,311,0,0,0,0
126,72,2.81,590,590,590,590,0,0,0,0
126,75,1.17,67,67,67,67,0,0,0,0
126,77,1,91,91,91,91,0,0,0,0
126,78,1,115,115,115,115,0,0,0,0
126,79,2,978,978,978,978,0,0,0,0
126,80,1,26,26,0,0,0,0,0,0
126,82,0.48,153,153,153,153,0,0,0,0
126,115,1,150,150,150,150,0,0,0,0
126,117,1,20,20,20,20,0,0,0,0
126,118,1,103,103,103,103,0,0,0,0
126,119,4,261,261,236,236,0,0,0,0
126,120,4,340,340,340,340,0,0,0,0
126,121,5,406,406,311,311,95,95,0,0
126,122,1,20,20,20,20,0,0,0,0
126,124,4,446,446,446,446,0,0,0,0
126,125,1.58,165,165,18,18,0,0,0,0
126,126,1,181,181,181,181,0,0,0,0
127,42,0.02,5,5,0,0,0,0,0,0
127,43,3.98,466,466,189,189,0,0,0,0
127,44,1,313,313,0,0,0,0,313,313
127,45,3.96,877,877,877,877,0,0,0,0
127,46,9.28,1585,1585,1585,1585,0,0,0,0
127,47,10.51,1430,1430,1337,1337,93,93,0,0
127,48,8.85,1804,1804,1804,1804,0,0,0,0
127,49,7.72,1409,1409,1409,1409,0,0,0,0
127,50,8.23,1141,1141,1044,1044,97,97,0,0
127,51,2.62,445,445,445,445,0,0,0,0
127,52,6.38,692,692,692,692,0,0,0,0
127,53,3,390,390,390,390,0,0,0,0
127,54,2.78,436,436,436,436,0,0,0,0
127,55,4.88,921,921,921,921,0,0,0,0
127,56,3.12,323,323,323,323,0,0,0,0
127,59,0.53,104,104,104,104,0,0,0,0
127,61,1,41,41,41,41,0,0,0,0
127,63,3,152,152,152,152,0,0,0,0
127,67,1,313,313,0,0,0,0,313,313
127,69,1.36,86,86,86,86,0,0,0,0
127,70,2.64,217,217,217,217,0,0,0,0
127,74,0.87,273,273,0,0,0,0,273,273
127,78,3,105,105,78,78,0,0,0,0
127,79,1,513,513,513,513,0,0,0,0
127,82,0.52,166,166,166,166,0,0,0,0
127,115,1,99,99,99,99,0,0,0,0
127,117,0.24,37,37,37,37,0,0,0,0
127,118,0.76,117,117,117,117,0,0,0,0
127,120,5.5,429,429,361,361,0,0,0,0
127,121,1.25,139,139,139,139,0,0,0,0
127,122,3.75,385,385,385,385,0,0,0,0
127,123,1,109,109,109,109,0,0,0,0
127,124,1,105,105,105,105,0,0,0,0
127,125,3,303,303,303,303,0,0,0,0
127,126,2,148,148,148,148,0,0,0,0