x,y,number,ground_area,floor_area,residential_ground_area,residential_floor_area,economic_activity_ground_area,economic_activity_floor_area,cultural_ground_area,cultural_floor_area
0,5,5,394,394,285,285,109,109,0,0
0,12,0.41,30,30,0,0,30,30,0,0
0,13,1.59,147,147,104,104,43,43,0,0
0,94,2,269,269,269,269,0,0,0,0
0,107,2,121,121,121,121,0,0,0,0
0,111,1,94,94,94,94,0,0,0,0
0,112,1,284,284,284,284,0,0,0,0
0,113,4.19,841,841,500,500,341,341,0,0
0,114,1,134,134,134,134,0,0,0,0
0,121,0.04,6,6,0,0,6,6,0,0
0,123,0.7,65,65,65,65,0,0,0,0
0,124,1.14,61,61,61,61,0,0,0,0
0,126,1,58,58,0,0,58,58,0,0
0,127,1,107,107,107,107,0,0,0,0
1,10,2,179,179,108,108,71,71,0,0
1,25,1,30,30,30,30,0,0,0,0
1,81,0.47,194,194,194,194,0,0,0,0
1,82,1.53,288,288,288,288,0,0,0,0
1,96,1,116,116,0,0,116,116,0,0
1,97,1,21,21,21,21,0,0,0,0
1,98,1,43,43,43,43,0,0,0,0
1,102,1,71,71,71,71,0,0,0,0
1,103,2.44,141,141,141,141,0,0,0,0
1,104,1.48,139,139,139,139,0,0,0,0
1,105,3.27,258,258,258,258,0,0,0,0
1,106,4.6,820,820,178,178,642,642,0,0
1,110,0.88,132,132,132,132,0,0,0,0
1,111,2.12,180,180,180,180,0,0,0,0
1,113,1.81,746,746,0,0,746,746,0,0
1,114,3,1199,1199,305,305,894,894,0,0
1,120,1,42,42,42,42,0,0,0,0
1,122,1,133,133,133,133,0,0,0,0
1,123,1,56,56,56,56,0,0,0,0
1,124,4.15,198,198,198,198,0,0,0,0
1,125,1.92,254,254,254,254,0,0,0,0
1,126,1.93,132,132,132,132,0,0,0,0
2,17,0.01,1,1,1,1,0,0,0,0
2,30,1.49,148,148,148,148,0,0,0,0
2,31,2.51,426,426,426,426,0,0,0,0
2,96,1,59,59,59,59,0,0,0,0
2,100,3,291,291,291,291,0,0,0,0
2,101,1.57,85,85,85,85,0,0,0,0
2,102,0.44,28,28,28,28,0,0,0,0
2,103,4.19,419,419,419,419,0,0,0,0
2,105,5.66,491,491,187,187,305,305,0,0
2,106,1.46,294,294,7,7,287,287,0,0
2,110,1,42,42,42,42,0,0,0,0
2,111,1,1006,1006,0,0,1006,1006,0,0
2,112,1.46,202,202,202,202,0,0,0,0
2,114,1.14,238,238,12,12,226,226,0,0
2,115,0.86,72,72,72,72,0,0,0,0
2,124,5,161,161,133,133,27,27,0,0
2,125,2,213,213,213,213,0,0,0,0
2,126,1.15,59,59,14,14,45,45,0,0
3,12,3,350,350,75,75,275,275,0,0
3,14,1,54,54,54,54,0,0,0,0
3,17,0.36,29,29,29,29,0,0,0,0
3,18,0.63,50,50,50,50,0,0,0,0
3,19,0.7,247,247,0,0,247,247,0,0
3,20,0.3,104,104,0,0,104,104,0,0
3,97,1,45,45,45,45,0,0,0,0
3,101,1,118,118,118,118,0,0,0,0
3,102,1,90,90,90,90,0,0,0,0
3,103,0.9,138,138,138,138,0,0,0,0
3,109,1.59,162,162,162,162,0,0,0,0
3,110,4.4,661,661,661,661,0,0,0,0
3,111,4.85,726,726,396,396,330,330,0,0
3,112,2.6,304,304,130,130,175,175,0,0
3,113,2.44,374,374,147,147,227,227,0,0
3,114,0.68,474,474,0,0,474,474,0,0
3,122,0.26,17,17,17,17,0,0,0,0
3,126,1,130,130,130,130,0,0,0,0
4,16,4,417,417,334,334,83,83,0,0
4,17,1,33,33,33,33,0,0,0,0
4,100,1,52,52,52,52,0,0,0,0
4,107,0.99,72,72,72,72,0,0,0,0
4,108,0.01,1,1,1,1,0,0,0,0
4,109,2.46,117,117,117,117,0,0,0,0
4,110,1.66,332,332,332,332,0,0,0,0
4,111,5.02,758,758,758,758,0,0,0,0
4,112,2.3,371,371,371,371,0,0,0,0
4,113,1,159,159,159,159,0,0,0,0
4,114,1,32,32,32,32,0,0,0,0
4,117,1,80,80,80,80,0,0,0,0
4,118,1.38,161,161,161,161,0,0,0,0
4,119,2.59,367,367,367,367,0,0,0,0
4,120,1.01,161,161,161,161,0,0,0,0
4,122,2.74,210,210,173,173,37,37,0,0
4,123,1,29,29,29,29,0,0,0,0
4,124,2,223,223,223,223,0,0,0,0
4,125,4,225,225,225,225,0,0,0,0
4,126,0.13,25,25,25,25,0,0,0,0
4,127,1.87,253,253,253,253,0,0,0,0
5,15,1,22,22,22,22,0,0,0,0
5,16,1,31,31,31,31,0,0,0,0
5,32,2,76,76,76,76,0,0,0,0
5,84,3,329,329,329,329,0,0,0,0
5,93,3,360,360,360,360,0,0,0,0
5,98,1,146,146,146,146,0,0,0,0
5,108,2.56,365,365,365,365,0,0,0,0
5,109,4.31,730,730,730,730,0,0,0,0
5,110,1.88,317,317,165,165,152,152,0,0
5,111,0.99,68,68,67,67,1,1,0,0
5,112,3.67,398,398,398,398,0,0,0,0
5,113,1.2,71,71,14,14,57,57,0,0
5,114,2.8,145,145,145,145,0,0,0,0
5,117,2,119,119,119,119,0,0,0,0
5,119,1.02,78,78,78,78,0,0,0,0
5,121,1,60,60,60,60,0,0,0,0
5,122,1.1,111,111,111,111,0,0,0,0
5,123,2,48,48,48,48,0,0,0,0
5,126,2,251,251,251,251,0,0,0,0
5,127,1,115,115,115,115,0,0,0,0
6,4,2,135,135,135,135,0,0,0,0
6,7,0.07,3,3,3,3,0,0,0,0
6,8,0.04,2,2,2,2,0,0,0,0
6,17,0.01,1,1,1,1,0,0,0,0
6,18,1,68,68,68,68,0,0,0,0
6,19,1,76,76,76,76,0,0,0,0
6,21,1,58,58,0,0,58,58,0,0
6,35,1,70,70,70,70,0,0,0,0
6,82,2,222,222,222,222,0,0,0,0
6,84,1,78,78,78,78,0,0,0,0
6,85,4,434,434,124,124,310,310,0,0
6,91,0.09,53,53,0,0,53,53,0,0
6,92,0.27,164,164,0,0,164,164,0,0
6,93,1.91,390,390,390,390,0,0,0,0
6,94,0.09,23,23,23,23,0,0,0,0
6,95,3,195,195,195,195,0,0,0,0
6,99,0.14,13,13,0,0,13,13,0,0
6,100,2.2,228,228,146,146,82,82,0,0
6,107,4.77,631,631,555,555,76,76,0,0
6,108,1.78,149,149,149,149,0,0,0,0
6,109,2.51,302,302,302,302,0,0,0,0
6,110,2.84,353,353,353,353,0,0,0,0
6,111,1.94,237,237,237,237,0,0,0,0
6,112,1.06,70,70,70,70,0,0,0,0
6,114,1.3,173,173,173,173,0,0,0,0
6,115,1.95,107,107,107,107,0,0,0,0
6,116,0.05,3,3,3,3,0,0,0,0
6,117,1,147,147,147,147,0,0,0,0
6,121,1.83,124,124,38,38,86,86,0,0
6,122,1.07,46,46,46,46,0,0,0,0
6,123,1,52,52,52,52,0,0,0,0
6,124,1,27,27,27,27,0,0,0,0
6,125,1,53,53,53,53,0,0,0,0
6,126,3,236,236,171,171,66,66,0,0
6,127,1,56,56,56,56,0,0,0,0
7,3,1,93,93,93,93,0,0,0,0
7,4,2,192,192,192,192,0,0,0,0
7,7,1.44,116,116,116,116,0,0,95,95
7,8,0.45,22,22,22,22,0,0,0,0
7,13,1,82,82,82,82,0,0,0,0
7,14,1,97,97,97,97,0,0,0,0
7,17,0.99,57,57,57,57,0,0,0,0
7,18,0.56,22,22,22,22,0,0,0,0
7,19,0.44,17,17,17,17,0,0,0,0
7,23,1,58,58,58,58,0,0,0,0
7,26,1,21,21,21,21,0,0,0,0
7,82,1.49,130,130,130,130,0,0,58,58
7,83,2.51,221,221,113,113,108,108,61,61
7,89,1,61,61,61,61,0,0,0,0
7,91,2.47,499,499,117,117,382,382,0,0
7,92,1.18,146,146,4,4,142,142,0,0
7,93,2,224,224,0,0,224,224,0,0
7,94,3.97,323,323,171,171,152,152,0,0
7,95,1.94,150,150,150,150,0,0,0,0
7,96,0.12,4,4,4,4,0,0,0,0
7,97,0.72,255,255,255,255,0,0,255,255
7,100,0.67,61,61,61,61,0,0,0,0
7,105,2.23,314,314,249,249,65,65,0,0
7,106,0.71,745,745,0,0,745,745,0,0
7,107,3.22,339,339,339,339,0,0,0,0
7,108,0.79,37,37,37,37,0,0,0,0
7,109,4,312,312,312,312,0,0,0,0
7,110,2,410,410,410,410,0,0,0,0
7,111,0.63,119,119,119,119,0,0,0,0
7,112,2,259,259,259,259,0,0,0,0
7,114,4.7,495,495,495,495,0,0,0,0
7,115,0.46,51,51,51,51,0,0,0,0
7,116,3.54,278,278,278,278,0,0,0,0
7,117,1,27,27,27,27,0,0,0,0
7,118,2,176,176,176,176,0,0,0,0
7,123,3,132,132,32,32,99,99,0,0
7,124,1,28,28,28,28,0,0,0,0
7,126,1,61,61,61,61,0,0,0,0
7,127,2,228,228,228,228,0,0,0,0
8,3,2,179,179,179,179,0,0,0,0
8,13,1,76,76,76,76,0,0,0,0
8,15,1,72,72,72,72,0,0,0,0
8,17,1,150,150,150,150,0,0,0,0
8,20,1,99,99,99,99,0,0,0,0
8,23,1,120,120,120,120,0,0,0,0
8,24,1,53,53,0,0,53,53,0,0
8,25,0.87,53,53,53,53,0,0,0,0
8,87,2,176,176,176,176,0,0,0,0
8,91,2,340,340,340,340,0,0,142,142
8,95,0.09,6,6,6,6,0,0,0,0
8,96,0.88,31,31,31,31,0,0,0,0
8,97,0.28,98,98,98,98,0,0,98,98
8,99,1,108,108,108,108,0,0,0,0
8,102,0.38,524,524,0,0,524,524,0,0
8,103,7.48,720,720,453,453,267,267,0,0
8,104,2.21,211,211,211,211,0,0,0,0
8,105,4.29,698,698,435,435,263,263,0,0
8,106,3.13,694,694,198,198,496,496,0,0
8,108,3.16,407,407,407,407,0,0,198,198
8,109,0.34,30,30,30,30,0,0,0,0
8,110,0.47,44,44,0,0,44,44,0,0
8,111,0.9,121,121,70,70,50,50,0,0
8,113,1,160,160,160,160,0,0,0,0
8,116,0.08,3,3,3,3,0,0,0,0
8,120,1,88,88,88,88,0,0,0,0
8,122,1,94,94,94,94,0,0,0,0
9,2,4.32,263,263,142,142,121,121,0,0
9,17,1.69,229,229,229,229,0,0,0,0
9,18,1.31,97,97,97,97,0,0,0,0
9,19,1,11,11,11,11,0,0,0,0
9,23,1,70,70,70,70,0,0,0,0
9,25,2.1,106,106,106,106,0,0,0,0
9,26,1.03,100,100,100,100,0,0,0,0
9,83,1.76,99,99,99,99,0,0,0,0
9,95,0.98,63,63,56,56,6,6,0,0
9,96,0.93,79,79,0,0,79,79,0,0
9,97,3,291,291,291,291,0,0,0,0
9,98,1,94,94,94,94,0,0,0,0
9,102,2.36,806,806,358,358,448,448,0,0
9,103,2.9,719,719,241,241,477,477,0,0
9,104,3.13,166,166,108,108,58,58,0,0
9,105,3.1,728,728,469,469,258,258,0,0
9,106,4.99,399,399,186,186,213,213,0,0
9,108,0.72,115,115,115,115,0,0,0,0
9,110,1,95,95,95,95,0,0,0,0
9,112,1,142,142,142,142,0,0,0,0
9,115,0.01,2,2,2,2,0,0,2,2
9,116,1.91,204,204,204,204,0,0,162,162
9,118,3,222,222,161,161,61,61,0,0
9,119,1,149,149,149,149,0,0,0,0
9,120,0.13,12,12,12,12,0,0,0,0
9,121,4.87,483,483,387,387,96,96,149,149
9,122,1,80,80,80,80,0,0,0,0
9,124,1.78,208,208,208,208,0,0,0,0
9,125,0.22,12,12,12,12,0,0,0,0
10,2,1.68,55,55,55,55,0,0,0,0
10,3,3.99,251,251,113,113,0,0,138,138
10,4,0.01,0,0,0,0,0,0,0,0
10,5,2.49,273,273,152,152,122,122,0,0
10,18,1,127,127,0,0,127,127,0,0
10,23,0.92,194,194,194,194,0,0,0,0
10,24,0.08,17,17,17,17,0,0,0,0
10,83,0.24,19,19,19,19,0,0,0,0
10,88,2,155,155,56,56,99,99,0,0
10,89,2,147,147,147,147,0,0,0,0
10,94,2,190,190,130,130,60,60,0,0
10,95,2.09,136,136,136,136,0,0,0,0
10,101,4.37,623,623,623,623,0,0,0,0
10,102,5.38,1383,1383,593,593,580,580,209,209
10,103,1.1,41,41,41,41,0,0,0,0
10,105,0.21,97,97,97,97,0,0,0,0
10,107,2,77,77,77,77,0,0,0,0
10,111,1.3,42,42,42,42,0,0,0,0
10,112,2,197,197,197,197,0,0,0,0
10,113,4,352,352,352,352,0,0,0,0
10,115,3,92,92,92,92,0,0,0,0
10,117,1.67,82,82,53,53,29,29,0,0
10,120,1,32,32,32,32,0,0,0,0
10,123,0.89,108,108,108,108,0,0,0,0
10,125,1.89,129,129,129,129,0,0,0,0
10,126,3,289,289,289,289,0,0,126,126
11,1,2,272,272,272,272,0,0,0,0
11,4,3.17,405,405,160,160,246,246,0,0
11,5,0.51,66,66,66,66,0,0,0,0
11,13,1,38,38,38,38,0,0,0,0
11,19,3,371,371,371,371,0,0,0,0
11,23,1,213,213,213,213,0,0,0,0
11,26,2,178,178,100,100,78,78,0,0
11,29,0.1,9,9,9,9,0,0,0,0
11,87,1,72,72,72,72,0,0,0,0
11,88,1,83,83,83,83,0,0,0,0
11,93,1,61,61,61,61,0,0,0,0
11,97,1.26,217,217,122,122,95,95,0,0
11,102,0.03,18,18,0,0,18,18,0,0
11,104,2.72,235,235,114,114,121,121,0,0
11,105,1.58,111,111,85,85,26,26,0,0
11,110,1.8,262,262,261,261,1,1,0,0
11,111,0.7,19,19,19,19,0,0,0,0
11,112,1.07,71,71,71,71,0,0,12,12
11,113,1,72,72,72,72,0,0,0,0
11,115,1,51,51,51,51,0,0,0,0
11,117,0.33,14,14,0,0,14,14,0,0
11,119,2,218,218,218,218,0,0,0,0
11,121,2.03,125,125,125,125,0,0,0,0
11,122,1.03,70,70,70,70,0,0,0,0
11,123,1.44,94,94,94,94,0,0,0,0
11,124,0.67,42,42,42,42,0,0,0,0
11,125,1.11,10,10,10,10,0,0,0,0
12,4,0.83,61,61,61,61,0,0,0,0
12,14,2,240,240,240,240,0,0,0,0
12,21,1,52,52,0,0,52,52,0,0
12,23,1,12,12,12,12,0,0,0,0
12,24,2,246,246,246,246,0,0,0,0
12,28,1,114,114,114,114,0,0,0,0
12,29,3.9,318,318,185,185,133,133,0,0
12,30,2.87,291,291,127,127,164,164,0,0
12,85,3,224,224,102,102,122,122,0,0
12,91,5,605,605,193,193,411,411,0,0
12,93,2,233,233,88,88,145,145,0,0
12,97,0.74,354,354,354,354,0,0,0,0
12,105,4.7,337,337,268,268,69,69,119,119
12,110,1.18,138,138,21,21,117,117,0,0
12,111,2.62,361,361,361,361,0,0,0,0
12,112,1.46,198,198,182,182,15,15,143,143
12,113,2.46,204,204,145,145,59,59,0,0
12,114,1,99,99,99,99,0,0,0,0
12,116,1,174,174,174,174,0,0,0,0
12,118,1,42,42,42,42,0,0,0,0
12,119,1,138,138,138,138,0,0,0,0
12,120,2,108,108,108,108,0,0,0,0
12,121,0.09,8,8,8,8,0,0,0,0
12,122,2.85,115,115,115,115,0,0,0,0
12,123,1,90,90,90,90,0,0,0,0
12,124,3,126,126,126,126,0,0,0,0
12,127,1.84,198,198,85,85,113,113,0,0
13,1,1,118,118,118,118,0,0,0,0
13,12,1,89,89,89,89,0,0,0,0
13,15,1,42,42,42,42,0,0,0,0
13,17,1,77,77,77,77,0,0,0,0
13,20,1,35,35,35,35,0,0,0,0
13,22,1,62,62,62,62,0,0,0,0
13,24,1,121,121,121,121,0,0,0,0
13,27,1,49,49,49,49,0,0,0,0
13,28,1,154,154,154,154,0,0,0,0
13,30,1.13,365,365,350,350,14,14,0,0
13,84,2,105,105,41,41,64,64,0,0
13,85,4,303,303,179,179,125,125,0,0
13,87,3,246,246,182,182,64,64,0,0
13,90,3.74,223,223,141,141,82,82,0,0
13,91,0.71,50,50,25,25,24,24,0,0
13,92,1.53,127,127,99,99,28,28,99,99
13,93,4,357,357,289,289,68,68,0,0
13,99,2,193,193,0,0,83,83,110,110
13,106,0.81,71,71,71,71,0,0,71,71
13,108,2,229,229,229,229,0,0,0,0
13,111,2.4,294,294,294,294,0,0,0,0
13,114,4,372,372,372,372,0,0,0,0
13,115,2,128,128,128,128,0,0,0,0
13,117,1,60,60,60,60,0,0,0,0
13,118,1,177,177,177,177,0,0,0,0
13,120,1,17,17,17,17,0,0,0,0
14,14,1,67,67,67,67,0,0,0,0
14,15,2,124,124,124,124,0,0,0,0
14,20,3,490,490,490,490,0,0,0,0
14,25,1,51,51,51,51,0,0,0,0
14,26,1,76,76,0,0,76,76,0,0
14,28,0.98,123,123,123,123,0,0,0,0
14,69,0.25,168,168,0,0,168,168,0,0
14,84,0.16,13,13,13,13,0,0,0,0
14,85,1.42,142,142,29,29,113,113,0,0
14,86,1.58,83,83,40,40,43,43,0,0
14,88,2,133,133,0,0,133,133,0,0
14,89,6,787,787,646,646,142,142,0,0
14,90,0.01,1,1,1,1,0,0,0,0
14,92,2,88,88,88,88,0,0,0,0
14,106,0.19,16,16,16,16,0,0,16,16
14,108,2,165,165,41,41,124,124,0,0
14,109,2.53,258,258,207,207,51,51,0,0
14,110,0.47,45,45,45,45,0,0,0,0
14,113,0.13,10,10,10,10,0,0,0,0
14,114,0.87,66,66,66,66,0,0,0,0
14,116,2,74,74,74,74,0,0,0,0
14,117,0.98,77,77,77,77,0,0,0,0
14,120,1,56,56,56,56,0,0,0,0
14,123,1,27,27,27,27,0,0,0,0
14,127,0.06,5,5,5,5,0,0,0,0
15,15,2,142,142,142,142,0,0,0,0
15,18,0.93,453,453,453,453,0,0,0,0
15,20,1,54,54,54,54,0,0,0,0
15,21,3.07,467,467,467,467,0,0,0,0
15,22,0.86,681,681,681,681,0,0,0,0
15,25,1.38,265,265,265,265,0,0,0,0
15,26,3,308,308,308,308,0,0,0,0
15,27,0.62,94,94,94,94,0,0,0,0
15,28,1.02,122,122,122,122,0,0,0,0
15,32,2,74,74,74,74,0,0,0,0
15,48,1,31,31,31,31,0,0,0,0
15,69,2.63,348,348,181,181,167,167,0,0
15,70,1.12,371,371,30,30,341,341,0,0
15,84,0.84,69,69,69,69,0,0,0,0
15,88,3.85,338,338,264,264,75,75,86,86
15,104,1,15,15,15,15,0,0,0,0
15,108,1,151,151,151,151,0,0,0,0
15,109,3,309,309,309,309,0,0,0,0
15,110,1,140,140,140,140,0,0,0,0
15,111,1,114,114,114,114,0,0,0,0
15,114,1,20,20,20,20,0,0,0,0
15,117,0.02,1,1,1,1,0,0,0,0
15,123,1.08,68,68,68,68,0,0,0,0
16,0,4,599,599,284,284,316,316,0,0
16,17,2.39,753,753,753,753,0,0,0,0
16,18,4.41,1617,1617,1606,1606,11,11,0,0
16,19,2.97,599,599,0,0,599,599,0,0
16,20,3,186,186,186,186,0,0,0,0
16,21,6.2,2156,2156,1707,1707,0,0,449,449
16,22,9.87,4901,4901,4843,4843,0,0,58,58
16,23,2.52,1399,1399,1399,1399,0,0,0,0
16,24,1,173,173,173,173,0,0,0,0
16,25,0.97,125,125,125,125,0,0,0,0
16,26,0.03,4,4,4,4,0,0,0,0
16,27,1,113,113,113,113,0,0,0,0
16,32,1,121,121,121,121,0,0,121,121
16,69,0.85,49,49,49,49,0,0,0,0
16,70,0.15,9,9,9,9,0,0,0,0
16,85,2,271,271,181,181,90,90,0,0
16,86,3,233,233,79,79,154,154,0,0
16,88,0.15,15,15,15,15,0,0,15,15
16,95,1,107,107,0,0,107,107,0,0
16,101,1,134,134,134,134,0,0,0,0
16,109,1.5,46,46,46,46,0,0,0,0
16,110,1.5,216,216,216,216,0,0,0,0
16,114,0.52,42,42,42,42,0,0,0,0
16,115,1,48,48,48,48,0,0,0,0
16,123,0.92,156,156,156,156,0,0,0,0
17,16,2,197,197,197,197,0,0,0,0
17,17,4,997,997,997,997,0,0,0,0
17,18,2.93,1133,1133,1133,1133,0,0,0,0
17,19,1,260,260,0,0,260,260,0,0
17,20,0.25,128,128,128,128,0,0,0,0
17,21,7.72,3631,3631,3356,3356,0,0,0,0
17,22,8.59,5442,5442,4671,4671,280,280,490,490
17,23,4.94,1787,1787,1787,1787,0,0,0,0
17,24,2.03,233,233,233,233,0,0,0,0
17,25,3.27,528,528,431,431,96,96,0,0
17,26,1,111,111,111,111,0,0,0,0
17,27,3,332,332,201,201,132,132,0,0
17,28,2,162,162,162,162,0,0,0,0
17,45,1,113,113,0,0,113,113,0,0
17,102,1.84,165,165,82,82,83,83,0,0
17,103,1,49,49,49,49,0,0,0,0
17,110,1,50,50,50,50,0,0,50,50
17,111,1,126,126,126,126,0,0,0,0
17,112,3,168,168,168,168,0,0,0,0
17,113,4,427,427,258,258,168,168,0,0
17,114,2.48,113,113,113,113,0,0,0,0
17,117,2,113,113,113,113,0,0,0,0
17,120,0.22,8,8,8,8,0,0,0,0
17,121,0.78,27,27,27,27,0,0,0,0
17,125,1,210,210,210,210,0,0,210,210
18,15,1,79,79,79,79,0,0,0,0
18,16,1,41,41,41,41,0,0,0,0
18,17,3.64,766,766,766,766,0,0,0,0
18,18,1.73,594,594,594,594,0,0,0,0
18,20,6,1035,1035,348,348,687,687,0,0
18,21,6.05,3390,3390,1796,1796,1570,1570,0,0
18,22,4.62,3387,3387,3387,3387,0,0,0,0
18,23,4.05,1738,1738,1738,1738,0,0,0,0
18,24,1.06,66,66,66,66,0,0,0,0
18,25,3.65,677,677,677,677,0,0,0,0
18,26,1,204,204,204,204,0,0,0,0
18,30,1,110,110,110,110,0,0,0,0
18,45,1.14,129,129,98,98,31,31,0,0
18,46,0.86,187,187,0,0,187,187,0,0
18,47,1.24,231,231,231,231,0,0,0,0
18,48,0.31,70,70,40,40,31,31,0,0
18,49,1,15,15,15,15,0,0,1,1
18,96,2,104,104,104,104,0,0,0,0
18,97,1,75,75,75,75,0,0,0,0
18,102,0.16,16,16,16,16,0,0,0,0
18,103,3,326,326,326,326,0,0,223,223
18,105,0.94,34,34,34,34,0,0,0,0
18,111,1,37,37,37,37,0,0,0,0
18,114,1,78,78,0,0,78,78,0,0
18,115,1,26,26,26,26,0,0,0,0
18,116,1,57,57,57,57,0,0,0,0
18,118,2,133,133,59,59,73,73,0,0
18,125,3,189,189,189,189,0,0,0,0
19,15,2,112,112,53,53,0,0,59,59
19,18,2.11,396,396,396,396,0,0,0,0
19,19,1.01,82,82,78,78,4,4,0,0
19,20,8.93,2084,2084,1793,1793,292,292,0,0
19,21,4.54,3723,3723,3170,3170,553,553,0,0
19,22,7.31,1960,1960,1960,1960,0,0,0,0
19,23,10.06,2052,2052,2052,2052,0,0,0,0
19,33,1,40,40,40,40,0,0,0,0
19,46,0.11,25,25,0,0,25,25,0,0
19,47,1.13,255,255,53,53,202,202,0,0
19,48,1.21,276,276,76,76,200,200,0,0
19,49,1,170,170,170,170,0,0,170,170
19,97,1,217,217,0,0,217,217,0,0
19,98,1,47,47,47,47,0,0,0,0
19,105,1.23,128,128,128,128,0,0,0,0
19,112,2,112,112,112,112,0,0,0,0
19,113,1,20,20,20,20,0,0,0,0
19,114,1.12,10,10,10,10,0,0,0,0
19,115,2.34,199,199,199,199,0,0,0,0
19,117,3.06,1027,1027,1027,1027,0,0,632,632
19,118,2,153,153,153,153,0,0,0,0
19,120,1,46,46,46,46,0,0,0,0
19,124,2,139,139,139,139,0,0,0,0
19,125,1,21,21,21,21,0,0,0,0
20,17,3.69,492,492,492,492,0,0,0,0
20,18,6.72,409,409,409,409,0,0,0,0
20,20,0.88,171,171,137,137,34,34,0,0
20,21,7.8,2406,2406,2199,2199,207,207,0,0
20,22,3.67,1592,1592,1592,1592,0,0,0,0
20,30,2,170,170,111,111,58,58,0,0
20,53,0.82,71,71,71,71,0,0,0,0
20,54,0.18,15,15,15,15,0,0,0,0
20,97,1.05,76,76,76,76,0,0,71,71
20,100,1,128,128,128,128,0,0,0,0
20,101,2,129,129,129,129,0,0,0,0
20,105,0.83,155,155,155,155,0,0,0,0
20,106,2,65,65,65,65,0,0,0,0
20,113,1,57,57,57,57,0,0,0,0
20,114,1.22,39,39,39,39,0,0,0,0
20,115,1.53,350,350,317,317,32,32,0,0
20,117,0.94,172,172,172,172,0,0,67,67
20,119,0.87,28,28,28,28,0,0,0,0
20,120,1.13,55,55,55,55,0,0,0,0
20,124,3,240,240,240,240,0,0,0,0
20,127,1.96,189,189,189,189,0,0,0,0
21,15,1,80,80,0,0,80,80,0,0
21,17,2.52,917,917,917,917,0,0,0,0
21,18,1.96,410,410,410,410,0,0,0,0
21,19,1,44,44,44,44,0,0,0,0
21,20,0.58,47,47,0,0,47,47,0,0
21,21,3.61,1878,1878,804,804,0,0,1074,1074
21,22,1.86,537,537,537,537,0,0,0,0
21,27,2,282,282,282,282,0,0,0,0
21,28,1,74,74,0,0,74,74,0,0
21,37,0.35,40,40,40,40,0,0,0,0
21,95,4,278,278,278,278,0,0,0,0
21,97,1.94,156,156,156,156,0,0,0,0
21,98,1,118,118,118,118,0,0,0,0
21,99,3.35,229,229,229,229,0,0,0,0
21,100,3,307,307,307,307,0,0,0,0
21,103,1,114,114,114,114,0,0,0,0
21,106,2,163,163,163,163,0,0,0,0
21,108,1,88,88,88,88,0,0,0,0
21,114,1,124,124,124,124,0,0,0,0
21,115,0.79,124,124,0,0,124,124,0,0
21,116,2,156,156,135,135,21,21,0,0
21,117,0.15,9,9,0,0,9,9,0,0
21,118,1.85,75,75,24,24,51,51,0,0
22,3,2,242,242,145,145,96,96,0,0
22,18,1,110,110,110,110,0,0,0,0
22,19,1.77,127,127,127,127,0,0,0,0
22,21,2,229,229,229,229,0,0,0,0
22,22,2.05,303,303,303,303,0,0,0,0
22,23,2.46,394,394,380,380,0,0,14,14
22,27,0.32,88,88,88,88,0,0,0,0
22,28,1,234,234,234,234,0,0,0,0
22,29,1.26,143,143,143,143,0,0,0,0
22,30,3,415,415,415,415,0,0,0,0
22,36,0.3,68,68,68,68,0,0,68,68
22,37,1.35,236,236,236,236,0,0,161,161
22,86,0.64,51,51,0,0,51,51,0,0
22,95,1.01,347,347,11,11,336,336,0,0
22,96,1.92,238,238,106,106,132,132,0,0
22,98,1,68,68,68,68,0,0,0,0
22,99,0.65,93,93,93,93,0,0,0,0
22,100,1,59,59,59,59,0,0,0,0
22,101,2,150,150,150,150,0,0,0,0
22,102,1,67,67,67,67,0,0,0,0
22,103,2,104,104,50,50,55,55,0,0
22,104,2.36,339,339,281,281,58,58,0,0
22,105,1.01,70,70,68,68,2,2,0,0
22,107,4.06,336,336,308,308,28,28,187,187
22,108,2.07,578,578,99,99,479,479,0,0
22,109,1,163,163,163,163,0,0,0,0
22,117,1.97,238,238,136,136,102,102,0,0
22,119,0.64,48,48,48,48,0,0,0,0
22,122,4,280,280,280,280,0,0,80,80
22,124,0.37,85,85,85,85,0,0,0,0
22,125,0.53,122,122,122,122,0,0,0,0
23,1,2.98,194,194,8,8,186,186,0,0
23,2,2.02,215,215,93,93,122,122,0,0
23,3,1,211,211,211,211,0,0,211,211
23,17,0.08,6,6,0,0,6,6,0,0
23,19,1.23,98,98,98,98,0,0,0,0
23,22,2.08,714,714,714,714,0,0,0,0
23,23,3.25,948,948,948,948,0,0,0,0
23,24,1,47,47,47,47,0,0,0,0
23,27,2.68,586,586,586,586,0,0,0,0
23,29,0.74,100,100,100,100,0,0,0,0
23,30,1,246,246,246,246,0,0,0,0
23,32,0.93,196,196,196,196,0,0,0,0
23,33,0.07,15,15,15,15,0,0,0,0
23,44,1.91,175,175,175,175,0,0,0,0
23,86,1.36,144,144,0,0,144,144,0,0
23,93,0.08,6,6,6,6,0,0,0,0
23,96,2.07,118,118,110,110,7,7,0,0
23,98,1,23,23,23,23,0,0,0,0
23,103,1.22,162,162,162,162,0,0,0,0
23,104,4.4,785,785,417,417,368,368,0,0
23,105,2.01,167,167,165,165,2,2,0,0
23,106,1,152,152,152,152,0,0,0,0
23,108,2.88,88,88,88,88,0,0,0,0
23,109,2,319,319,54,54,265,265,0,0
23,110,3,209,209,209,209,0,0,0,0
23,111,1.18,37,37,37,37,0,0,0,0
23,112,0.82,43,43,43,43,0,0,0,0
23,117,1.03,26,26,23,23,3,3,0,0
23,119,0.36,28,28,28,28,0,0,0,0
23,121,1,149,149,149,149,0,0,0,0
23,124,0.05,12,12,12,12,0,0,0,0
23,125,2.05,175,175,175,175,0,0,0,0
24,17,0.97,80,80,7,7,73,73,0,0
24,18,0.95,150,150,150,150,0,0,0,0
24,22,2.16,433,433,433,433,0,0,0,0
24,32,1.11,158,158,15,15,143,143,0,0
24,33,2.89,329,329,244,244,84,84,0,0
24,35,2,263,263,263,263,0,0,0,0
24,36,2,315,315,162,162,153,153,0,0
24,37,3.4,446,446,266,266,180,180,0,0
24,43,2,296,296,296,296,0,0,0,0
24,44,2.09,157,157,157,157,0,0,0,0
24,46,2.96,166,166,166,166,0,0,0,0
24,47,1.04,74,74,74,74,0,0,0,0
24,48,0.53,112,112,112,112,0,0,0,0
24,49,3.02,504,504,365,365,139,139,0,0
24,50,2.45,330,330,330,330,0,0,0,0
24,51,1,82,82,0,0,82,82,0,0
24,93,0.92,68,68,68,68,0,0,0,0
24,94,1,371,371,0,0,371,371,0,0
24,95,1.06,101,101,50,50,51,51,0,0
24,96,1.01,124,124,121,121,3,3,0,0
24,98,2,145,145,145,145,0,0,0,0
24,99,1,26,26,26,26,0,0,0,0
24,105,4,332,332,259,259,73,73,0,0
24,106,3.11,288,288,82,82,207,207,22,22
24,107,0.88,155,155,155,155,0,0,155,155
24,110,1,45,45,45,45,0,0,0,0
24,111,2,181,181,133,133,48,48,0,0
24,112,1,100,100,100,100,0,0,0,0
24,119,1.14,43,43,2,2,41,41,0,0
24,120,1.46,45,45,45,45,0,0,0,0
25,25,1,95,95,0,0,95,95,0,0
25,27,1,140,140,140,140,0,0,0,0
25,32,2,230,230,230,230,0,0,0,0
25,33,2.78,410,410,324,324,86,86,0,0
25,34,1.79,561,561,80,80,481,481,0,0
25,35,4.11,448,448,239,239,209,209,0,0
25,36,1.13,148,148,148,148,0,0,0,0
25,37,4.6,968,968,531,531,436,436,0,0
25,38,1,168,168,168,168,0,0,0,0
25,40,0.99,230,230,230,230,0,0,0,0
25,43,1.56,224,224,151,151,73,73,0,0
25,44,0.44,58,58,0,0,58,58,0,0
25,46,3.46,300,300,300,300,0,0,0,0
25,47,4.54,655,655,655,655,0,0,0,0
25,59,2.96,524,524,176,176,348,348,0,0
25,93,1,83,83,83,83,0,0,0,0
25,94,1,74,74,74,74,0,0,0,0
25,95,1.79,1136,1136,0,0,1136,1136,0,0
25,96,3.14,297,297,253,253,44,44,0,0
25,97,1,117,117,117,117,0,0,0,0
25,98,3,288,288,288,288,0,0,0,0
25,99,1,134,134,134,134,0,0,0,0
25,100,3,458,458,295,295,164,164,0,0
25,102,0.77,61,61,61,61,0,0,0,0
25,103,0.01,1,1,1,1,0,0,0,0
25,105,2,252,252,252,252,0,0,133,133
25,106,2.01,194,194,122,122,72,72,0,0
25,119,1,33,33,0,0,33,33,0,0
25,120,1.4,60,60,60,60,0,0,0,0
26,30,2,189,189,189,189,0,0,0,0
26,33,0.72,98,98,98,98,0,0,0,0
26,35,2.17,193,193,68,68,125,125,0,0
26,36,3.02,411,411,411,411,0,0,0,0
26,38,3.12,338,338,149,149,189,189,0,0
26,39,0.01,2,2,2,2,0,0,0,0
26,40,0.01,1,1,1,1,0,0,0,0
26,57,0.44,85,85,85,85,0,0,0,0
26,58,3,379,379,236,236,143,143,0,0
26,59,0.04,7,7,5,5,2,2,0,0
26,64,3,341,341,173,173,168,168,0,0
26,88,0.71,93,93,93,93,0,0,0,0
26,89,1,91,91,91,91,0,0,0,0
26,92,1.83,426,426,180,180,246,246,0,0
26,98,1,109,109,109,109,0,0,0,0
26,102,1.22,115,115,115,115,0,0,0,0
26,104,3.36,332,332,214,214,119,119,0,0
26,105,1.01,165,165,29,29,136,136,0,0
26,110,1,138,138,138,138,0,0,0,0
26,111,2.76,283,283,104,104,179,179,0,0
26,113,3,261,261,157,157,104,104,0,0
26,117,1,34,34,34,34,0,0,0,0
26,121,1,61,61,0,0,61,61,0,0
26,126,0.25,20,20,0,0,20,20,0,0
26,127,2.75,230,230,94,94,136,136,0,0
27,18,1,78,78,0,0,78,78,0,0
27,26,2.2,301,301,212,212,89,89,0,0
27,27,0.8,74,74,1,1,73,73,0,0
27,32,0.32,69,69,69,69,0,0,0,0
27,33,1.95,289,289,289,289,0,0,0,0
27,38,1.72,296,296,296,296,0,0,0,0
27,39,2.15,222,222,222,222,0,0,0,0
27,45,0.53,117,117,117,117,0,0,0,0
27,46,1.58,400,400,376,376,24,24,0,0
27,52,2.6,598,598,311,311,287,287,0,0
27,53,0.38,82,82,0,0,82,82,0,0
27,55,0.73,57,57,0,0,57,57,0,0
27,56,5,603,603,603,603,0,0,245,245
27,57,4.55,674,674,169,169,505,505,0,0
27,63,2.56,260,260,50,50,210,210,0,0
27,64,1.44,153,153,153,153,0,0,114,114
27,88,1.29,98,98,98,98,0,0,0,0
27,92,0.17,49,49,0,0,49,49,0,0
27,95,2,57,57,57,57,0,0,0,0
27,96,1.96,132,132,132,132,0,0,0,0
27,97,1.04,128,128,128,128,0,0,0,0
27,98,1,90,90,90,90,0,0,0,0
27,99,2,127,127,127,127,0,0,0,0
27,103,1,184,184,184,184,0,0,0,0
27,104,2.15,166,166,90,90,76,76,0,0
27,105,3.26,1032,1032,0,0,1032,1032,0,0
27,106,0.22,111,111,0,0,111,111,0,0
27,109,2,146,146,74,74,71,71,0,0
27,111,3.24,240,240,137,137,103,103,93,93
27,114,3,281,281,94,94,187,187,0,0
27,116,1,81,81,81,81,0,0,0,0
27,117,0.08,2,2,2,2,0,0,0,0
28,7,0.01,1,1,1,1,0,0,0,0
28,8,0.13,30,30,30,30,0,0,0,0
28,34,1,28,28,28,28,0,0,0,0
28,35,1,175,175,0,0,175,175,0,0
28,37,1,16,16,16,16,0,0,0,0
28,38,1.92,330,330,330,330,0,0,0,0
28,39,0.97,101,101,15,15,86,86,0,0
28,45,0.02,4,4,0,0,4,4,0,0
28,46,0.87,196,196,0,0,196,196,0,0
28,48,3.66,1022,1022,224,224,798,798,0,0
28,49,1.34,173,173,0,0,173,173,0,0
28,52,0.02,4,4,0,0,4,4,0,0
28,53,1.8,240,240,182,182,58,58,0,0
28,54,0.6,44,44,0,0,44,44,0,0
28,55,0.27,21,21,0,0,21,21,0,0
28,57,0.01,3,3,0,0,3,3,0,0
28,64,0.34,28,28,0,0,28,28,0,0
28,69,1,47,47,47,47,0,0,0,0
28,74,0.19,35,35,35,35,0,0,0,0
28,75,0.81,152,152,152,152,0,0,0,0
28,81,0.93,23,23,23,23,0,0,0,0
28,105,2,105,105,105,105,0,0,0,0
28,107,1,71,71,71,71,0,0,0,0
28,116,3,241,241,155,155,86,86,0,0
28,117,0.92,21,21,21,21,0,0,0,0
29,5,1.48,74,74,74,74,0,0,0,0
29,7,3.52,548,548,354,354,194,194,0,0
29,8,0.8,193,193,193,193,0,0,0,0
29,13,1,114,114,0,0,0,0,114,114
29,25,2,115,115,115,115,0,0,0,0
29,30,2,172,172,172,172,0,0,0,0
29,39,0.11,11,11,0,0,11,11,0,0
29,52,1,73,73,0,0,73,73,0,0
29,53,0.6,43,43,0,0,43,43,0,0
29,56,1.44,180,180,180,180,0,0,0,0
29,57,0.45,33,33,33,33,0,0,0,0
29,61,0.51,57,57,0,0,57,57,0,0
29,62,3.49,429,429,285,285,144,144,0,0
29,63,1,218,218,218,218,0,0,0,0
29,64,0.66,54,54,0,0,54,54,0,0
29,79,1.52,119,119,119,119,0,0,0,0
29,80,4.48,324,324,324,324,0,0,114,114
29,81,1.43,151,151,19,19,132,132,0,0
29,111,1,56,56,56,56,0,0,0,0
29,113,1,27,27,27,27,0,0,0,0
29,118,1,92,92,92,92,0,0,0,0
29,121,1,52,52,52,52,0,0,0,0
29,125,2,222,222,188,188,34,34,0,0
30,5,1.52,168,168,52,52,116,116,0,0
30,7,0.54,63,63,63,63,0,0,0,0
30,9,0.12,17,17,0,0,17,17,0,0
30,10,1.26,296,296,259,259,38,38,0,0
30,24,1,37,37,37,37,0,0,0,0
30,33,1,111,111,0,0,111,111,0,0
30,56,0.03,2,2,2,2,0,0,0,0
30,57,0.08,5,5,5,5,0,0,0,0
30,75,1,141,141,141,141,0,0,0,0
30,77,2,207,207,207,207,0,0,0,0
30,80,1,65,65,65,65,0,0,0,0
30,81,0.65,32,32,32,32,0,0,0,0
30,82,1.87,179,179,179,179,0,0,0,0
30,83,0.13,15,15,15,15,0,0,0,0
30,97,0.29,531,531,0,0,531,531,0,0
30,98,1.4,781,781,55,55,726,726,0,0
30,110,1,69,69,69,69,0,0,0,0
30,112,1,64,64,64,64,0,0,0,0
30,115,0.52,39,39,0,0,39,39,0,0
30,116,1,99,99,99,99,0,0,0,0
30,119,1,89,89,89,89,0,0,0,0
30,122,0.06,6,6,6,6,0,0,0,0
30,123,0.94,93,93,93,93,0,0,0,0
31,5,0.1,136,136,0,0,136,136,0,0
31,6,1.9,1253,1253,40,40,1213,1213,0,0
31,8,1,44,44,44,44,0,0,0,0
31,9,0.13,19,19,0,0,19,19,0,0
31,10,0.48,68,68,0,0,68,68,0,0
31,21,1.21,459,459,0,0,459,459,0,0
31,22,0.79,904,904,0,0,904,904,0,0
31,24,1,53,53,53,53,0,0,0,0
31,25,1,15,15,15,15,0,0,0,0
31,30,0.42,48,48,48,48,0,0,0,0
31,41,1.32,717,717,124,124,593,593,0,0
31,42,0.19,140,140,0,0,140,140,0,0
31,58,1,145,145,145,145,0,0,0,0
31,97,0.28,509,509,0,0,509,509,0,0
31,98,0.04,69,69,0,0,69,69,0,0
31,100,1,133,133,133,133,0,0,0,0
31,110,1,78,78,78,78,0,0,0,0
31,111,1,115,115,115,115,0,0,0,0
31,115,1.48,113,113,77,77,36,36,0,0
31,122,1,111,111,111,111,0,0,0,0
31,127,1.77,260,260,146,146,114,114,0,0
32,5,0.74,57,57,57,57,0,0,0,0
32,8,4.28,403,403,186,186,218,218,0,0
32,9,1,20,20,20,20,0,0,0,0
32,10,2,244,244,244,244,0,0,0,0
32,28,1,152,152,0,0,152,152,0,0
32,30,2.58,242,242,68,68,174,174,0,0
32,36,1.5,173,173,173,173,0,0,0,0
32,37,3.44,652,652,415,415,237,237,0,0
32,38,1,174,174,174,174,0,0,0,0
32,39,2,288,288,288,288,0,0,0,0
32,41,1.02,221,221,120,120,101,101,0,0
32,42,0.48,91,91,0,0,91,91,0,0
32,44,2,534,534,152,152,382,382,0,0
32,97,1.71,228,228,228,228,0,0,0,0
32,100,1,91,91,91,91,0,0,0,0
32,101,1,109,109,109,109,0,0,0,0
32,102,2,159,159,84,84,75,75,0,0
32,104,1,94,94,94,94,0,0,0,0
32,105,0.73,24,24,0,0,24,24,0,0
32,108,2,145,145,145,145,0,0,0,0
32,114,1.58,207,207,207,207,0,0,0,0
32,115,0.42,80,80,80,80,0,0,0,0
32,118,1,36,36,36,36,0,0,0,0
32,119,1,83,83,83,83,0,0,0,0
32,125,2,231,231,167,167,64,64,0,0
33,5,1.26,96,96,96,96,0,0,0,0
33,6,1,113,113,113,113,0,0,0,0
33,8,0.72,114,114,114,114,0,0,0,0
33,24,1,45,45,45,45,0,0,0,0
33,28,0.24,39,39,39,39,0,0,39,39
33,29,1.76,228,228,228,228,0,0,123,123
33,34,1,160,160,160,160,0,0,0,0
33,37,0.06,14,14,0,0,14,14,0,0
33,38,3,499,499,499,499,0,0,153,153
33,43,1,159,159,159,159,0,0,0,0
33,55,2.7,286,286,107,107,180,180,0,0
33,56,0.3,10,10,10,10,0,0,0,0
33,59,0.01,0,0,0,0,0,0,0,0
33,66,3,250,250,250,250,0,0,0,0
33,80,4,376,376,83,83,292,292,0,0
33,97,1.29,117,117,117,117,0,0,0,0
33,98,2,123,123,41,41,82,82,0,0
33,99,2,209,209,83,83,126,126,0,0
33,101,0.96,84,84,84,84,0,0,0,0
33,102,4.38,449,449,341,341,109,109,0,0
33,103,1,421,421,0,0,421,421,0,0
33,105,0.27,9,9,0,0,9,9,0,0
33,109,4,328,328,207,207,121,121,0,0
33,122,1,34,34,34,34,0,0,0,0
33,124,1,32,32,32,32,0,0,0,0
34,22,0.04,2,2,2,2,0,0,0,0
34,23,1,62,62,62,62,0,0,0,0
34,34,1,79,79,0,0,79,79,0,0
34,36,0.77,139,139,14,14,124,124,0,0
34,37,1.32,236,236,0,0,236,236,0,0
34,54,3.48,436,436,131,131,305,305,0,0
34,55,1.27,306,306,306,306,0,0,0,0
34,56,2.73,827,827,143,143,684,684,0,0
34,59,2.99,354,354,155,155,199,199,155,155
34,62,1,42,42,0,0,42,42,0,0
34,71,0.59,159,159,0,0,159,159,0,0
34,87,1.19,171,171,0,0,171,171,0,0
34,88,5.04,734,734,329,329,405,405,179,179
34,89,1,84,84,84,84,0,0,0,0
34,90,1,52,52,52,52,0,0,0,0
34,94,3,135,135,135,135,0,0,73,73
34,102,0.66,69,69,0,0,69,69,0,0
34,103,1,169,169,169,169,0,0,0,0
34,115,1,43,43,43,43,0,0,0,0
34,117,3,283,283,108,108,174,174,0,0
34,123,1,32,32,32,32,0,0,0,0
34,127,1,99,99,99,99,0,0,99,99
35,5,1.52,232,232,232,232,0,0,0,0
35,22,0.96,42,42,42,42,0,0,0,0
35,36,1.45,336,336,336,336,0,0,0,0
35,37,1.54,447,447,447,447,0,0,0,0
35,38,0.92,452,452,452,452,0,0,0,0
35,44,2.01,294,294,1,1,294,294,0,0
35,50,1.75,289,289,212,212,78,78,0,0
35,51,2.25,246,246,174,174,72,72,0,0
35,52,1,63,63,63,63,0,0,0,0
35,54,0.52,70,70,0,0,70,70,0,0
35,71,3.41,697,697,240,240,458,458,0,0
35,79,0.5,184,184,184,184,0,0,0,0
35,80,0.5,184,184,184,184,0,0,0,0
35,87,1.53,82,82,82,82,0,0,0,0
35,88,3.81,371,371,115,115,257,257,0,0
35,91,1,74,74,74,74,0,0,0,0
35,92,3,189,189,189,189,0,0,0,0
35,99,2.98,372,372,43,43,329,329,0,0
35,105,2,191,191,191,191,0,0,0,0
35,118,2,287,287,149,149,137,137,0,0
35,121,0.04,3,3,3,3,0,0,0,0
35,124,2,207,207,207,207,0,0,0,0
36,5,0.48,60,60,60,60,0,0,0,0
36,10,1,52,52,52,52,0,0,0,0
36,22,1.78,266,266,0,0,266,266,0,0
36,43,0.39,74,74,17,17,58,58,0,0
36,44,4.6,641,641,398,398,244,244,0,0
36,53,2,172,172,172,172,0,0,0,0
36,55,2,347,347,0,0,347,347,0,0
36,70,1,110,110,110,110,0,0,0,0
36,76,1,25,25,25,25,0,0,0,0
36,87,2.38,203,203,174,174,29,29,0,0
36,88,0.05,2,2,2,2,0,0,0,0
36,99,2.02,216,216,215,215,1,1,0,0
36,102,1.92,247,247,247,247,0,0,0,0
36,103,0.08,10,10,10,10,0,0,0,0
36,111,1.92,62,62,62,62,0,0,0,0
36,116,1,60,60,60,60,0,0,0,0
36,120,1,68,68,68,68,0,0,0,0
36,121,0.96,84,84,84,84,0,0,0,0
36,122,1,69,69,69,69,0,0,0,0
36,126,0.77,89,89,21,21,68,68,0,0
36,127,2.87,518,518,245,245,272,272,0,0
37,5,1,155,155,155,155,0,0,0,0
37,22,2.22,283,283,258,258,25,25,0,0
37,38,1,173,173,173,173,0,0,0,0
37,47,1,114,114,114,114,0,0,0,0
37,51,2,85,85,85,85,0,0,0,0
37,56,3,386,386,153,153,233,233,0,0
37,68,0.19,50,50,0,0,50,50,0,0
37,79,5.03,833,833,780,780,53,53,0,0
37,80,0.92,458,458,8,8,450,450,0,0
37,101,1.85,432,432,201,201,231,231,0,0
37,111,0.08,2,2,2,2,0,0,0,0
37,113,1,65,65,65,65,0,0,0,0
37,115,0.95,43,43,43,43,0,0,0,0
37,116,1.05,17,17,17,17,0,0,0,0
37,117,3,270,270,162,162,109,109,0,0
37,121,1.82,63,63,63,63,0,0,0,0
37,122,0.18,6,6,6,6,0,0,0,0
37,125,2,78,78,78,78,0,0,0,0
37,126,3.36,345,345,306,306,39,39,0,0
37,127,1,87,87,0,0,87,87,0,0
38,6,0.69,95,95,95,95,0,0,0,0
38,7,0.31,42,42,42,42,0,0,0,0
38,15,3,318,318,198,198,120,120,0,0
38,25,1,91,91,91,91,0,0,0,0
38,45,1,284,284,0,0,284,284,0,0
38,46,2,366,366,365,365,1,1,0,0
38,55,2,236,236,236,236,0,0,0,0
38,57,0.06,2,2,2,2,0,0,0,0
38,68,2.76,554,554,254,254,300,300,0,0
38,69,0.05,12,12,12,12,0,0,0,0
38,79,2.82,393,393,234,234,159,159,0,0
38,80,0.27,59,59,59,59,0,0,0,0
38,100,1,273,273,0,0,273,273,0,0
38,101,2.15,277,277,277,277,0,0,0,0
38,102,2.85,198,198,150,150,49,49,0,0
38,103,0.05,3,3,0,0,3,3,0,0
38,109,1.98,190,190,58,58,132,132,0,0
38,110,2,139,139,139,139,0,0,110,110
38,117,2,88,88,88,88,0,0,0,0
38,122,6,604,604,457,457,147,147,0,0
38,123,1,195,195,0,0,195,195,0,0
39,29,4.34,451,451,219,219,232,232,0,0
39,50,1,94,94,0,0,94,94,0,0
39,51,2,182,182,182,182,0,0,0,0
39,56,1,185,185,185,185,0,0,0,0
39,57,3.01,148,148,74,74,74,74,0,0
39,63,2,95,95,95,95,0,0,0,0
39,74,0.01,5,5,0,0,5,5,0,0
39,75,0.04,17,17,0,0,17,17,0,0
39,76,0.92,16,16,16,16,0,0,0,0
39,77,1.08,338,338,338,338,0,0,0,0
39,79,7.14,1411,1411,1067,1067,344,344,0,0
39,80,3.82,830,830,830,830,0,0,0,0
39,81,0.59,1005,1005,0,0,1005,1005,0,0
39,91,1,113,113,113,113,0,0,0,0
39,92,1.09,375,375,0,0,375,375,0,0
39,93,0.75,159,159,0,0,159,159,0,0
39,96,1.2,143,143,124,124,19,19,0,0
39,100,1.2,149,149,149,149,0,0,0,0
39,101,0.8,53,53,53,53,0,0,0,0
39,102,0.09,5,5,0,0,5,5,0,0
39,109,2.02,311,311,0,0,311,311,0,0
39,113,2,227,227,56,56,171,171,0,0
39,116,1,68,68,68,68,0,0,0,0
39,119,1,1040,1040,0,0,1040,1040,0,0
39,125,1,87,87,87,87,0,0,0,0
39,126,3.1,228,228,228,228,0,0,0,0
39,127,0.9,117,117,117,117,0,0,0,0
40,8,1.2,101,101,51,51,51,51,0,0
40,9,3.8,867,867,219,219,649,649,0,0
40,14,1.02,117,117,117,117,0,0,0,0
40,15,2.67,176,176,107,107,68,68,0,0
40,18,1,193,193,0,0,193,193,0,0
40,29,1.66,113,113,113,113,0,0,0,0
40,30,0.17,58,58,0,0,58,58,0,0
40,31,0.82,232,232,89,89,143,143,0,0
40,36,1,104,104,104,104,0,0,0,0
40,41,1,339,339,339,339,0,0,0,0
40,50,1,192,192,192,192,0,0,0,0
40,51,1,48,48,48,48,0,0,0,0
40,57,0.79,85,85,85,85,0,0,0,0
40,58,1.14,142,142,142,142,0,0,0,0
40,63,2,229,229,229,229,0,0,0,0
40,64,1.93,137,137,97,97,40,40,0,0
40,74,0.11,48,48,0,0,48,48,0,0
40,75,0.84,375,375,0,0,375,375,0,0
40,79,0.49,48,48,48,48,0,0,0,0
40,80,2.75,993,993,993,993,0,0,0,0
40,81,3.48,1280,1280,351,351,929,929,0,0
40,92,1.14,200,200,0,0,200,200,0,0
40,93,5.02,1166,1166,85,85,1081,1081,0,0
40,96,1.8,195,195,118,118,77,77,0,0
40,97,1,80,80,80,80,0,0,0,0
40,104,0.4,136,136,0,0,136,136,0,0
40,105,0.34,116,116,0,0,116,116,0,0
40,118,1,34,34,34,34,0,0,0,0
40,121,2,192,192,116,116,76,76,0,0
40,124,0.89,337,337,0,0,337,337,0,0
40,125,0.11,43,43,0,0,43,43,0,0
40,126,2,131,131,131,131,0,0,0,0
41,13,0.29,23,23,23,23,0,0,0,0
41,15,0.31,18,18,18,18,0,0,0,0
41,18,1,65,65,0,0,65,65,0,0
41,22,1.47,146,146,146,146,0,0,0,0
41,30,0.37,123,123,0,0,123,123,0,0
41,31,2,283,283,192,192,91,91,0,0
41,32,1.64,241,241,99,99,143,143,0,0
41,33,1,259,259,0,0,259,259,0,0
41,42,1,38,38,38,38,0,0,0,0
41,44,4,472,472,282,282,190,190,0,0
41,46,1.37,310,310,192,192,118,118,0,0
41,47,0.63,198,198,0,0,198,198,0,0
41,54,1.57,168,168,168,168,0,0,0,0
41,55,0.88,142,142,0,0,142,142,0,0
41,56,3,372,372,83,83,289,289,0,0
41,61,1,127,127,127,127,0,0,0,0
41,63,1.17,123,123,77,77,46,46,0,0
41,64,3.07,222,222,222,222,0,0,0,0
41,75,2,193,193,0,0,193,193,0,0
41,79,0.51,49,49,49,49,0,0,0,0
41,80,0.11,55,55,55,55,0,0,0,0
41,81,0.07,34,34,34,34,0,0,0,0
41,101,0.08,9,9,9,9,0,0,0,0
41,104,1.6,409,409,49,49,361,361,0,0
41,105,3.66,803,803,320,320,484,484,0,0
41,119,1,47,47,47,47,0,0,0,0
41,124,1,50,50,0,0,50,50,0,0
41,127,3,367,367,302,302,65,65,250,250
42,10,0.02,8,8,0,0,8,8,0,0
42,13,3.32,269,269,198,198,71,71,0,0
42,14,2.39,287,287,38,38,249,249,0,0
42,16,1,78,78,0,0,78,78,0,0
42,18,0.14,8,8,0,0,8,8,0,0
42,21,1,72,72,72,72,0,0,0,0
42,22,0.53,72,72,72,72,0,0,0,0
42,32,2,216,216,117,117,98,98,0,0
42,33,1.95,274,274,122,122,152,152,0,0
42,34,0.05,8,8,0,0,8,8,0,0
42,38,1,32,32,32,32,0,0,0,0
42,41,3.49,440,440,232,232,208,208,0,0
42,42,0.5,152,152,0,0,152,152,0,0
42,54,0.43,64,64,64,64,0,0,0,0
42,55,1.12,270,270,0,0,270,270,0,0
42,56,2,380,380,65,65,315,315,0,0
42,57,1,111,111,111,111,0,0,0,0
42,58,1,76,76,0,0,76,76,0,0
42,59,3.35,272,272,209,209,63,63,0,0
42,63,1.83,372,372,151,151,220,220,0,0
42,75,1.98,1345,1345,0,0,1345,1345,0,0
42,79,2.31,549,549,41,41,509,509,0,0
42,80,0.59,49,49,19,19,29,29,0,0
42,81,1.61,434,434,0,0,434,434,0,0
42,100,4,193,193,137,137,56,56,0,0
42,101,2.92,489,489,489,489,0,0,0,0
42,102,1.86,225,225,160,160,65,65,0,0
42,103,3.14,311,311,214,214,97,97,0,0
42,104,1,211,211,211,211,0,0,0,0
42,106,2,616,616,228,228,388,388,0,0
42,108,1,234,234,234,234,0,0,0,0
42,109,1,230,230,230,230,0,0,0,0
42,110,3.18,637,637,279,279,358,358,0,0
42,111,2.88,584,584,574,574,11,11,0,0
42,114,1,99,99,99,99,0,0,0,0
42,119,2.14,172,172,172,172,0,0,0,0
42,123,2.97,256,256,183,183,73,73,0,0
43,10,3.98,833,833,133,133,700,700,0,0
43,12,1.87,287,287,159,159,127,127,0,0
43,13,3.13,276,276,144,144,132,132,0,0
43,18,0.86,51,51,0,0,51,51,0,0
43,19,1,103,103,0,0,103,103,0,0
43,31,2,130,130,0,0,130,130,0,0
43,32,2,225,225,225,225,0,0,0,0
43,35,1,82,82,82,82,0,0,0,0
43,37,4,343,343,94,94,249,249,0,0
43,41,0.01,1,1,0,0,1,1,0,0
43,57,5,612,612,190,190,423,423,0,0
43,58,1,120,120,0,0,120,120,0,0
43,59,0.65,71,71,71,71,0,0,0,0
43,64,1.11,201,201,17,17,183,183,0,0
43,74,1,45,45,45,45,0,0,0,0
43,75,1.38,1023,1023,0,0,1023,1023,0,0
43,79,1.54,690,690,0,0,690,690,0,0
43,80,5.01,1749,1749,131,131,1618,1618,0,0
43,81,3.49,1565,1565,208,208,1357,1357,0,0
43,82,3,379,379,328,328,51,51,0,0
43,93,0.88,99,99,99,99,0,0,0,0
43,101,0.03,3,3,3,3,0,0,0,0
43,102,0.97,76,76,76,76,0,0,0,0
43,105,1.95,176,176,176,176,0,0,0,0
43,106,0.05,5,5,5,5,0,0,0,0
43,107,2,358,358,129,129,229,229,0,0
43,108,3,343,343,343,343,0,0,0,0
43,109,3.35,839,839,463,463,377,377,0,0
43,110,3.44,499,499,164,164,334,334,0,0
43,111,2.94,478,478,112,112,366,366,0,0
43,112,1.75,143,143,143,143,0,0,0,0
43,113,0.25,41,41,41,41,0,0,0,0
43,115,1.32,636,636,0,0,636,636,0,0
43,116,3.05,489,489,213,213,276,276,0,0
43,117,4,320,320,79,79,241,241,0,0
43,118,1,111,111,111,111,0,0,0,0
43,119,1.86,318,318,191,191,128,128,0,0
43,123,3.03,290,290,290,290,0,0,143,143
44,7,1.49,192,192,123,123,70,70,123,123
44,8,0.43,52,52,0,0,52,52,0,0
44,9,1,147,147,147,147,0,0,0,0
44,23,3.95,181,181,35,35,146,146,0,0
44,24,7.05,556,556,494,494,63,63,0,0
44,26,1.79,609,609,92,92,517,517,0,0
44,38,0.85,100,100,100,100,0,0,0,0
44,39,1.66,208,208,86,86,122,122,0,0
44,63,2.04,124,124,58,58,66,66,0,0
44,64,2.86,598,598,597,597,1,1,0,0
44,75,0.64,1328,1328,0,0,1328,1328,0,0
44,80,0.27,227,227,227,227,0,0,0,0
44,81,1.86,1025,1025,935,935,89,89,0,0
44,87,1,189,189,189,189,0,0,0,0
44,93,1.12,156,156,156,156,0,0,0,0
44,94,1,237,237,237,237,0,0,0,0
44,99,1,117,117,117,117,0,0,117,117
44,102,1,126,126,126,126,0,0,0,0
44,108,3,229,229,229,229,0,0,0,0
44,110,1.2,93,93,27,27,66,66,0,0
44,115,0.62,387,387,0,0,387,387,0,0
44,116,0.01,3,3,0,0,3,3,0,0
44,117,1,127,127,127,127,0,0,127,127
44,123,0.86,154,154,154,154,0,0,0,0
44,124,0.14,25,25,25,25,0,0,0,0
45,7,0.08,10,10,10,10,0,0,10,10
45,20,0.63,66,66,66,66,0,0,0,0
45,25,0.65,320,320,0,0,320,320,0,0
45,26,2.55,619,619,144,144,475,475,0,0
45,38,0.48,74,74,18,18,57,57,0,0
45,39,1.01,179,179,0,0,179,179,0,0
45,44,1,132,132,132,132,0,0,0,0
45,73,0.03,308,308,0,0,308,308,0,0
45,74,0.07,457,457,0,0,457,457,0,0
45,75,0.46,2179,2179,0,0,2179,2179,0,0
45,81,0.32,116,116,116,116,0,0,0,0
45,86,1,97,97,97,97,0,0,0,0
45,87,1.59,115,115,0,0,54,54,61,61
45,88,1,120,120,120,120,0,0,120,120
45,89,1.19,83,83,83,83,0,0,0,0
45,90,1.59,553,553,100,100,453,453,0,0
45,91,1,148,148,148,148,0,0,0,0
45,95,2,167,167,64,64,103,103,0,0
45,105,4,305,305,238,238,67,67,0,0
45,108,1,83,83,0,0,83,83,0,0
45,111,3,180,180,180,180,0,0,0,0
45,113,1,459,459,0,0,459,459,0,0
45,114,0.71,120,120,120,120,0,0,0,0
45,115,0.29,50,50,50,50,0,0,0,0
45,124,1,113,113,113,113,0,0,0,0
45,125,2.36,288,288,288,288,0,0,145,145
45,126,2.64,321,321,51,51,270,270,23,23
46,19,5,966,966,778,778,188,188,0,0
46,20,3.37,395,395,395,395,0,0,0,0
46,21,1,120,120,120,120,0,0,0,0
46,24,1,183,183,183,183,0,0,0,0
46,34,1.26,129,129,105,105,24,24,0,0
46,45,1,44,44,44,44,0,0,0,0
46,55,3,262,262,117,117,145,145,0,0
46,65,1,100,100,0,0,100,100,0,0
46,73,0.36,3424,3424,0,0,3424,3424,0,0
46,74,0.55,4586,4586,0,0,4586,4586,0,0
46,75,0.37,1742,1742,0,0,1742,1742,0,0
46,82,0.43,38,38,38,38,0,0,0,0
46,85,1,60,60,60,60,0,0,0,0
46,87,1.4,125,125,96,96,15,15,14,14
46,88,1.01,56,56,1,1,55,55,0,0
46,90,1.22,532,532,0,0,532,532,0,0
46,93,2.73,162,162,102,102,60,60,0,0
46,94,2.27,245,245,89,89,156,156,0,0
46,95,1.75,154,154,154,154,0,0,0,0
46,96,2,81,81,81,81,0,0,0,0
46,98,5,142,142,60,60,81,81,0,0
46,99,4,343,343,0,0,343,343,0,0
46,100,1,145,145,145,145,0,0,145,145
46,101,2,35,35,0,0,35,35,0,0
46,103,2,207,207,132,132,75,75,0,0
46,112,1,41,41,41,41,0,0,0,0
46,114,2,155,155,77,77,78,78,0,0
46,120,0.27,22,22,0,0,22,22,0,0
46,121,3.73,349,349,168,168,181,181,0,0
46,124,1,113,113,113,113,0,0,0,0
46,126,1.59,165,165,165,165,0,0,0,0
46,127,2,307,307,307,307,0,0,0,0
47,20,1,62,62,62,62,0,0,0,0
47,22,1,92,92,92,92,0,0,0,0
47,23,0.57,86,86,86,86,0,0,0,0
47,24,4.42,388,388,214,214,131,131,43,43
47,28,2,675,675,0,0,675,675,0,0
47,30,2,552,552,0,0,552,552,0,0
47,34,0.74,68,68,0,0,68,68,0,0
47,64,3,276,276,197,197,79,79,0,0
47,66,1,102,102,102,102,0,0,0,0
47,73,1.09,1255,1255,0,0,1255,1255,0,0
47,74,0.56,3159,3159,0,0,3159,3159,0,0
47,75,0.39,1981,1981,0,0,1981,1981,0,0
47,80,0.96,110,110,110,110,0,0,0,0
47,82,0.57,49,49,49,49,0,0,0,0
47,85,2,138,138,138,138,0,0,90,90
47,92,1.31,140,140,140,140,0,0,0,0
47,93,1.69,130,130,85,85,45,45,0,0
47,94,1,35,35,35,35,0,0,0,0
47,95,1.04,79,79,79,79,0,0,0,0
47,96,1,79,79,79,79,0,0,0,0
47,103,4,368,368,164,164,204,204,82,82
47,107,1,98,98,98,98,0,0,0,0
47,108,1,28,28,28,28,0,0,0,0
47,111,2,113,113,46,46,67,67,46,46
47,123,2,150,150,89,89,61,61,0,0
47,125,1,40,40,0,0,40,40,0,0
47,126,1.41,169,169,62,62,107,107,0,0
47,127,1.58,554,554,82,82,472,472,82,82
48,17,2.79,1848,1848,0,0,1848,1848,0,0
48,22,1.32,589,589,589,589,0,0,0,0
48,23,3.63,382,382,382,382,0,0,0,0
48,24,3.82,488,488,457,457,0,0,30,30
48,25,1.68,332,332,332,332,0,0,0,0
48,29,1,775,775,0,0,775,775,0,0
48,43,3,359,359,294,294,65,65,0,0
48,55,3.95,629,629,127,127,502,502,0,0
48,73,1,3964,3964,0,0,3964,3964,0,0
48,74,1.59,2028,2028,0,0,2028,2028,0,0
48,75,0.26,973,973,0,0,973,973,0,0
48,80,1.37,517,517,112,112,404,404,0,0
48,81,1.67,925,925,0,0,925,925,0,0
48,89,0.8,91,91,85,85,7,7,0,0
48,90,2.28,178,178,47,47,131,131,0,0
48,91,1,110,110,110,110,0,0,0,0
48,95,0.2,17,17,17,17,0,0,0,0
48,112,1,52,52,52,52,0,0,0,0
48,113,1,62,62,62,62,0,0,0,0
48,117,1.65,277,277,277,277,0,0,0,0
48,123,1.27,915,915,0,0,915,915,0,0
48,127,0.42,60,60,60,60,0,0,60,60
49,17,0.21,382,382,0,0,382,382,0,0
49,19,1.18,4757,4757,0,0,4757,4757,0,0
49,20,1.05,1567,1567,0,0,1567,1567,0,0
49,23,5.15,554,554,274,274,280,280,0,0
49,24,5.09,464,464,307,307,156,156,0,0
49,25,0.32,76,76,76,76,0,0,0,0
49,29,1,118,118,0,0,118,118,0,0
49,55,0.05,17,17,0,0,17,17,0,0
49,72,0.13,426,426,0,0,426,426,0,0
49,73,0.86,2803,2803,0,0,2803,2803,0,0
49,74,0.65,2676,2676,0,0,2676,2676,0,0
49,75,0.06,183,183,0,0,183,183,0,0
49,78,0.75,235,235,0,0,235,235,0,0
49,89,0.93,85,85,0,0,85,85,0,0
49,116,1,79,79,0,0,79,79,0,0
49,117,0.35,57,57,57,57,0,0,0,0
49,123,2.73,380,380,0,0,380,380,0,0
49,124,2,140,140,96,96,43,43,0,0
49,125,1,136,136,136,136,0,0,0,0
50,19,1.3,8402,8402,0,0,8402,8402,0,0
50,20,0.11,2833,2833,0,0,2833,2833,0,0
50,23,1,165,165,165,165,0,0,0,0
50,25,3,392,392,307,307,85,85,0,0
50,28,5,403,403,251,251,152,152,0,0
50,29,0.96,171,171,171,171,0,0,0,0
50,30,1.04,130,130,130,130,0,0,0,0
50,72,1.66,2019,2019,0,0,2019,2019,0,0
50,73,1.16,1098,1098,0,0,1098,1098,0,0
50,74,0.57,2698,2698,0,0,2698,2698,0,0
50,78,0.29,78,78,5,5,74,74,0,0
50,79,1.98,216,216,212,212,4,4,0,0
50,80,0.98,257,257,257,257,0,0,0,0
50,81,1.16,208,208,208,208,0,0,0,0
50,113,1,112,112,112,112,0,0,0,0
50,121,2,209,209,143,143,65,65,0,0
50,122,1,105,105,0,0,105,105,0,0
50,124,0.49,98,98,98,98,0,0,0,0
50,125,2.53,483,483,333,333,149,149,230,230
50,126,0.98,1376,1376,0,0,1376,1376,0,0
51,18,0.3,2107,2107,0,0,2107,2107,0,0
51,19,0.27,6673,6673,0,0,6673,6673,0,0
51,20,1.86,2625,2625,0,0,2625,2625,0,0
51,22,3,521,521,0,0,521,521,0,0
51,23,0.13,80,80,0,0,80,80,0,0
51,24,0.01,15,15,0,0,15,15,0,0
51,25,0.23,260,260,0,0,260,260,0,0
51,30,1.74,226,226,226,226,0,0,0,0
51,31,0.26,25,25,25,25,0,0,0,0
51,34,1,152,152,152,152,0,0,0,0
51,45,5,584,584,434,434,150,150,0,0
51,46,2,319,319,127,127,192,192,0,0
51,68,2,501,501,327,327,174,174,0,0
51,70,1.42,152,152,0,0,152,152,0,0
51,71,1,95,95,0,0,95,95,0,0
51,72,1.09,1670,1670,0,0,1670,1670,0,0
51,73,0.88,4817,4817,0,0,4817,4817,0,0
51,74,0.39,2576,2576,0,0,2576,2576,0,0
51,81,1.27,537,537,235,235,303,303,0,0
51,82,2.57,661,661,256,256,405,405,0,0
51,83,2.27,754,754,235,235,519,519,0,0
51,84,0.73,85,85,0,0,85,85,0,0
51,92,2,115,115,52,52,63,63,0,0
51,93,0.53,77,77,0,0,77,77,0,0
51,104,2,154,154,154,154,0,0,0,0
51,112,1,82,82,0,0,82,82,0,0
51,113,3.78,532,532,532,532,0,0,0,0
51,116,0.2,38,38,38,38,0,0,0,0
51,117,2.68,289,289,180,180,109,109,0,0
51,120,2,249,249,249,249,0,0,0,0
51,123,0.53,146,146,0,0,146,146,0,0
51,124,3.47,734,734,122,122,612,612,0,0
51,126,1,59,59,59,59,0,0,0,0
52,18,0.7,4854,4854,0,0,4854,4854,0,0
52,19,2,793,793,0,0,793,793,0,0
52,20,2.23,477,477,0,0,477,477,0,0
52,22,0.99,2428,2428,0,0,2428,2428,0,0
52,23,1.27,3327,3327,0,0,3327,3327,0,0
52,24,0.91,4631,4631,0,0,4631,4631,0,0
52,25,1.45,637,637,114,114,523,523,0,0
52,28,1.58,125,125,64,64,61,61,0,0
52,29,1.42,189,189,145,145,45,45,0,0
52,30,4,399,399,210,210,188,188,108,108
52,31,0.91,79,79,79,79,0,0,0,0
52,32,1.01,142,142,142,142,0,0,0,0
52,33,0.08,11,11,11,11,0,0,0,0
52,35,4,367,367,293,293,74,74,0,0
52,36,4.74,278,278,127,127,152,152,0,0
52,37,2.26,153,153,78,78,75,75,0,0
52,48,1.96,220,220,220,220,0,0,0,0
52,49,1.01,88,88,1,1,87,87,0,0
52,70,3.58,310,310,155,155,155,155,0,0
52,71,0.15,965,965,0,0,965,965,0,0
52,72,0.6,3967,3967,0,0,3967,3967,0,0
52,73,1.69,4875,4875,0,0,4875,4875,0,0
52,78,1,210,210,210,210,0,0,0,0
52,79,2.37,317,317,317,317,0,0,0,0
52,80,2.61,594,594,594,594,0,0,0,0
52,81,0.02,7,7,7,7,0,0,0,0
52,84,1.2,178,178,178,178,0,0,0,0
52,85,0.8,158,158,158,158,0,0,0,0
52,86,1,226,226,226,226,0,0,0,0
52,93,0.47,70,70,0,0,70,70,0,0
52,95,1,228,228,228,228,0,0,0,0
52,96,1.64,139,139,75,75,64,64,0,0
52,97,2.36,391,391,128,128,264,264,0,0
52,98,4,376,376,182,182,194,194,0,0
52,99,4,277,277,64,64,212,212,0,0
52,100,2,284,284,284,284,0,0,0,0
52,101,3.97,348,348,245,245,104,104,0,0
52,102,2.03,348,348,348,348,0,0,0,0
52,103,2,142,142,142,142,0,0,0,0
52,112,0.16,11,11,0,0,11,11,0,0
52,113,1.06,101,101,44,44,57,57,0,0
52,116,1.02,195,195,195,195,0,0,0,0
52,117,1.1,153,153,18,18,135,135,0,0
52,119,4,212,212,127,127,85,85,0,0
52,121,1,50,50,50,50,0,0,0,0
52,122,1,62,62,62,62,0,0,0,0
52,127,2,265,265,145,145,120,120,0,0
53,19,4,570,570,0,0,570,570,0,0
53,20,2,130,130,130,130,0,0,0,0
53,21,0.22,29,29,0,0,29,29,0,0
53,22,3.01,624,624,298,298,327,327,0,0
53,23,1,161,161,161,161,0,0,0,0
53,24,3,287,287,182,182,105,105,0,0
53,25,2,147,147,147,147,0,0,0,0
53,28,1,125,125,0,0,125,125,0,0
53,32,1,37,37,37,37,0,0,0,0
53,39,0.03,3,3,3,3,0,0,0,0
53,41,0.99,204,204,204,204,0,0,0,0
53,42,1,156,156,156,156,0,0,0,0
53,43,0.68,32,32,32,32,0,0,0,0
53,44,2.32,345,345,212,212,133,133,0,0
53,48,0.04,5,5,5,5,0,0,0,0
53,49,2.99,331,331,223,223,107,107,0,0
53,50,2.79,272,272,129,129,143,143,0,0
53,51,3.29,273,273,70,70,203,203,0,0
53,71,0.2,357,357,0,0,357,357,0,0
53,72,1.78,2828,2828,0,0,2828,2828,0,0
53,73,1.57,2264,2264,0,0,2264,2264,0,0
53,77,0.83,6,6,6,6,0,0,0,0
53,78,0.23,391,391,0,0,391,391,0,0
53,81,1,160,160,160,160,0,0,160,160
53,89,1,118,118,118,118,0,0,0,0
53,102,1,38,38,38,38,0,0,0,0
53,103,2,161,161,161,161,0,0,0,0
53,105,1,80,80,80,80,0,0,0,0
53,107,2,998,998,0,0,998,998,0,0
53,115,2,233,233,92,92,141,141,0,0
53,127,1,136,136,0,0,136,136,0,0
54,0,0.6,104,104,104,104,0,0,0,0
54,1,1.4,206,206,69,69,137,137,0,0
54,21,2.78,341,341,236,236,105,105,0,0
54,22,4,594,594,334,334,260,260,0,0
54,29,1.11,73,73,25,25,48,48,0,0
54,30,0.89,194,194,194,194,0,0,0,0
54,31,1,43,43,43,43,0,0,0,0
54,39,3.96,435,435,336,336,99,99,0,0
54,40,2.01,275,275,0,0,275,275,0,0
54,41,1.01,83,83,83,83,0,0,0,0
54,42,4,368,368,263,263,105,105,145,145
54,43,1,174,174,174,174,0,0,0,0
54,46,3,210,210,69,69,141,141,0,0
54,50,0.92,163,163,163,163,0,0,0,0
54,51,4,262,262,156,156,106,106,0,0
54,71,0.84,612,612,0,0,612,612,0,0
54,72,0.39,663,663,0,0,663,663,0,0
54,73,0.61,1039,1039,0,0,1039,1039,0,0
54,76,1,11,11,11,11,0,0,0,0
54,77,0.17,1,1,1,1,0,0,0,0
54,78,0.77,1285,1285,0,0,1285,1285,0,0
54,80,2.88,409,409,409,409,0,0,0,0
54,81,0.23,28,28,28,28,0,0,0,0
54,90,4,298,298,298,298,0,0,73,73
54,91,1.84,1058,1058,0,0,1058,1058,0,0
54,105,1.69,185,185,103,103,82,82,0,0
54,106,2.63,416,416,109,109,307,307,0,0
54,107,1.37,153,153,0,0,153,153,0,0
54,115,1,95,95,0,0,95,95,0,0
54,119,1.74,171,171,92,92,79,79,0,0
54,120,1.18,291,291,0,0,291,291,0,0
54,121,1,286,286,0,0,286,286,0,0
54,125,4,230,230,166,166,64,64,92,92
55,0,1.77,238,238,106,106,132,132,0,0
55,1,1.23,198,198,31,31,167,167,0,0
55,2,2.8,332,332,152,152,180,180,0,0
55,3,1.2,109,109,109,109,0,0,0,0
55,20,1,223,223,223,223,0,0,0,0
55,21,1,193,193,193,193,0,0,0,0
55,22,1,240,240,0,0,240,240,0,0
55,33,0.5,95,95,95,95,0,0,0,0
55,34,0.47,88,88,88,88,0,0,0,0
55,39,1.99,282,282,51,51,231,231,0,0
55,40,1.01,127,127,127,127,0,0,0,0
55,41,1,27,27,0,0,27,27,0,0
55,42,0.11,38,38,38,38,0,0,0,0
55,71,0.02,367,367,0,0,367,367,0,0
55,72,0.75,204,204,0,0,204,204,0,0
55,73,0.25,68,68,0,0,68,68,0,0
55,77,1,10,10,10,10,0,0,0,0
55,78,1.62,211,211,211,211,0,0,0,0
55,81,0.89,111,111,111,111,0,0,0,0
55,82,1,255,255,255,255,0,0,0,0
55,91,1.99,350,350,0,0,350,350,0,0
55,92,0.17,52,52,0,0,52,52,0,0
55,105,0.31,47,47,47,47,0,0,0,0
55,108,2,323,323,156,156,167,167,0,0
55,113,2,339,339,339,339,0,0,0,0
55,118,0.27,20,20,20,20,0,0,0,0
55,119,2.07,135,135,127,127,8,8,0,0
55,120,2,258,258,195,195,63,63,0,0
55,126,0.7,83,83,82,82,1,1,0,0
55,127,2.78,208,208,156,156,52,52,0,0
56,12,1,190,190,190,190,0,0,0,0
56,21,1,224,224,224,224,0,0,0,0
56,22,1,108,108,108,108,0,0,0,0
56,25,3,281,281,243,243,38,38,0,0
56,27,1,24,24,24,24,0,0,0,0
56,29,3.48,409,409,409,409,0,0,0,0
56,30,1.38,198,198,198,198,0,0,0,0
56,33,3.33,275,275,220,220,55,55,0,0
56,34,1.7,170,170,170,170,0,0,0,0
56,42,2.49,384,384,311,311,73,73,0,0
56,43,2.39,333,333,37,37,296,296,0,0
56,44,1,187,187,187,187,0,0,0,0
56,45,2,235,235,92,92,143,143,0,0
56,51,1,86,86,86,86,0,0,0,0
56,54,0.16,10,10,10,10,0,0,0,0
56,62,2,147,147,147,147,0,0,0,0
56,71,0.48,7699,7699,0,0,7699,7699,0,0
56,72,0.42,6711,6711,0,0,6711,6711,0,0
56,78,0.38,67,67,67,67,0,0,0,0
56,82,2,230,230,172,172,58,58,0,0
56,85,1,212,212,212,212,0,0,0,0
56,95,1,104,104,104,104,0,0,0,0
56,98,5,438,438,133,133,306,306,0,0
56,99,1,76,76,0,0,76,76,0,0
56,107,0.34,18,18,18,18,0,0,0,0
56,108,0.66,35,35,35,35,0,0,0,0
56,118,4.59,500,500,236,236,264,264,130,130
56,119,0.14,20,20,20,20,0,0,20,20
56,121,2,101,101,101,101,0,0,0,0
56,127,1.52,180,180,27,27,153,153,0,0
57,21,2.97,561,561,342,342,219,219,0,0
57,22,3,473,473,473,473,0,0,0,0
57,23,1,76,76,76,76,0,0,0,0
57,29,0.11,33,33,33,33,0,0,0,0
57,30,0.03,3,3,3,3,0,0,0,0
57,43,1.91,256,256,256,256,0,0,0,0
57,44,0.09,6,6,6,6,0,0,0,0
57,54,2.84,197,197,197,197,0,0,105,105
57,69,0.98,52,52,52,52,0,0,0,0
57,70,0.02,1,1,1,1,0,0,0,0
57,71,0.24,199,199,0,0,199,199,0,0
57,72,0.15,1218,1218,0,0,1218,1218,0,0
57,77,1.6,1096,1096,465,465,631,631,0,0
57,78,0.01,12,12,0,0,12,12,0,0
57,79,4,475,475,475,475,0,0,0,0
57,80,1.06,35,35,35,35,0,0,0,0
57,82,0.89,265,265,265,265,0,0,0,0
57,83,0.45,185,185,185,185,0,0,0,0
57,90,0.75,109,109,109,109,0,0,0,0
57,116,0.93,245,245,0,0,245,245,0,0
57,117,0.28,35,35,34,34,1,1,34,34
58,2,0.05,7,7,7,7,0,0,0,0
58,3,2.31,599,599,135,135,464,464,0,0
58,12,2,77,77,77,77,0,0,0,0
58,14,1,64,64,0,0,64,64,0,0
58,19,0.06,24,24,0,0,24,24,0,0
58,20,0.98,244,244,244,244,0,0,0,0
58,21,0.03,4,4,0,0,4,4,0,0
58,22,0.49,61,61,61,61,0,0,0,0
58,25,4,300,300,181,181,119,119,0,0
58,41,2.9,285,285,155,155,130,130,0,0
58,42,0.1,14,14,0,0,14,14,0,0
58,70,1,147,147,0,0,147,147,0,0
58,71,1.92,1612,1612,0,0,1612,1612,0,0
58,72,2.77,1996,1996,0,0,1996,1996,0,0
58,77,4.98,1788,1788,877,877,912,912,0,0
58,78,0.32,224,224,5,5,219,219,0,0
58,80,1.94,178,178,178,178,0,0,0,0
58,81,0.05,5,5,0,0,5,5,0,0
58,82,4.45,415,415,131,131,285,285,0,0
58,85,1.92,1544,1544,0,0,1544,1544,0,0
58,86,0.04,94,94,0,0,94,94,0,0
58,90,0.25,36,36,36,36,0,0,0,0
58,91,2,255,255,255,255,0,0,0,0
58,93,0.5,32,32,32,32,0,0,0,0
58,116,2.06,147,147,130,130,17,17,0,0
58,117,0.72,88,88,88,88,0,0,88,88
58,122,0.42,80,80,80,80,0,0,80,80
58,123,0.71,245,245,0,0,245,245,0,0
59,2,0.02,5,5,0,0,5,5,0,0
59,3,4.62,1517,1517,115,115,1402,1402,0,0
59,5,1,270,270,270,270,0,0,0,0
59,6,0.74,92,92,0,0,92,92,0,0
59,19,1.5,408,408,0,0,408,408,0,0
59,20,0.46,51,51,6,6,45,45,0,0
59,22,0.51,64,64,64,64,0,0,0,0
59,23,1,61,61,61,61,0,0,0,0
59,24,2,315,315,315,315,0,0,0,0
59,26,0.85,39,39,0,0,39,39,0,0
59,27,0.01,1,1,0,0,1,1,0,0
59,34,1,81,81,0,0,81,81,0,0
59,71,1.96,1190,1190,703,703,486,486,0,0
59,72,1.97,351,351,0,0,351,351,0,0
59,75,1.1,275,275,259,259,17,17,0,0
59,76,1.47,430,430,72,72,358,358,0,0
59,77,0.87,261,261,261,261,0,0,0,0
59,78,0.75,91,91,91,91,0,0,0,0
59,79,0.17,20,20,15,15,5,5,0,0
59,82,1.16,58,58,43,43,15,15,0,0
59,83,1,297,297,297,297,0,0,0,0
59,84,2,438,438,438,438,0,0,0,0
59,85,5.83,3310,3310,727,727,2583,2583,0,0
59,93,2.5,249,249,32,32,218,218,0,0
59,94,1.75,237,237,237,237,0,0,96,96
59,95,0.25,47,47,47,47,0,0,0,0
59,110,0.2,91,91,0,0,91,91,0,0
59,111,2.68,830,830,369,369,461,461,369,369
59,122,0.58,111,111,111,111,0,0,111,111
59,123,0.29,98,98,0,0,98,98,0,0
59,125,1,67,67,0,0,67,67,0,0
59,126,0.31,14,14,14,14,0,0,0,0
60,6,1.64,269,269,237,237,32,32,0,0
60,7,0.62,131,131,131,131,0,0,0,0
60,8,0.08,15,15,15,15,0,0,0,0
60,9,2.92,618,618,618,618,0,0,0,0
60,10,1,151,151,151,151,0,0,0,0
60,19,1,188,188,188,188,0,0,0,0
60,20,0.67,81,81,81,81,0,0,0,0
60,21,0.33,40,40,40,40,0,0,0,0
60,23,2.74,404,404,404,404,0,0,0,0
60,24,0.26,32,32,32,32,0,0,0,0
60,26,0.14,7,7,0,0,7,7,0,0
60,27,2,184,184,90,90,0,0,94,94
60,43,3,376,376,224,224,151,151,0,0
60,70,0.51,3220,3220,0,0,3220,3220,0,0
60,71,0.1,330,330,9,9,321,321,0,0
60,75,3.94,1057,1057,1057,1057,0,0,0,0
60,76,4.61,930,930,472,472,457,457,0,0
60,77,3.97,663,663,663,663,0,0,0,0
60,78,3.13,343,343,267,267,76,76,0,0
60,79,1.08,104,104,11,11,93,93,0,0
60,80,1,115,115,115,115,0,0,0,0
60,84,1.48,126,126,68,68,59,59,0,0
60,85,3.73,487,487,286,286,202,202,0,0
60,86,1.36,145,145,57,57,88,88,57,57
60,87,3,335,335,82,82,253,253,0,0
60,100,0.75,1577,1577,78,78,1499,1499,78,78
60,101,1.11,2162,2162,0,0,2162,2162,0,0
60,102,0.02,29,29,0,0,29,29,0,0
60,111,3.12,286,286,167,167,119,119,51,51
60,119,1,142,142,142,142,0,0,0,0
60,121,4,304,304,196,196,108,108,0,0
60,123,2,185,185,19,19,166,166,0,0
60,125,1.68,173,173,173,173,0,0,0,0
60,126,1.02,73,73,73,73,0,0,0,0
61,0,1.98,226,226,153,153,72,72,0,0
61,1,1,15,15,15,15,0,0,0,0
61,2,1,76,76,76,76,0,0,0,0
61,6,1,72,72,72,72,0,0,0,0
61,7,1,604,604,0,0,604,604,0,0
61,9,2,216,216,18,18,198,198,0,0
61,10,1,275,275,0,0,275,275,0,0
61,11,2,145,145,145,145,0,0,0,0
61,20,1,78,78,0,0,78,78,0,0
61,69,0.02,56,56,0,0,56,56,0,0
61,70,1.14,4322,4322,0,0,4322,4322,0,0
61,71,0.05,294,294,0,0,294,294,0,0
61,74,1.11,362,362,362,362,0,0,0,0
61,75,1.83,694,694,694,694,0,0,0,0
61,76,3.36,561,561,561,561,0,0,0,0
61,77,4,438,438,353,353,85,85,0,0
61,78,2.62,363,363,363,363,0,0,0,0
61,79,6.24,963,963,503,503,461,461,0,0
61,80,6.58,790,790,790,790,1,1,307,307
61,81,1,161,161,161,161,0,0,0,0
61,86,2.64,250,250,170,170,80,80,102,102
61,100,2.68,5861,5861,264,264,5596,5596,126,126
61,101,1.23,3598,3598,0,0,3598,3598,0,0
61,106,1,72,72,72,72,0,0,0,0
61,114,4.67,705,705,218,218,488,488,129,129
61,115,1.06,129,129,120,120,9,9,0,0
61,123,2.04,268,268,141,141,127,127,0,0
61,124,0.28,293,293,0,0,293,293,0,0
62,0,0.04,3,3,2,2,1,1,0,0
62,4,4.59,819,819,599,599,220,220,259,259
62,12,1,189,189,189,189,0,0,0,0
62,20,1,157,157,157,157,0,0,0,0
62,21,2,493,493,175,175,318,318,0,0
62,22,1,40,40,40,40,0,0,0,0
62,30,2,124,124,0,0,124,124,0,0
62,69,1.57,561,561,0,0,561,561,0,0
62,70,0.81,652,652,0,0,652,652,0,0
62,74,5.74,1562,1562,1210,1210,352,352,0,0
62,75,3.4,537,537,537,537,0,0,0,0
62,78,2.38,287,287,287,287,0,0,0,0
62,79,3,990,990,0,0,990,990,0,0
62,80,2.41,218,218,218,218,0,0,0,0
62,81,0.65,36,36,36,36,0,0,0,0
62,82,1,135,135,135,135,0,0,0,0
62,100,0.92,1556,1556,0,0,1556,1556,0,0
62,101,0.31,954,954,0,0,954,954,0,0
62,114,1.25,196,196,89,89,107,107,59,59
62,115,1.03,174,174,169,169,4,4,0,0
62,116,1,68,68,68,68,0,0,0,0
62,118,2,177,177,78,78,99,99,0,0
62,120,2,125,125,125,125,0,0,0,0
62,122,2,150,150,116,116,34,34,0,0
62,123,0.29,306,306,0,0,306,306,0,0
62,124,1.68,519,519,120,120,399,399,0,0
62,125,2.7,213,213,69,69,144,144,0,0
63,0,0.98,101,101,101,101,0,0,0,0
63,4,0.41,106,106,0,0,106,106,0,0
63,21,3,495,495,105,105,390,390,0,0
63,30,1,38,38,38,38,0,0,0,0
63,37,1,153,153,0,0,153,153,0,0
63,47,0.31,39,39,39,39,0,0,0,0
63,49,1,118,118,0,0,118,118,0,0
63,50,4,452,452,100,100,352,352,0,0
63,51,1,35,35,35,35,0,0,0,0
63,69,3.78,1581,1581,0,0,1581,1581,0,0
63,70,0.03,47,47,0,0,47,47,0,0
63,73,1.9,745,745,446,446,298,298,0,0
63,74,9.65,2498,2498,2498,2498,0,0,0,0
63,75,6.43,1151,1151,1151,1151,0,0,0,0
63,81,1.78,332,332,332,332,0,0,0,0
63,82,0.22,44,44,44,44,0,0,0,0
63,89,2.22,314,314,264,264,50,50,0,0
63,90,2.21,166,166,98,98,68,68,0,0
63,91,0.77,163,163,163,163,0,0,0,0
63,106,0.51,43,43,0,0,43,43,0,0
63,107,1,127,127,0,0,127,127,0,0
63,109,1,17,17,17,17,0,0,0,0
63,117,0.04,20,20,0,0,20,20,0,0
63,118,3.96,964,964,240,240,724,724,240,240
63,124,1,188,188,188,188,0,0,188,188
63,127,1,104,104,104,104,0,0,0,0
64,29,1,17,17,17,17,0,0,0,0
64,32,2,208,208,36,36,172,172,0,0
64,47,1.69,169,169,87,87,82,82,0,0
64,49,0.47,31,31,31,31,0,0,30,30
64,50,1.53,75,75,75,75,0,0,41,41
64,68,0.4,1190,1190,0,0,1190,1190,0,0
64,69,0.04,3,3,0,0,3,3,0,0
64,73,8.92,2557,2557,2071,2071,14,14,473,473
64,74,5.1,1340,1340,1340,1340,0,0,0,0
64,75,2.88,517,517,517,517,0,0,0,0
64,78,1,128,128,128,128,0,0,0,0
64,82,1,148,148,148,148,0,0,0,0
64,89,0.57,181,181,181,181,0,0,0,0
64,90,2.58,261,261,102,102,159,159,0,0
64,91,4.88,819,819,456,456,363,363,151,151
64,92,0.98,448,448,448,448,0,0,0,0
64,106,1.49,107,107,66,66,41,41,0,0
64,108,1,53,53,53,53,0,0,0,0
64,109,1,66,66,0,0,66,66,0,0
64,113,3.47,520,520,275,275,245,245,0,0
64,119,1,21,21,21,21,0,0,0,0
64,122,1,253,253,253,253,0,0,0,0
64,124,0.21,31,31,31,31,0,0,0,0
65,20,0.33,44,44,0,0,44,44,0,0
65,24,1.55,246,246,0,0,246,246,0,0
65,28,0.76,408,408,0,0,408,408,0,0
65,29,2.58,2402,2402,0,0,2402,2402,0,0
65,30,2.64,3281,3281,0,0,3281,3281,0,0
65,31,2,218,218,218,218,0,0,0,0
65,51,1,27,27,27,27,0,0,0,0
65,66,0.01,123,123,0,0,123,123,0,0
65,67,0.35,2712,2712,0,0,2712,2712,0,0
65,68,0.55,1634,1634,0,0,1634,1634,0,0
65,71,2,161,161,161,161,0,0,0,0
65,72,4.32,1057,1057,1057,1057,0,0,0,0
65,73,11.93,3548,3548,3548,3548,0,0,0,0
65,74,8.43,2298,2298,2298,2298,0,0,0,0
65,75,3.12,476,476,476,476,0,0,0,0
65,76,3.89,428,428,428,428,0,0,0,0
65,83,2,463,463,463,463,0,0,0,0
65,84,1,101,101,101,101,0,0,0,0
65,91,1.79,139,139,27,27,112,112,0,0
65,92,1,134,134,134,134,0,0,0,0
65,95,0.45,91,91,91,91,0,0,67,67
65,96,2.26,2635,2635,59,59,2576,2576,59,59
65,97,0.04,6,6,6,6,0,0,0,0
65,98,2,106,106,106,106,0,0,0,0
65,99,2.06,582,582,17,17,565,565,17,17
65,100,1,454,454,0,0,454,454,0,0
65,107,0.39,26,26,0,0,26,26,0,0
65,108,4.61,708,708,264,264,445,445,0,0
65,113,1.53,163,163,163,163,0,0,0,0
65,117,5,534,534,359,359,175,175,193,193
65,120,1,77,77,0,0,77,77,0,0
65,124,0.79,114,114,114,114,0,0,0,0
66,0,0.98,200,200,200,200,0,0,0,0
66,1,2.02,156,156,3,3,152,152,0,0
66,19,0.19,79,79,79,79,0,0,0,0
66,20,1.48,426,426,338,338,88,88,0,0
66,24,2.45,210,210,125,125,85,85,0,0
66,25,0.96,157,157,157,157,0,0,0,0
66,26,2,213,213,213,213,0,0,0,0
66,27,0.46,563,563,0,0,563,563,0,0
66,30,2.01,198,198,180,180,17,17,0,0
66,36,3,247,247,247,247,0,0,0,0
66,50,5.81,873,873,218,218,654,654,0,0
66,51,4.19,547,547,454,454,93,93,0,0
66,53,5.45,627,627,418,418,208,208,151,151
66,54,1,16,16,16,16,0,0,0,0
66,66,2.39,3756,3756,0,0,3756,3756,0,0
66,67,0.29,2476,2476,0,0,2476,2476,0,0
66,69,1,49,49,49,49,0,0,0,0
66,70,1.05,408,408,408,408,0,0,0,0
66,71,1.73,576,576,576,576,0,0,0,0
66,72,5.17,2403,2403,1993,1993,411,411,0,0
66,73,5.62,2024,2024,1415,1415,609,609,0,0
66,74,1.21,682,682,682,682,0,0,0,0
66,75,1.36,554,554,554,554,0,0,0,0
66,76,0.11,13,13,13,13,0,0,0,0
66,77,4,371,371,316,316,55,55,0,0
66,95,1.11,192,192,192,192,0,0,59,59
66,96,0.18,42,42,42,42,0,0,42,42
66,97,1.96,167,167,130,130,38,38,0,0
66,98,2.95,347,347,291,291,56,56,0,0
66,99,6.25,973,973,667,667,306,306,260,260
66,100,2.74,420,420,420,420,0,0,0,0
66,121,2.51,326,326,50,50,275,275,0,0
66,122,0.04,20,20,0,0,20,20,0,0
66,123,1,86,86,86,86,0,0,0,0
66,124,2,351,351,351,351,0,0,0,0
66,126,2,181,181,181,181,0,0,0,0
66,127,1,200,200,200,200,0,0,0,0
67,4,2,253,253,152,152,101,101,0,0
67,6,1,376,376,0,0,376,376,0,0
67,7,1,324,324,0,0,324,324,0,0
67,25,1.04,783,783,7,7,776,776,0,0
67,26,1,56,56,56,56,0,0,0,0
67,27,1.54,1151,1151,0,0,1151,1151,0,0
67,31,0.71,106,106,106,106,0,0,0,0
67,32,1.29,220,220,220,220,0,0,0,0
67,50,1,117,117,117,117,0,0,0,0
67,53,0.79,272,272,0,0,272,272,0,0
67,66,0.01,2,2,0,0,2,2,0,0
67,69,1,331,331,331,331,0,0,0,0
67,70,0.95,73,73,73,73,0,0,0,0
67,71,0.98,277,277,277,277,0,0,0,0
67,72,5.39,1488,1488,963,963,525,525,0,0
67,73,3.03,602,602,588,588,14,14,0,0
67,74,2.28,474,474,474,474,0,0,0,0
67,75,2.76,496,496,496,496,0,0,0,0
67,76,4.9,651,651,651,651,0,0,0,0
67,77,2,216,216,216,216,0,0,0,0
67,78,3.02,140,140,140,140,0,0,0,0
67,79,1.98,203,203,203,203,0,0,123,123
67,118,1,49,49,49,49,0,0,0,0
67,121,0.45,205,205,0,0,205,205,0,0
67,122,2.21,483,483,174,174,309,309,174,174
67,123,1.79,1068,1068,0,0,1068,1068,0,0
68,2,1,237,237,237,237,0,0,0,0
68,5,1.09,253,253,253,253,0,0,0,0
68,6,3.01,419,419,323,323,97,97,0,0
68,26,0.05,30,30,0,0,30,30,0,0
68,27,0.26,168,168,0,0,168,168,0,0
68,32,2.38,260,260,50,50,210,210,50,50
68,33,2.62,192,192,116,116,76,76,82,82
68,53,0.76,557,557,0,0,557,557,0,0
68,69,2.73,419,419,419,419,0,0,340,340
68,71,3.36,714,714,714,714,0,0,0,0
68,72,6.17,2934,2934,956,956,1081,1081,897,897
68,74,4.44,1238,1238,667,667,572,572,0,0
68,75,4.09,511,511,511,511,0,0,0,0
68,76,1.1,154,154,154,154,0,0,0,0
68,77,1,272,272,272,272,0,0,0,0
68,78,1,101,101,101,101,0,0,0,0
68,79,3.33,190,190,92,92,98,98,0,0
68,80,1.31,49,49,49,49,0,0,0,0
68,103,1,121,121,121,121,0,0,0,0
68,120,2,249,249,249,249,0,0,0,0
69,2,1.04,283,283,4,4,279,279,0,0
69,3,0.63,54,54,54,54,0,0,0,0
69,5,0.51,107,107,107,107,0,0,0,0
69,6,0.39,82,82,82,82,0,0,0,0
69,19,2,502,502,145,145,357,357,0,0
69,26,0.01,3,3,0,0,3,3,0,0
69,27,2.12,1387,1387,0,0,1387,1387,0,0
69,28,0.11,148,148,0,0,148,148,0,0
69,37,0.12,7,7,0,0,7,7,0,0
69,38,0.02,1,1,0,0,1,1,0,0
69,69,0.27,123,123,123,123,0,0,123,123
69,70,0.49,109,109,109,109,0,0,1,1
69,71,9.84,2812,2812,2812,2812,0,0,0,0
69,72,3.7,1412,1412,1396,1396,0,0,16,16
69,73,0.85,860,860,0,0,860,860,0,0
69,74,4.4,1111,1111,598,598,513,513,0,0
69,75,2.07,396,396,328,328,68,68,0,0
69,76,3.67,680,680,680,680,0,0,0,0
69,77,1.02,224,224,224,224,0,0,0,0
69,78,0.83,230,230,230,230,0,0,0,0
69,79,0.67,72,72,67,67,5,5,0,0
69,80,0.69,35,35,35,35,0,0,0,0
69,120,1.01,143,143,142,142,1,1,0,0
69,121,0.99,78,78,0,0,78,78,0,0
70,2,3,631,631,341,341,291,291,0,0
70,3,2.33,254,254,162,162,92,92,0,0
70,25,4,629,629,251,251,378,378,239,239
70,26,1,65,65,0,0,65,65,0,0
70,27,0.45,640,640,0,0,640,640,0,0
70,28,0.01,9,9,0,0,9,9,0,0
70,33,0.81,158,158,158,158,0,0,0,0
70,34,0.06,12,12,12,12,0,0,0,0
70,37,2.57,240,240,79,79,160,160,0,0
70,38,5.29,891,891,60,60,830,830,0,0
70,66,2,133,133,133,133,0,0,0,0
70,70,4.89,1880,1880,1880,1880,0,0,0,0
70,71,3.89,1235,1235,1235,1235,0,0,0,0
70,72,0.08,23,23,23,23,0,0,0,0
70,74,3.16,262,262,262,262,0,0,0,0
70,76,1.67,362,362,362,362,0,0,0,0
70,77,2.76,380,380,380,380,0,0,0,0
70,78,1.39,96,96,96,96,0,0,0,0
70,110,0.34,36,36,0,0,36,36,0,0
70,112,0.2,76,76,0,0,76,76,0,0
70,117,2,147,147,147,147,0,0,0,0
70,119,0.8,112,112,112,112,0,0,0,0
71,33,0.13,25,25,25,25,0,0,0,0
71,37,4.73,487,487,130,130,357,357,0,0
71,46,3.91,318,318,159,159,159,159,0,0
71,47,1.09,109,109,0,0,109,109,0,0
71,57,0.22,16,16,16,16,0,0,0,0
71,58,1.78,192,192,192,192,0,0,0,0
71,65,2,166,166,166,166,0,0,0,0
71,66,2.09,159,159,159,159,0,0,0,0
71,67,0.21,44,44,44,44,0,0,0,0
71,68,0.08,32,32,32,32,0,0,0,0
71,69,1.67,509,509,509,509,0,0,0,0
71,70,9.51,1574,1574,1246,1246,328,328,0,0
71,71,5.14,1408,1408,1408,1408,0,0,0,0
71,72,3,651,651,651,651,0,0,0,0
71,73,1,149,149,149,149,0,0,0,0
71,74,2.96,916,916,916,916,0,0,0,0
71,75,2,416,416,416,416,0,0,0,0
71,76,2.66,329,329,329,329,0,0,0,0
71,77,0.99,150,150,150,150,0,0,0,0
71,78,2.62,1499,1499,0,0,1499,1499,0,0
71,103,1.01,100,100,1,1,99,99,0,0
71,104,0.87,130,130,130,130,0,0,0,0
71,105,2.22,214,214,162,162,52,52,0,0
71,108,1,123,123,123,123,0,0,0,0
71,109,1,65,65,65,65,0,0,0,0
71,110,3.66,418,418,192,192,226,226,102,102
71,111,1.37,250,250,0,0,250,250,0,0
71,112,0.8,303,303,0,0,303,303,0,0
71,113,1.02,110,110,0,0,110,110,0,0
71,114,3.73,489,489,235,235,254,254,0,0
71,116,0.32,27,27,0,0,27,27,0,0
71,117,1.06,151,151,0,0,151,151,0,0
71,119,1.2,114,114,114,114,0,0,0,0
71,120,2,169,169,91,91,77,77,0,0
71,124,0.34,56,56,0,0,56,56,0,0
71,126,1,149,149,149,149,0,0,0,0
72,0,4.83,658,658,421,421,237,237,0,0
72,16,1,273,273,273,273,0,0,0,0
72,22,2,242,242,159,159,83,83,0,0
72,29,1,236,236,236,236,0,0,0,0
72,37,3.27,507,507,189,189,318,318,0,0
72,66,3.17,557,557,448,448,108,108,0,0
72,67,0.53,111,111,111,111,0,0,0,0
72,69,0.68,383,383,383,383,0,0,0,0
72,70,3.86,1339,1339,1339,1339,0,0,0,0
72,71,6.02,2016,2016,1550,1550,466,466,0,0
72,72,0.67,227,227,227,227,0,0,0,0
72,73,0.45,83,83,83,83,0,0,0,0
72,74,0.55,104,104,104,104,0,0,0,0
72,75,0.67,144,144,144,144,0,0,0,0
72,76,3.33,673,673,673,673,0,0,0,0
72,77,3.61,722,722,536,536,186,186,0,0
72,78,5.13,1607,1607,611,611,995,995,0,0
72,82,1,128,128,128,128,0,0,0,0
72,92,1,69,69,69,69,0,0,0,0
72,93,0.35,126,126,0,0,126,126,0,0
72,104,2.12,218,218,118,118,100,100,0,0
72,105,0.78,89,89,89,89,0,0,0,0
72,111,0.63,168,168,0,0,168,168,0,0
72,113,1.66,90,90,90,90,0,0,0,0
72,114,0.58,63,63,63,63,0,0,0,0
72,116,1,258,258,258,258,0,0,258,258
72,117,1.62,269,269,0,0,269,269,0,0
72,123,0.63,114,114,114,114,0,0,0,0
72,124,2.6,509,509,210,210,299,299,143,143
73,3,3,235,235,235,235,0,0,0,0
73,15,1,155,155,155,155,0,0,0,0
73,20,0.17,10,10,10,10,0,0,0,0
73,21,2.71,272,272,272,272,0,0,0,0
73,40,1,8,8,8,8,0,0,0,0
73,66,4,435,435,245,245,190,190,0,0
73,69,3.85,389,389,389,389,0,0,0,0
73,70,2.95,864,864,603,603,260,260,0,0
73,71,0.76,329,329,329,329,0,0,0,0
73,75,2,231,231,231,231,0,0,0,0
73,76,2,78,78,78,78,0,0,0,0
73,77,1.19,97,97,49,49,48,48,0,0
73,78,1.45,359,359,324,324,36,36,0,0
73,79,2,366,366,366,366,0,0,0,0
73,82,1.98,295,295,150,150,145,145,0,0
73,83,4.02,573,573,389,389,184,184,0,0
73,84,3.62,716,716,300,300,416,416,0,0
73,85,1.16,256,256,57,57,200,200,0,0
73,92,2.48,604,604,266,266,338,338,0,0
73,93,1.65,1201,1201,0,0,1201,1201,0,0
73,94,0.95,209,209,0,0,209,209,0,0
73,96,0.51,37,37,0,0,37,37,0,0
73,112,2,46,46,46,46,0,0,0,0
73,113,2,218,218,218,218,0,0,0,0
73,119,2,222,222,144,144,79,79,0,0
73,124,1.43,358,358,102,102,256,256,102,102
73,126,1,9,9,9,9,0,0,0,0
74,0,0.68,50,50,50,50,0,0,0,0
74,21,1.12,315,315,18,18,297,297,0,0
74,30,5,246,246,101,101,145,145,0,0
74,31,2,313,313,164,164,149,149,0,0
74,37,2,181,181,181,181,0,0,0,0
74,49,1.61,208,208,0,0,208,208,0,0
74,50,1.08,20,20,5,5,15,15,0,0
74,69,0.16,27,27,27,27,0,0,0,0
74,70,1.93,425,425,253,253,171,171,0,0
74,71,3,247,247,179,179,68,68,0,0
74,72,5,559,559,559,559,0,0,0,0
74,75,3.51,372,372,225,225,146,146,0,0
74,76,2.54,419,419,341,341,78,78,0,0
74,84,0.22,19,19,0,0,19,19,0,0
74,92,0.52,204,204,0,0,204,204,0,0
74,93,1.04,130,130,7,7,123,123,0,0
74,94,3.01,514,514,370,370,144,144,0,0
74,95,1,77,77,77,77,0,0,0,0
74,96,2.49,601,601,169,169,432,432,0,0
74,123,0.59,248,248,0,0,248,248,0,0
75,19,2,266,266,266,266,0,0,0,0
75,29,0.84,20,20,20,20,0,0,0,0
75,30,0.16,4,4,4,4,0,0,0,0
75,31,0.09,9,9,9,9,0,0,0,0
75,32,0.91,85,85,85,85,0,0,0,0
75,36,0.01,1,1,0,0,1,1,0,0
75,37,2.18,199,199,52,52,146,146,0,0
75,38,3.47,389,389,155,155,234,234,0,0
75,49,2.31,162,162,101,101,61,61,0,0
75,50,2.22,506,506,419,419,87,87,335,335
75,60,1,130,130,0,0,130,130,0,0
75,70,2.84,260,260,260,260,0,0,0,0
75,71,2.28,504,504,420,420,84,84,0,0
75,72,2,230,230,230,230,0,0,0,0
75,73,2,168,168,168,168,0,0,0,0
75,74,0.99,151,151,151,151,0,0,0,0
75,75,0.96,117,117,0,0,117,117,0,0
75,76,2,390,390,134,134,256,256,0,0
75,111,1,28,28,28,28,0,0,0,0
75,112,2,153,153,153,153,0,0,0,0
75,115,1,4,4,4,4,0,0,0,0
75,121,0.97,292,292,292,292,0,0,0,0
75,122,0.35,103,103,10,10,93,93,0,0
75,123,2.1,461,461,0,0,461,461,0,0
75,127,2,153,153,48,48,106,106,0,0
76,19,1,156,156,0,0,156,156,0,0
76,25,3,339,339,285,285,54,54,0,0
76,32,1,76,76,0,0,76,76,0,0
76,33,1,124,124,124,124,0,0,0,0
76,37,1.09,176,176,156,156,19,19,0,0
76,38,3.25,550,550,362,362,188,188,173,173
76,39,4.13,485,485,485,485,0,0,172,172
76,40,0.87,121,121,121,121,0,0,0,0
76,50,0.78,300,300,0,0,300,300,0,0
76,70,2,207,207,207,207,0,0,0,0
76,71,0.72,212,212,0,0,212,212,0,0
76,72,3.04,381,381,381,381,0,0,0,0
76,73,0.96,172,172,172,172,0,0,0,0
76,74,1.01,157,157,157,157,0,0,156,156
76,76,0.06,8,8,8,8,0,0,0,0
76,98,0.64,58,58,58,58,0,0,58,58
76,107,1,91,91,91,91,0,0,0,0
76,114,1.16,117,117,79,79,39,39,0,0
76,118,2,158,158,111,111,47,47,0,0
77,33,2.28,314,314,314,314,0,0,0,0
77,39,1.01,59,59,1,1,58,58,1,1
77,55,1,146,146,146,146,0,0,0,0
77,70,1.24,168,168,168,168,0,0,0,0
77,72,0.95,25,25,25,25,0,0,0,0
77,73,0.05,1,1,1,1,0,0,0,0
77,76,1.94,215,215,141,141,73,73,0,0
77,78,1.67,403,403,101,101,303,303,0,0
77,98,1.36,123,123,33,33,90,90,33,33
77,109,0.05,43,43,0,0,43,43,0,0
77,110,0.71,564,564,0,0,564,564,0,0
77,112,0.8,229,229,0,0,229,229,0,0
77,113,1.19,263,263,0,0,263,263,0,0
77,114,0.84,209,209,0,0,209,209,0,0
78,5,1,68,68,68,68,0,0,0,0
78,26,1,439,439,0,0,439,439,0,0
78,32,1.08,247,247,10,10,238,238,0,0
78,33,1.65,244,244,244,244,0,0,0,0
78,39,0.99,83,83,83,83,0,0,0,0
78,45,1,138,138,0,0,138,138,0,0
78,46,1.01,119,119,118,118,1,1,0,0
78,47,0.99,126,126,0,0,126,126,0,0
78,56,1,57,57,57,57,0,0,0,0
78,63,1,77,77,77,77,0,0,0,0
78,67,1,44,44,44,44,0,0,0,0
78,70,1.13,201,201,201,201,0,0,0,0
78,71,3.08,366,366,366,366,0,0,0,0
78,72,0.92,47,47,47,47,0,0,0,0
78,78,0.33,50,50,50,50,0,0,0,0
78,100,3,192,192,155,155,37,37,0,0
78,102,1,217,217,0,0,217,217,0,0
78,103,2,838,838,0,0,838,838,0,0
78,108,1.69,135,135,116,116,19,19,0,0
78,109,4.42,616,616,482,482,134,134,0,0
78,110,0.24,190,190,0,0,190,190,0,0
78,111,0.97,698,698,0,0,698,698,0,0
78,112,3.03,872,872,0,0,872,872,0,0
78,113,0.01,2,2,0,0,2,2,0,0
78,116,2.05,352,352,126,126,226,226,0,0
78,117,1,1172,1172,0,0,1172,1172,0,0
78,119,1.27,62,62,44,44,18,18,0,0
78,120,1.73,196,196,0,0,196,196,0,0
79,1,0.05,5,5,5,5,0,0,0,0
79,2,0.95,102,102,102,102,0,0,0,0
79,3,1.86,243,243,243,243,0,0,0,0
79,4,2.14,180,180,110,110,69,69,0,0
79,5,0.41,4,4,4,4,0,0,0,0
79,34,4,455,455,255,255,200,200,0,0
79,39,0.05,7,7,1,1,6,6,0,0
79,40,0.26,69,69,0,0,69,69,0,0
79,45,0.99,169,169,169,169,0,0,0,0
79,46,1,666,666,0,0,666,666,0,0
79,54,0.33,17,17,17,17,0,0,0,0
79,55,0.67,34,34,34,34,0,0,0,0
79,61,1,58,58,58,58,0,0,0,0
79,70,3.64,554,554,554,554,0,0,0,0
79,71,1,29,29,29,29,0,0,0,0
79,78,1.79,122,122,122,122,0,0,0,0
79,102,1.26,582,582,0,0,582,582,0,0
79,103,3.74,2162,2162,203,203,1959,1959,0,0
79,106,1,71,71,71,71,0,0,0,0
79,108,0.73,122,122,0,0,122,122,0,0
79,109,0.16,27,27,0,0,27,27,0,0
79,113,3.66,1089,1089,0,0,1089,1089,0,0
79,115,0.88,167,167,155,155,12,12,0,0
79,116,9.66,1897,1897,1443,1443,454,454,0,0
79,117,0.41,76,76,76,76,0,0,0,0
79,120,1,12,12,12,12,0,0,0,0
80,4,2.43,201,201,176,176,26,26,0,0
80,5,6.39,348,348,273,273,75,75,0,0
80,12,1,89,89,0,0,89,89,0,0
80,13,2,195,195,122,122,73,73,0,0
80,26,3,221,221,82,82,139,139,0,0
80,30,3,484,484,165,165,319,319,0,0
80,31,1,143,143,143,143,0,0,0,0
80,32,1,137,137,137,137,0,0,0,0
80,39,5.95,839,839,359,359,479,479,0,0
80,40,0.74,194,194,1,1,193,193,0,0
80,45,2.01,222,222,1,1,221,221,0,0
80,54,1,35,35,35,35,0,0,0,0
80,55,1,67,67,67,67,0,0,0,0
80,60,0.9,183,183,183,183,0,0,0,0
80,61,7.51,2059,2059,1306,1306,752,752,0,0
80,70,3,509,509,509,509,0,0,0,0
80,76,2,316,316,316,316,0,0,0,0
80,78,0.21,18,18,18,18,0,0,0,0
80,112,0.67,376,376,0,0,376,376,0,0
80,113,0.88,711,711,0,0,711,711,0,0
80,115,2,221,221,221,221,0,0,0,0
80,116,3.74,625,625,567,567,0,0,58,58
80,117,1.26,398,398,291,291,0,0,108,108
81,4,0.77,107,107,107,107,0,0,0,0
81,5,1.25,142,142,142,142,0,0,0,0
81,6,1.75,199,199,132,132,66,66,0,0
81,8,1,71,71,0,0,71,71,0,0
81,14,3.47,304,304,105,105,199,199,0,0
81,15,0.53,41,41,0,0,41,41,0,0
81,26,1.48,343,343,343,343,0,0,0,0
81,30,1,116,116,116,116,0,0,0,0
81,39,2,1123,1123,0,0,1123,1123,0,0
81,60,19.96,4769,4769,4165,4165,76,76,527,527
81,61,7.6,2164,2164,1053,1053,1111,1111,0,0
81,69,1.37,243,243,243,243,0,0,0,0
81,70,0.63,171,171,171,171,0,0,0,0
81,71,1,44,44,44,44,0,0,0,0
81,75,2,191,191,191,191,0,0,0,0
81,82,1.28,120,120,0,0,120,120,0,0
81,84,1.12,49,49,49,49,0,0,0,0
81,108,2.81,312,312,95,95,217,217,0,0
81,109,3.19,564,564,285,285,278,278,148,148
81,112,2.8,348,348,228,228,120,120,127,127
82,1,1.05,30,30,30,30,0,0,0,0
82,2,3.95,264,264,196,196,67,67,0,0
82,8,2.98,284,284,224,224,60,60,0,0
82,17,2.51,150,150,111,111,40,40,0,0
82,24,3,158,158,158,158,0,0,0,0
82,26,0.52,86,86,86,86,0,0,0,0
82,29,1.22,89,89,0,0,89,89,0,0
82,30,1.78,264,264,0,0,264,264,0,0
82,34,1.68,185,185,185,185,0,0,0,0
82,35,0.32,23,23,23,23,0,0,0,0
82,43,3,377,377,19,19,358,358,0,0
82,44,1,176,176,176,176,0,0,0,0
82,59,2.3,251,251,251,251,0,0,0,0
82,60,12.8,4581,4581,4581,4581,0,0,0,0
82,61,2.17,757,757,639,639,119,119,0,0
82,69,0.76,120,120,120,120,0,0,0,0
82,70,1.38,302,302,0,0,302,302,0,0
82,77,2,226,226,226,226,0,0,0,0
82,78,1,235,235,235,235,0,0,0,0
82,79,3.99,423,423,216,216,207,207,0,0
82,82,0.72,144,144,0,0,144,144,0,0
82,84,6.88,766,766,681,681,85,85,0,0
82,85,2.08,239,239,239,239,0,0,0,0
82,86,2.03,212,212,67,67,145,145,0,0
82,87,0.97,89,89,9,9,79,79,0,0
82,100,2.01,131,131,131,131,0,0,0,0
82,101,1,380,380,0,0,380,380,0,0
82,105,0.07,33,33,0,0,33,33,0,0
82,106,1.02,155,155,143,143,12,12,0,0
82,107,0.38,247,247,0,0,247,247,0,0
82,108,1.62,799,799,0,0,799,799,0,0
82,113,0.69,283,283,0,0,283,283,0,0
82,121,4,236,236,236,236,0,0,0,0
82,126,0.79,133,133,0,0,133,133,0,0
82,127,1.07,114,114,102,102,12,12,0,0
83,0,0.85,102,102,102,102,0,0,0,0
83,2,5.44,573,573,338,338,235,235,0,0
83,4,1.05,48,48,36,36,12,12,0,0
83,8,3.02,361,361,359,359,2,2,0,0
83,9,1,112,112,112,112,0,0,0,0
83,10,1,104,104,0,0,104,104,0,0
83,17,1.49,78,78,11,11,66,66,0,0
83,18,1.92,271,271,271,271,0,0,0,0
83,29,3,355,355,165,165,191,191,0,0
83,37,1,308,308,308,308,0,0,0,0
83,38,0.95,35,35,35,35,0,0,0,0
83,43,1,401,401,0,0,401,401,0,0
83,44,1,200,200,0,0,200,200,0,0
83,58,2.76,467,467,467,467,0,0,0,0
83,59,6.47,2440,2440,2440,2440,0,0,0,0
83,60,2.43,636,636,636,636,0,0,0,0
83,68,1,217,217,217,217,0,0,0,0
83,69,0.24,37,37,37,37,0,0,0,0
83,70,3.62,613,613,383,383,231,231,224,224
83,73,1,94,94,94,94,0,0,0,0
83,75,1,238,238,238,238,0,0,0,0
83,76,1,136,136,136,136,0,0,0,0
83,77,3,351,351,145,145,206,206,0,0
83,78,0.33,14,14,0,0,14,14,0,0
83,79,0.7,61,61,51,51,9,9,0,0
83,80,1.95,245,245,175,175,70,70,0,0
83,81,0.24,50,50,50,50,0,0,0,0
83,85,0.94,136,136,136,136,0,0,0,0
83,86,2.98,347,347,190,190,157,157,0,0
83,87,1,150,150,150,150,0,0,0,0
83,88,4,373,373,138,138,235,235,0,0
83,100,0.55,65,65,65,65,0,0,0,0
83,101,0.43,51,51,51,51,0,0,0,0
83,105,1.72,434,434,84,84,351,351,0,0
83,106,0.19,90,90,0,0,90,90,0,0
83,107,3,247,247,247,247,0,0,0,0
83,108,0.12,16,16,0,0,16,16,0,0
83,110,1,137,137,137,137,0,0,0,0
83,113,0.31,125,125,0,0,125,125,0,0
83,115,1,95,95,95,95,0,0,0,0
83,116,1.47,199,199,129,129,69,69,0,0
83,117,0.53,80,80,0,0,80,80,0,0
83,118,1.62,603,603,379,379,224,224,0,0
83,126,1.14,164,164,0,0,164,164,0,0
83,127,2,146,146,146,146,0,0,0,0
84,0,1.15,63,63,63,63,0,0,0,0
84,1,4.08,353,353,204,204,148,148,0,0
84,2,0.57,50,50,1,1,49,49,0,0
84,3,1.1,135,135,0,0,135,135,0,0
84,4,1.85,489,489,0,0,489,489,0,0
84,5,2.95,439,439,356,356,84,84,0,0
84,8,1.45,185,185,148,148,37,37,0,0
84,9,1.55,165,165,0,0,165,165,0,0
84,13,2,51,51,22,22,29,29,0,0
84,14,3,318,318,233,233,84,84,0,0
84,18,1.08,91,91,11,11,80,80,0,0
84,29,1,66,66,66,66,0,0,0,0
84,30,1,89,89,89,89,0,0,0,0
84,38,0.05,2,2,2,2,0,0,0,0
84,57,1.29,111,111,111,111,0,0,0,0
84,58,12.52,3139,3139,3139,3139,0,0,0,0
84,59,5.93,1644,1644,1383,1383,262,262,0,0
84,60,0.65,476,476,0,0,476,476,0,0
84,73,2,52,52,52,52,0,0,0,0
84,77,0.67,122,122,122,122,0,0,0,0
84,78,1.6,165,165,61,61,104,104,0,0
84,79,0.71,63,63,55,55,8,8,0,0
84,80,1.81,150,150,116,116,34,34,0,0
84,87,2,143,143,143,143,0,0,0,0
84,93,1,80,80,80,80,0,0,0,0
84,102,2,245,245,140,140,104,104,0,0
84,108,1.75,337,337,1,1,336,336,0,0
84,109,0.45,43,43,0,0,43,43,0,0
84,114,2,280,280,280,280,0,0,0,0
84,118,4.38,806,806,684,684,122,122,0,0
85,0,1,44,44,44,44,0,0,0,0
85,1,1.36,195,195,195,195,0,0,0,0
85,2,1.55,255,255,255,255,0,0,0,0
85,5,1.05,108,108,103,103,4,4,0,0
85,7,0.21,30,30,30,30,0,0,0,0
85,9,2,82,82,82,82,0,0,0,0
85,10,1.17,76,76,13,13,63,63,0,0
85,11,1,139,139,139,139,0,0,0,0
85,30,3,254,254,193,193,61,61,0,0
85,53,1,117,117,117,117,0,0,0,0
85,57,3.85,742,742,742,742,0,0,0,0
85,58,8.72,1516,1516,1348,1348,23,23,145,145
85,59,3,555,555,555,555,0,0,0,0
85,68,1,133,133,133,133,0,0,0,0
85,70,1.91,379,379,379,379,0,0,0,0
85,90,2.68,199,199,199,199,0,0,0,0
85,91,0.32,39,39,39,39,0,0,0,0
85,100,4.79,633,633,633,633,0,0,0,0
85,101,0.21,37,37,37,37,0,0,0,0
85,106,0.18,52,52,52,52,0,0,0,0
85,108,1.67,435,435,50,50,385,385,0,0
85,109,1,167,167,167,167,0,0,0,0
85,113,2.87,309,309,269,269,40,40,0,0
85,114,0.87,39,39,0,0,39,39,0,0
85,123,1,35,35,35,35,0,0,0,0
86,6,0.21,14,14,14,14,0,0,0,0
86,7,3.58,208,208,208,208,0,0,0,0
86,8,2,193,193,193,193,0,0,0,0
86,9,1,103,103,0,0,103,103,0,0
86,10,0.83,64,64,64,64,0,0,0,0
86,26,0.98,139,139,139,139,0,0,0,0
86,27,1.02,287,287,287,287,0,0,283,283
86,34,1,64,64,64,64,0,0,0,0
86,36,1,80,80,80,80,0,0,0,0
86,44,4,519,519,105,105,413,413,0,0
86,45,1,200,200,0,0,200,200,0,0
86,52,3,301,301,111,111,190,190,0,0
86,53,1,824,824,0,0,824,824,0,0
86,55,0.02,7,7,7,7,0,0,0,0
86,56,0.98,300,300,300,300,0,0,0,0
86,57,4.92,1054,1054,849,849,0,0,204,204
86,58,1.83,392,392,387,387,0,0,5,5
86,59,3.19,875,875,875,875,0,0,0,0
86,61,1,94,94,94,94,0,0,0,0
86,68,1,99,99,99,99,0,0,0,0
86,70,2.09,557,557,406,406,151,151,0,0
86,74,0.83,114,114,109,109,5,5,0,0
86,75,1.97,242,242,2,2,240,240,0,0
86,88,0.47,118,118,0,0,118,118,0,0
86,91,3.2,507,507,400,400,107,107,0,0
86,92,0.8,123,123,0,0,123,123,0,0
86,99,1.66,186,186,112,112,74,74,0,0
86,100,0.34,58,58,58,58,0,0,0,0
86,101,2,186,186,186,186,0,0,0,0
86,105,1.13,109,109,50,50,58,58,0,0
86,106,0.82,240,240,240,240,0,0,0,0
86,108,0.19,340,340,0,0,340,340,0,0
86,112,0.17,88,88,0,0,88,88,0,0
86,113,4.82,495,495,463,463,32,32,0,0
86,114,0.91,121,121,0,0,121,121,0,0
86,118,2,203,203,89,89,113,113,0,0
86,123,1,114,114,114,114,0,0,0,0
86,124,1.93,278,278,278,278,0,0,0,0
87,0,2.07,257,257,147,147,110,110,0,0
87,3,1,146,146,146,146,0,0,0,0
87,4,1,21,21,21,21,0,0,0,0
87,7,3.6,279,279,279,279,0,0,0,0
87,8,0.4,6,6,6,6,0,0,0,0
87,33,1,87,87,87,87,0,0,0,0
87,35,2,289,289,0,0,289,289,0,0
87,36,2,219,219,159,159,60,60,0,0
87,41,3.37,599,599,126,126,474,474,0,0
87,42,1,95,95,0,0,95,95,0,0
87,47,1,96,96,0,0,96,96,0,0
87,51,0.26,55,55,0,0,55,55,0,0
87,52,3.27,646,646,219,219,428,428,0,0
87,53,2,324,324,196,196,128,128,0,0
87,54,1,195,195,0,0,195,195,0,0
87,55,1,165,165,165,165,0,0,0,0
87,57,5.6,1374,1374,1374,1374,0,0,0,0
87,59,0.01,2,2,2,2,0,0,0,0
87,60,1.74,219,219,164,164,55,55,0,0
87,67,2,259,259,208,208,51,51,0,0
87,68,3.04,392,392,386,386,7,7,0,0
87,74,0.2,27,27,27,27,0,0,0,0
87,75,2,199,199,61,61,138,138,0,0
87,84,1.81,59,59,11,11,48,48,0,0
87,85,3.19,294,294,168,168,126,126,0,0
87,87,0.57,104,104,104,104,0,0,0,0
87,88,2.96,514,514,206,206,308,308,0,0
87,102,2.9,216,216,162,162,54,54,0,0
87,104,0.41,185,185,0,0,185,185,0,0
87,105,1.42,564,564,0,0,564,564,0,0
87,106,0.04,13,13,0,0,13,13,0,0
87,108,1.81,1640,1640,186,186,1454,1454,0,0
87,110,1,280,280,0,0,280,280,0,0
87,112,0.83,414,414,0,0,414,414,0,0
87,113,3.53,448,448,410,410,39,39,0,0
87,122,3.73,268,268,115,115,153,153,0,0
87,124,1.07,157,157,157,157,0,0,0,0
88,0,0.98,149,149,149,149,0,0,0,0
88,1,3,334,334,194,194,140,140,0,0
88,6,0.84,127,127,127,127,0,0,0,0
88,7,1.16,86,86,86,86,0,0,0,0
88,11,1,81,81,81,81,0,0,0,0
88,12,1,74,74,0,0,74,74,0,0
88,13,2,185,185,133,133,52,52,123,123
88,34,1,135,135,135,135,0,0,0,0
88,37,1,128,128,128,128,0,0,0,0
88,41,1.63,246,246,0,0,246,246,0,0
88,51,0.39,51,51,0,0,51,51,0,0
88,52,1.08,156,156,0,0,156,156,0,0
88,55,0.99,284,284,284,284,0,0,0,0
88,56,0.01,2,2,2,2,0,0,0,0
88,57,1.61,358,358,358,358,0,0,0,0
88,60,1.25,183,183,183,183,0,0,0,0
88,67,0.57,100,100,96,96,4,4,0,0
88,68,1.39,247,247,79,79,168,168,0,0
88,92,1,136,136,136,136,0,0,0,0
88,101,1,100,100,100,100,0,0,0,0
88,102,0.1,5,5,5,5,0,0,0,0
88,104,4,476,476,453,453,23,23,0,0
88,107,1,8,8,8,8,0,0,0,0
88,108,1.23,224,224,0,0,224,224,0,0
88,109,1.02,159,159,0,0,159,159,0,0
88,111,6.76,796,796,626,626,169,169,0,0
88,112,6.64,692,692,625,625,67,67,0,0
88,113,3.04,419,419,246,246,173,173,0,0
88,115,0.03,2,2,2,2,0,0,0,0
88,122,0.27,27,27,27,27,0,0,0,0
88,124,0.94,47,47,47,47,0,0,0,0
89,2,1,154,154,154,154,0,0,0,0
89,6,1,72,72,0,0,72,72,0,0
89,13,1,52,52,39,39,12,12,0,0
89,15,5,234,234,174,174,59,59,0,0
89,57,2,197,197,197,197,0,0,0,0
89,58,1.91,351,351,351,351,0,0,0,0
89,59,0.09,16,16,16,16,0,0,0,0
89,68,1,99,99,99,99,0,0,0,0
89,71,1.47,446,446,0,0,446,446,0,0
89,86,1,106,106,106,106,0,0,0,0
89,88,0.22,45,45,45,45,0,0,0,0
89,89,1.66,181,181,137,137,44,44,0,0
89,93,3,328,328,263,263,65,65,0,0
89,96,2.02,180,180,180,180,0,0,0,0
89,97,0.98,90,90,90,90,0,0,0,0
89,104,1,161,161,0,0,161,161,0,0
89,108,0.75,39,39,0,0,39,39,0,0
89,110,2,121,121,121,121,0,0,0,0
89,111,4.24,656,656,656,656,0,0,0,0
89,112,2.32,297,297,297,297,0,0,0,0
89,115,2.97,291,291,291,291,0,0,0,0
89,124,0.06,3,3,3,3,0,0,0,0
90,0,3,153,153,153,153,0,0,0,0
90,1,1.48,196,196,196,196,0,0,0,0
90,2,1,222,222,222,222,0,0,0,0
90,7,1,70,70,70,70,0,0,0,0
90,9,2,282,282,119,119,163,163,0,0
90,35,1,93,93,93,93,0,0,0,0
90,37,1,35,35,35,35,0,0,0,0
90,48,2,150,150,150,150,0,0,0,0
90,59,0.91,116,116,116,116,0,0,0,0
90,60,1,76,76,76,76,0,0,0,0
90,68,2,176,176,113,113,63,63,0,0
90,71,2.53,703,703,557,557,146,146,0,0
90,87,1,16,16,16,16,0,0,0,0
90,88,0.72,61,61,0,0,61,61,0,0
90,89,2.4,244,244,149,149,94,94,0,0
90,97,2,205,205,147,147,58,58,0,0
90,100,3,429,429,429,429,0,0,0,0
90,103,1.72,355,355,142,142,213,213,0,0
90,104,2.37,390,390,276,276,113,113,0,0
90,110,3.62,888,888,48,48,840,840,0,0
90,111,1.38,237,237,0,0,237,237,0,0
90,126,4,356,356,175,175,181,181,0,0
91,1,4.12,594,594,405,405,189,189,0,0
91,2,0.4,101,101,101,101,0,0,0,0
91,11,1,145,145,145,145,0,0,0,0
91,12,2,455,455,0,0,455,455,0,0
91,15,2.74,452,452,339,339,113,113,0,0
91,16,1,134,134,134,134,0,0,0,0
91,17,2,226,226,151,151,74,74,0,0
91,26,1,173,173,0,0,173,173,0,0
91,29,1,186,186,0,0,186,186,0,0
91,30,1.96,291,291,134,134,156,156,0,0
91,35,2,89,89,23,23,65,65,0,0
91,36,3.03,313,313,74,74,239,239,0,0
91,37,0.97,48,48,48,48,0,0,0,0
91,49,3,226,226,29,29,197,197,0,0
91,53,1,123,123,123,123,0,0,0,0
91,56,2,307,307,213,213,93,93,0,0
91,59,1.16,177,177,22,22,154,154,0,0
91,60,0.93,139,139,138,138,1,1,0,0
91,64,1,28,28,28,28,0,0,0,0
91,69,1,245,245,245,245,0,0,0,0
91,70,1.06,189,189,19,19,170,170,0,0
91,71,0.94,299,299,299,299,0,0,0,0
91,81,0.42,36,36,36,36,0,0,0,0
91,91,1,320,320,320,320,0,0,0,0
91,92,4,435,435,435,435,0,0,0,0
91,99,1,29,29,29,29,0,0,0,0
91,103,0.92,192,192,0,0,192,192,0,0
91,105,0.06,4,4,4,4,0,0,0,0
91,106,4.73,372,372,266,266,106,106,0,0
91,107,6.74,591,591,536,536,55,55,209,209
91,108,1,135,135,135,135,0,0,0,0
91,110,1.67,1061,1061,0,0,1061,1061,0,0
91,111,0.33,484,484,0,0,484,484,0,0
92,0,0.61,48,48,48,48,0,0,0,0
92,1,3.92,566,566,473,473,93,93,0,0
92,2,5.43,759,759,537,537,222,222,0,0
92,3,0.88,108,108,10,10,98,98,0,0
92,6,3.6,379,379,275,275,104,104,0,0
92,7,1.4,149,149,11,11,139,139,0,0
92,12,1,179,179,179,179,0,0,0,0
92,15,1.26,139,139,56,56,83,83,0,0
92,18,2,220,220,0,0,220,220,0,0
92,19,4,674,674,437,437,237,237,0,0
92,27,3,534,534,0,0,534,534,0,0
92,30,0.04,6,6,6,6,0,0,0,0
92,31,1,174,174,174,174,0,0,0,0
92,36,0.22,46,46,0,0,46,46,0,0
92,37,0.78,162,162,0,0,162,162,0,0
92,45,3,134,134,61,61,73,73,0,0
92,49,3.48,276,276,212,212,64,64,0,0
92,50,1.29,140,140,140,140,0,0,0,0
92,52,1,89,89,89,89,0,0,0,0
92,54,0.37,145,145,0,0,145,145,0,0
92,56,2,116,116,116,116,0,0,0,0
92,69,1.98,391,391,391,391,0,0,0,0
92,70,0.02,6,6,6,6,0,0,0,0
92,76,1,64,64,64,64,0,0,0,0
92,78,3.72,318,318,222,222,96,96,0,0
92,80,1.12,165,165,165,165,0,0,161,161
92,81,0.58,50,50,50,50,0,0,0,0
92,89,1,45,45,45,45,0,0,0,0
92,92,3,276,276,127,127,149,149,0,0
92,93,1.9,102,102,0,0,102,102,0,0
92,95,2,213,213,114,114,99,99,0,0
92,99,3.01,217,217,113,113,104,104,0,0
92,100,2.99,438,438,335,335,103,103,0,0
92,103,0.07,9,9,9,9,0,0,0,0
92,106,1.21,62,62,3,3,59,59,0,0
92,107,0.26,25,25,25,25,0,0,0,0
92,108,2.27,395,395,113,113,282,282,0,0
92,118,1.63,376,376,115,115,261,261,0,0
92,119,0.76,66,66,66,66,0,0,0,0
92,120,5.24,353,353,353,353,0,0,0,0
93,0,1.39,332,332,31,31,301,301,0,0
93,1,1.65,368,368,197,197,171,171,0,0
93,2,0.12,41,41,41,41,0,0,0,0
93,3,0.86,108,108,0,0,108,108,0,0
93,4,0.73,125,125,107,107,17,17,0,0
93,16,1.52,100,100,31,31,69,69,0,0
93,17,0.48,64,64,0,0,64,64,0,0
93,19,1,325,325,0,0,325,325,0,0
93,29,0.3,43,43,43,43,0,0,0,0
93,34,1,133,133,133,133,0,0,0,0
93,38,1,100,100,0,0,100,100,0,0
93,39,1.64,254,254,254,254,0,0,0,0
93,40,0.36,61,61,61,61,0,0,0,0
93,49,0.23,29,29,29,29,0,0,0,0
93,54,1.63,337,337,85,85,252,252,0,0
93,78,1.28,59,59,28,28,31,31,0,0
93,79,4.41,584,584,440,440,144,144,0,0
93,80,3.35,327,327,205,205,122,122,0,0
93,87,5,317,317,246,246,72,72,0,0
93,93,3.1,270,270,58,58,212,212,0,0
93,100,1,64,64,64,64,0,0,0,0
93,102,1.75,759,759,181,181,578,578,0,0
93,103,3.18,838,838,126,126,712,712,0,0
93,106,1,28,28,28,28,0,0,0,0
93,107,1,105,105,0,0,105,105,0,0
93,108,2.73,334,334,290,290,44,44,0,0
93,113,3.35,272,272,136,136,136,136,0,0
93,114,0.65,112,112,0,0,112,112,0,0
93,118,8.05,1166,1166,1166,1166,0,0,0,0
93,119,2.9,592,592,450,450,143,143,0,0
93,120,0.81,165,165,165,165,0,0,0,0
93,121,1,30,30,30,30,0,0,0,0
94,3,3.08,595,595,148,148,447,447,0,0
94,4,1.33,189,189,76,76,113,113,0,0
94,5,1.89,201,201,201,201,0,0,0,0
94,6,0.17,40,40,40,40,0,0,0,0
94,12,1,161,161,0,0,161,161,0,0
94,22,3,317,317,251,251,66,66,0,0
94,29,4.7,587,587,209,209,379,379,0,0
94,39,2,490,490,0,0,490,490,0,0
94,40,2,373,373,226,226,147,147,226,226
94,44,0.51,248,248,248,248,0,0,0,0
94,48,1,30,30,30,30,0,0,0,0
94,51,1,141,141,141,141,0,0,0,0
94,52,1,112,112,112,112,0,0,0,0
94,53,3,208,208,208,208,0,0,0,0
94,54,1,186,186,186,186,0,0,0,0
94,59,1.11,325,325,0,0,325,325,0,0
94,60,1.89,495,495,387,387,108,108,0,0
94,61,1.99,433,433,251,251,182,182,0,0
94,64,1.17,107,107,107,107,0,0,0,0
94,65,0.83,182,182,182,182,0,0,0,0
94,68,1,464,464,464,464,0,0,0,0
94,69,1,165,165,165,165,0,0,0,0
94,80,0.12,11,11,0,0,11,11,0,0
94,95,2.84,198,198,198,198,0,0,0,0
94,96,3.16,273,273,168,168,105,105,0,0
94,98,0.31,17,17,0,0,17,17,0,0
94,102,0.98,99,99,99,99,0,0,0,0
94,107,2,276,276,185,185,91,91,185,185
94,108,1,67,67,67,67,0,0,0,0
94,117,1,127,127,126,126,1,1,0,0
94,118,9.73,1656,1656,631,631,1025,1025,0,0
94,119,8.65,725,725,684,684,41,41,0,0
94,120,0.22,43,43,43,43,0,0,0,0
95,5,0.11,11,11,11,11,0,0,0,0
95,6,1.91,294,294,190,190,105,105,0,0
95,7,1.59,238,238,149,149,88,88,0,0
95,8,1,222,222,222,222,0,0,0,0
95,12,1,173,173,0,0,173,173,0,0
95,16,2,104,104,104,104,0,0,0,0
95,17,3,355,355,355,355,0,0,0,0
95,19,0.65,129,129,129,129,0,0,0,0
95,22,2.02,176,176,176,176,0,0,0,0
95,30,2.43,532,532,145,145,387,387,145,145
95,31,0.57,41,41,0,0,41,41,0,0
95,32,0.5,128,128,128,128,0,0,0,0
95,39,1,126,126,0,0,126,126,0,0
95,44,1.49,455,455,455,455,0,0,0,0
95,47,0.22,26,26,26,26,0,0,0,0
95,48,2.24,301,301,282,282,20,20,0,0
95,49,0.99,350,350,7,7,343,343,0,0
95,59,0.01,2,2,0,0,2,2,0,0
95,60,1,225,225,225,225,0,0,0,0
95,62,1,397,397,0,0,397,397,0,0
95,68,0.12,26,26,0,0,26,26,0,0
95,69,2.47,1092,1092,82,82,1010,1010,0,0
95,70,1.22,237,237,24,24,214,214,0,0
95,79,0.51,177,177,177,177,0,0,0,0
95,80,0.54,188,188,173,173,15,15,0,0
95,85,4,504,504,188,188,316,316,0,0
95,98,5.69,796,796,620,620,176,176,0,0
95,102,2.02,205,205,205,205,0,0,0,0
95,106,0.9,61,61,0,0,61,61,0,0
95,107,3.1,262,262,255,255,7,7,143,143
96,2,3.4,465,465,310,310,155,155,0,0
96,3,3.6,544,544,544,544,0,0,0,0
96,6,1.15,122,122,0,0,122,122,0,0
96,7,2.17,266,266,105,105,161,161,0,0
96,11,1,65,65,0,0,65,65,0,0
96,12,1,109,109,109,109,0,0,0,0
96,14,2,312,312,312,312,0,0,0,0
96,15,1.78,202,202,202,202,0,0,0,0
96,16,1,199,199,199,199,0,0,0,0
96,19,5.35,1048,1048,1048,1048,0,0,0,0
96,22,2.98,329,329,329,329,0,0,0,0
96,27,2,322,322,121,121,200,200,0,0
96,32,0.5,128,128,128,128,0,0,0,0
96,36,1,82,82,82,82,0,0,0,0
96,45,0.57,53,53,53,53,0,0,0,0
96,48,3.37,643,643,332,332,311,311,0,0
96,49,3.18,464,464,184,184,280,280,0,0
96,55,0.04,3,3,0,0,3,3,0,0
96,56,5.03,870,870,785,785,84,84,311,311
96,57,0.03,3,3,0,0,3,3,0,0
96,60,1,74,74,74,74,0,0,0,0
96,66,0.53,23,23,0,0,23,23,0,0
96,69,0.18,182,182,0,0,182,182,0,0
96,79,5.03,707,707,493,493,215,215,377,377
96,80,0.92,290,290,0,0,290,290,0,0
96,105,0.17,189,189,0,0,189,189,0,0
96,106,0.13,141,141,0,0,141,141,0,0
97,0,0.31,67,67,67,67,0,0,0,0
97,1,0.69,153,153,153,153,0,0,0,0
97,5,1.05,89,89,84,84,5,5,0,0
97,6,1.95,206,206,0,0,206,206,0,0
97,15,0.22,24,24,24,24,0,0,0,0
97,16,1,172,172,172,172,0,0,0,0
97,21,1,116,116,116,116,0,0,0,0
97,22,1,99,99,99,99,0,0,0,0
97,30,1,138,138,138,138,0,0,0,0
97,35,4.87,461,461,209,209,251,251,0,0
97,36,2.13,264,264,264,264,0,0,142,142
97,42,0.51,172,172,172,172,0,0,0,0
97,43,1.49,452,452,167,167,284,284,0,0
97,45,1.43,150,150,150,150,0,0,0,0
97,46,1,74,74,74,74,0,0,0,0
97,54,1.4,255,255,239,239,16,16,0,0
97,55,2.23,177,177,65,65,111,111,0,0
97,56,3.65,535,535,445,445,90,90,0,0
97,57,1,149,149,149,149,0,0,0,0
97,61,0.36,50,50,50,50,0,0,0,0
97,62,0.78,69,69,69,69,0,0,0,0
97,64,1,116,116,116,116,0,0,0,0
97,65,2,127,127,127,127,0,0,0,0
97,66,2.47,267,267,143,143,124,124,0,0
97,70,1,167,167,167,167,0,0,0,0
97,89,3,216,216,138,138,78,78,0,0
97,97,4.18,1058,1058,310,310,749,749,0,0
97,99,1.96,233,233,233,233,0,0,0,0
97,100,2.04,237,237,193,193,44,44,0,0
97,104,0.31,35,35,35,35,0,0,0,0
97,105,4.17,1128,1128,230,230,899,899,0,0
97,106,0.07,74,74,0,0,74,74,0,0
97,107,1,22,22,22,22,0,0,0,0
97,109,4.6,534,534,398,398,137,137,180,180
97,110,1,96,96,0,0,96,96,0,0
97,118,0.56,86,86,86,86,0,0,0,0
97,120,1.88,189,189,101,101,87,87,0,0
97,121,0.15,36,36,0,0,36,36,0,0
98,1,1,55,55,0,0,54,54,0,0
98,15,1.89,260,260,260,260,0,0,0,0
98,16,0.11,17,17,17,17,0,0,0,0
98,23,1,109,109,0,0,109,109,0,0
98,24,2.97,236,236,59,59,177,177,0,0
98,30,1.09,525,525,13,13,511,511,0,0
98,31,2.96,624,624,170,170,454,454,0,0
98,32,0.45,79,79,0,0,79,79,0,0
98,39,0.12,10,10,10,10,0,0,0,0
98,40,2.15,160,160,100,100,60,60,0,0
98,41,3,900,900,216,216,685,685,0,0
98,46,2.93,193,193,16,16,177,177,0,0
98,54,1.61,217,217,217,217,0,0,0,0
98,56,1,658,658,0,0,658,658,0,0
98,57,1,248,248,0,0,248,248,0,0
98,60,1.85,264,264,141,141,123,123,0,0
98,61,7.77,1178,1178,998,998,180,180,0,0
98,62,0.09,8,8,8,8,0,0,0,0
98,66,1,31,31,0,0,31,31,0,0
98,71,1,146,146,146,146,0,0,0,0
98,73,2.17,282,282,42,42,240,240,0,0
98,74,0.51,65,65,65,65,0,0,0,0
98,89,1,110,110,110,110,0,0,0,0
98,97,3.5,776,776,285,285,490,490,0,0
98,104,1.02,120,120,120,120,0,0,0,0
98,105,2.38,610,610,209,209,401,401,0,0
98,106,3,270,270,220,220,50,50,0,0
98,109,1.4,159,159,123,123,36,36,0,0
98,118,0.44,66,66,66,66,0,0,0,0
98,120,5.85,1347,1347,184,184,1163,1163,0,0
98,121,0.12,28,28,0,0,28,28,0,0
98,122,4.44,545,545,214,214,331,331,0,0
99,0,2,425,425,275,275,150,150,0,0
99,2,2.25,359,359,292,292,67,67,0,0
99,3,0.75,203,203,0,0,203,203,0,0
99,6,0.34,50,50,50,50,0,0,0,0
99,24,0.03,3,3,0,0,3,3,0,0
99,30,0.08,13,13,13,13,0,0,0,0
99,31,0.42,63,63,63,63,0,0,0,0
99,33,1,24,24,24,24,0,0,0,0
99,39,0.51,43,43,43,43,0,0,0,0
99,40,0.22,19,19,19,19,0,0,0,0
99,41,0.48,48,48,0,0,48,48,0,0
99,42,0.52,52,52,0,0,52,52,0,0
99,43,2,219,219,122,122,97,97,0,0
99,44,1,124,124,0,0,124,124,0,0
99,46,0.07,1,1,1,1,0,0,0,0
99,52,1,126,126,126,126,0,0,0,0
99,53,1,68,68,0,0,68,68,0,0
99,60,0.15,25,25,25,25,0,0,0,0
99,61,5,847,847,573,573,274,274,196,196
99,63,0.93,84,84,84,84,0,0,0,0
99,64,0.07,6,6,6,6,0,0,0,0
99,65,3.27,347,347,338,338,9,9,0,0
99,66,2.74,602,602,476,476,126,126,0,0
99,73,1.85,274,274,217,217,57,57,0,0
99,74,4.63,833,833,662,662,171,171,0,0
99,75,0.19,27,27,27,27,0,0,0,0
99,86,2.27,248,248,170,170,77,77,0,0
99,87,1.73,216,216,25,25,191,191,0,0
99,90,2.11,403,403,109,109,294,294,0,0
99,91,1.89,456,456,456,456,0,0,0,0
99,94,0.23,48,48,39,39,9,9,0,0
99,95,0.25,47,47,47,47,0,0,0,0
99,97,0.32,132,132,132,132,0,0,0,0
99,104,4,341,341,0,0,341,341,0,0
99,105,1.74,317,317,114,114,204,204,0,0
99,117,0.02,3,3,3,3,0,0,0,0
99,119,0.11,130,130,0,0,130,130,0,0
99,120,0.89,1028,1028,0,0,1028,1028,0,0
99,122,0.56,239,239,0,0,239,239,0,0
100,1,2,299,299,299,299,0,0,0,0
100,6,3.23,613,613,271,271,342,342,0,0
100,7,0.09,28,28,28,28,0,0,0,0
100,15,2.54,305,305,124,124,181,181,0,0
100,20,1,167,167,167,167,0,0,0,0
100,30,2,320,320,320,320,0,0,0,0
100,31,2.17,602,602,396,396,206,206,0,0
100,32,0.7,384,384,0,0,384,384,0,0
100,47,0.04,9,9,9,9,0,0,0,0
100,51,1.94,230,230,230,230,0,0,0,0
100,66,1.31,469,469,119,119,350,350,0,0
100,74,1.65,213,213,0,0,213,213,0,0
100,86,2,237,237,237,237,0,0,0,0
100,87,1.91,213,213,181,181,31,31,0,0
100,88,2.09,212,212,38,38,174,174,0,0
100,94,1.21,461,461,44,44,418,418,0,0
100,95,0.32,61,61,61,61,0,0,0,0
100,106,2.15,212,212,141,141,71,71,0,0
100,107,2,427,427,8,8,419,419,0,0
100,109,0.28,24,24,24,24,0,0,0,0
100,110,3.72,819,819,102,102,717,717,0,0
100,116,5.54,845,845,364,364,480,480,0,0
100,117,2.23,675,675,321,321,354,354,0,0
100,120,1.91,368,368,77,77,291,291,0,0
101,2,1,106,106,106,106,0,0,0,0
101,6,0.3,92,92,92,92,0,0,0,0
101,7,0.03,10,10,10,10,0,0,0,0
101,14,1,112,112,112,112,0,0,0,0
101,15,5.46,747,747,583,583,164,164,0,0
101,17,0.02,3,3,0,0,3,3,0,0
101,26,0.47,56,56,0,0,56,56,0,0
101,27,2.53,330,330,126,126,204,204,0,0
101,30,1,6,6,6,6,0,0,0,0
101,31,0.01,5,5,0,0,5,5,0,0
101,32,0.12,67,67,0,0,67,67,0,0
101,47,1.11,221,221,208,208,13,13,0,0
101,48,0.37,32,32,0,0,32,32,0,0
101,51,0.06,5,5,5,5,0,0,0,0
101,57,0.98,88,88,88,88,0,0,0,0
101,58,1.02,112,112,112,112,0,0,0,0
101,66,2.67,174,174,113,113,61,61,0,0
101,67,3,419,419,324,324,95,95,0,0
101,75,4.44,627,627,449,449,178,178,0,0
101,76,4.7,692,692,587,587,106,106,0,0
101,96,3.11,238,238,195,195,43,43,0,0
101,97,0.42,37,37,37,37,0,0,0,0
101,102,1.95,253,253,159,159,94,94,0,0
101,103,0.05,9,9,9,9,0,0,0,0
101,107,0.85,45,45,45,45,0,0,0,0
101,116,0.73,838,838,0,0,838,838,0,0
101,117,1.49,941,941,0,0,941,941,0,0
101,120,5.63,1779,1779,466,466,1313,1313,172,172
101,121,0.01,9,9,0,0,9,9,0,0
102,0,1,78,78,78,78,0,0,0,0
102,15,3.8,462,462,386,386,76,76,0,0
102,16,0.29,32,32,13,13,19,19,0,0
102,17,1.98,1385,1385,0,0,1385,1385,0,0
102,19,4,395,395,300,300,95,95,0,0
102,28,1,20,20,20,20,0,0,0,0
102,30,3,458,458,64,64,394,394,0,0
102,41,0.75,23,23,23,23,0,0,0,0
102,42,3.19,234,234,104,104,130,130,0,0
102,47,0.21,19,19,0,0,19,19,0,0
102,48,5.83,534,534,245,245,289,289,0,0
102,57,3,643,643,568,568,75,75,0,0
102,68,1,159,159,0,0,159,159,0,0
102,76,2.15,189,189,106,106,83,83,0,0
102,77,0.71,89,89,89,89,0,0,0,0
102,93,3,337,337,147,147,190,190,0,0
102,96,1.89,556,556,359,359,198,198,0,0
102,97,0.58,51,51,51,51,0,0,0,0
102,99,2,202,202,90,90,113,113,0,0
102,105,0.02,3,3,3,3,0,0,0,0
102,106,1.58,244,244,244,244,0,0,0,0
102,109,0.72,249,249,0,0,249,249,0,0
102,120,0.45,296,296,0,0,296,296,0,0
103,16,0.91,123,123,123,123,0,0,0,0
103,19,0.41,50,50,0,0,50,50,0,0
103,20,5.59,655,655,440,440,215,215,0,0
103,27,1.57,164,164,114,114,50,50,0,0
103,34,2.46,132,132,132,132,0,0,0,0
103,35,3.98,359,359,203,203,156,156,0,0
103,42,3.06,401,401,397,397,4,4,0,0
103,48,1.44,161,161,57,57,104,104,0,0
103,55,1,70,70,0,0,70,70,0,0
103,56,4.98,620,620,620,620,0,0,0,0
103,57,1.02,82,82,82,82,0,0,0,0
103,67,0.06,10,10,10,10,0,0,0,0
103,68,4.61,666,666,608,608,58,58,0,0
103,69,0.15,18,18,18,18,0,0,0,0
103,76,2.38,217,217,142,142,75,75,0,0
103,77,0.02,3,3,3,3,0,0,0,0
103,79,1.37,142,142,142,142,0,0,0,0
103,80,0.63,89,89,89,89,0,0,0,0
103,96,0.98,149,149,0,0,149,149,0,0
103,97,1.44,212,212,85,85,127,127,0,0
103,98,1,80,80,0,0,80,80,0,0
103,101,1,149,149,149,149,0,0,0,0
103,102,0.01,0,0,0,0,0,0,0,0
103,105,1,84,84,0,0,84,84,0,0
103,106,1.4,198,198,198,198,0,0,0,0
103,109,0.28,99,99,0,0,99,99,0,0
103,110,2.18,172,172,172,172,0,0,131,131
103,111,0.82,20,20,20,20,0,0,0,0
103,115,0.98,199,199,199,199,0,0,0,0
103,116,3.57,484,484,484,484,0,0,0,0
103,117,0.97,103,103,103,103,0,0,0,0
103,118,0.03,3,3,3,3,0,0,0,0
104,4,2.52,390,390,298,298,92,92,0,0
104,5,1.48,172,172,78,78,94,94,0,0
104,14,1,223,223,223,223,0,0,0,0
104,19,0.85,60,60,0,0,60,60,0,0
104,20,1.15,25,25,14,14,11,11,0,0
104,22,1,67,67,0,0,67,67,0,0
104,27,0.43,37,37,0,0,37,37,0,0
104,31,1,95,95,95,95,0,0,0,0
104,34,1.56,134,134,134,134,0,0,0,0
104,52,1,26,26,26,26,0,0,0,0
104,55,2.34,349,349,349,349,0,0,0,0
104,56,4.66,737,737,737,737,0,0,0,0
104,62,2,70,70,70,70,0,0,0,0
104,67,0.02,203,203,0,0,203,203,0,0
104,68,1.47,3805,3805,77,77,3729,3729,0,0
104,69,1,24,24,24,24,0,0,0,0
104,76,1.47,126,126,53,53,73,73,0,0
104,77,0.13,14,14,14,14,0,0,0,0
104,80,0.54,139,139,0,0,139,139,0,0
104,81,1.11,146,146,146,146,0,0,0,0
104,83,1.18,132,132,120,120,12,12,0,0
104,96,3.07,589,589,260,260,329,329,0,0
104,97,1.51,818,818,109,109,709,709,0,0
104,101,0.28,15,15,0,0,15,15,0,0
104,102,1.72,116,116,0,0,116,116,0,0
104,109,0.08,9,9,9,9,0,0,0,0
104,110,2.92,348,348,348,348,0,0,0,0
104,112,3,213,213,145,145,68,68,0,0
104,116,0.44,110,110,110,110,0,0,0,0
104,117,1.16,148,148,148,148,0,0,0,0
104,118,0.84,190,190,190,190,0,0,0,0
104,119,2,47,47,47,47,0,0,0,0
104,121,1.24,214,214,147,147,67,67,0,0
105,3,0.29,78,78,78,78,0,0,0,0
105,6,1,113,113,113,113,0,0,0,0
105,13,0.99,136,136,0,0,136,136,0,0
105,14,3,284,284,199,199,86,86,0,0
105,17,0.74,258,258,0,0,258,258,0,0
105,18,3.26,623,623,0,0,623,623,0,0
105,20,2.61,409,409,115,115,294,294,0,0
105,21,0.39,75,75,75,75,0,0,0,0
105,25,1,45,45,0,0,45,45,0,0
105,40,0.79,25,25,25,25,0,0,0,0
105,41,1.21,218,218,218,218,0,0,0,0
105,55,0.05,7,7,7,7,0,0,0,0
105,56,2.95,346,346,346,346,0,0,0,0
105,57,2,105,105,52,52,52,52,0,0
105,67,0.05,685,685,0,0,685,685,0,0
105,68,0.59,7806,7806,0,0,7806,7806,0,0
105,69,0.15,1341,1341,0,0,1341,1341,0,0
105,77,1,198,198,198,198,0,0,0,0
105,80,2.46,260,260,143,143,117,117,0,0
105,81,1.87,351,351,351,351,0,0,0,0
105,82,0.02,3,3,3,3,0,0,0,0
105,83,0.82,55,55,0,0,55,55,0,0
105,84,0.08,15,15,15,15,0,0,0,0
105,85,0.92,169,169,169,169,0,0,0,0
105,86,3,256,256,106,106,150,150,0,0
105,91,0.17,18,18,0,0,18,18,0,0
105,92,3.83,267,267,63,63,203,203,0,0
105,96,3,672,672,219,219,452,452,0,0
105,99,1,154,154,154,154,0,0,0,0
105,102,2.61,285,285,92,92,193,193,0,0
105,103,5.39,916,916,0,0,916,916,0,0
105,109,1.11,154,154,154,154,0,0,0,0
105,110,0.89,120,120,120,120,0,0,0,0
105,112,1,269,269,269,269,0,0,0,0
105,115,4,525,525,145,145,380,380,0,0
105,121,0.51,143,143,0,0,143,143,0,0
105,122,0.26,73,73,0,0,73,73,0,0
106,0,1,649,649,0,0,649,649,0,0
106,2,1,108,108,0,0,108,108,0,0
106,3,3.39,755,755,682,682,72,72,0,0
106,5,0.07,10,10,10,10,0,0,0,0
106,13,0.01,1,1,0,0,1,1,0,0
106,14,1,143,143,143,143,0,0,0,0
106,18,2.11,275,275,275,275,0,0,0,0
106,22,2.62,772,772,24,24,748,748,0,0
106,23,2.14,366,366,262,262,105,105,0,0
106,24,0.78,124,124,124,124,0,0,0,0
106,25,1.22,222,222,34,34,188,188,0,0
106,27,1,31,31,31,31,0,0,0,0
106,37,3.6,564,564,67,67,497,497,0,0
106,39,1,70,70,70,70,0,0,0,0
106,68,0.03,213,213,0,0,213,213,0,0
106,69,2.17,5934,5934,65,65,5869,5869,0,0
106,70,0.71,182,182,110,110,72,72,0,0
106,71,2,255,255,164,164,91,91,0,0
106,78,2,262,262,208,208,54,54,0,0
106,79,1,53,53,53,53,0,0,0,0
106,85,1,26,26,26,26,0,0,0,0
106,87,4,664,664,426,426,238,238,0,0
106,98,3,275,275,213,213,62,62,0,0
106,108,1,29,29,29,29,0,0,0,0
107,3,0.31,124,124,124,124,0,0,0,0
107,4,0.38,156,156,156,156,0,0,0,0
107,5,2.87,523,523,523,523,0,0,0,0
107,6,0.23,33,33,33,33,0,0,0,0
107,7,1,117,117,117,117,0,0,0,0
107,9,3.74,480,480,400,400,80,80,0,0
107,10,1.26,189,189,189,189,0,0,0,0
107,11,1,36,36,36,36,0,0,0,0
107,18,4.89,550,550,332,332,218,218,0,0
107,21,1,113,113,0,0,113,113,0,0
107,22,2.99,342,342,342,342,0,0,0,0
107,23,1.25,156,156,156,156,0,0,0,0
107,28,1,13,13,13,13,0,0,0,0
107,32,1.92,50,50,50,50,0,0,0,0
107,33,4.87,157,157,157,157,0,0,0,0
107,37,0.4,41,41,21,21,21,21,0,0
107,41,1,31,31,31,31,0,0,0,0
107,44,1,22,22,22,22,0,0,0,0
107,56,1,191,191,191,191,0,0,0,0
107,57,3,356,356,215,215,141,141,0,0
107,69,1,40,40,40,40,0,0,0,0
107,71,1,166,166,166,166,0,0,0,0
107,87,1,107,107,107,107,0,0,0,0
107,93,0.05,13,13,0,0,13,13,0,0
107,94,0.36,62,62,0,0,62,62,0,0
107,100,0.61,74,74,49,49,26,26,0,0
107,101,5.16,784,784,188,188,596,596,0,0
107,111,2,384,384,184,184,200,200,0,0
107,122,2,326,326,131,131,195,195,0,0
108,0,1,66,66,0,0,66,66,0,0
108,4,0.6,103,103,103,103,0,0,0,0
108,5,0.51,94,94,94,94,0,0,0,0
108,6,1.34,143,143,48,48,95,95,0,0
108,7,1,134,134,134,134,0,0,0,0
108,11,2.37,285,285,285,285,0,0,0,0
108,12,1.63,50,50,50,50,0,0,0,0
108,13,0.37,59,59,59,59,0,0,0,0
108,15,1,361,361,0,0,361,361,0,0
108,18,0.44,78,78,78,78,0,0,0,0
108,22,1,188,188,188,188,0,0,0,0
108,30,1,71,71,71,71,0,0,0,0
108,32,1.21,21,21,21,21,0,0,0,0
108,33,2,233,233,233,233,0,0,0,0
108,38,1,105,105,105,105,0,0,0,0
108,41,1,13,13,13,13,0,0,0,0
108,43,0.08,1,1,1,1,0,0,0,0
108,44,0.92,13,13,13,13,0,0,0,0
108,70,1.19,82,82,82,82,0,0,0,0
108,71,1.81,282,282,282,282,0,0,0,0
108,73,0.79,54,54,42,42,12,12,0,0
108,74,0.82,54,54,0,0,54,54,0,0
108,82,1,39,39,39,39,0,0,0,0
108,93,3.95,661,661,243,243,418,418,0,0
108,94,0.64,108,108,0,0,108,108,0,0
108,95,1.64,198,198,145,145,52,52,0,0
108,96,1.22,108,108,25,25,83,83,0,0
108,97,2,181,181,131,131,50,50,0,0
108,101,0.24,38,38,0,0,38,38,0,0
109,8,1,173,173,173,173,0,0,0,0
109,10,1,152,152,152,152,0,0,0,0
109,11,2.58,147,147,147,147,0,0,0,0
109,12,1.42,231,231,231,231,0,0,0,0
109,13,1.63,295,295,295,295,0,0,0,0
109,18,0.56,101,101,101,101,0,0,0,0
109,19,3,324,324,324,324,0,0,0,0
109,29,1,17,17,17,17,0,0,0,0
109,30,2,200,200,101,101,99,99,0,0
109,36,0.2,11,11,11,11,0,0,0,0
109,37,1.95,177,177,110,110,67,67,0,0
109,51,1.6,169,169,169,169,0,0,0,0
109,52,0.38,44,44,44,44,0,0,0,0
109,71,0.01,2,2,2,2,0,0,0,0
109,72,1.95,356,356,356,356,0,0,0,0
109,73,0.43,33,33,33,33,0,0,0,0
109,74,2,236,236,236,236,0,0,0,0
109,95,1.36,163,163,0,0,163,163,0,0
109,96,0.78,299,299,0,0,299,299,0,0
109,97,1.16,238,238,43,43,195,195,0,0
109,98,0.81,219,219,219,219,0,0,0,0
109,100,0.11,13,13,13,13,0,0,0,0
109,108,3,176,176,114,114,62,62,0,0
109,109,3,167,167,79,79,88,88,0,0
110,3,0.7,163,163,163,163,0,0,0,0
110,4,1.97,843,843,0,0,843,843,0,0
110,5,1.03,233,233,211,211,22,22,0,0
110,8,1.13,134,134,134,134,0,0,0,0
110,9,1.87,745,745,587,587,157,157,0,0
110,10,1,16,16,16,16,0,0,0,0
110,11,2,211,211,211,211,0,0,0,0
110,12,1,112,112,112,112,0,0,0,0
110,14,0.97,546,546,2,2,544,544,0,0
110,15,2.04,379,379,183,183,196,196,0,0
110,16,1,191,191,191,191,0,0,0,0
110,23,1.98,286,286,0,0,286,286,0,0
110,24,2.97,647,647,647,647,0,0,0,0
110,25,3,614,614,614,614,0,0,0,0
110,27,1,14,14,14,14,0,0,0,0
110,28,1,13,13,13,13,0,0,0,0
110,29,2,156,156,156,156,0,0,0,0
110,30,1.23,138,138,138,138,0,0,0,0
110,31,0.01,2,2,2,2,0,0,0,0
110,32,0.23,64,64,64,64,0,0,0,0
110,33,4.32,258,258,258,258,0,0,0,0
110,36,3.85,553,553,427,427,127,127,0,0
110,38,1,133,133,133,133,0,0,0,0
110,43,0.9,275,275,275,275,0,0,0,0
110,44,3.05,376,376,376,376,0,0,0,0
110,51,0.54,46,46,46,46,0,0,0,0
110,52,0.48,41,41,41,41,0,0,0,0
110,56,1,165,165,165,165,0,0,0,0
110,59,1,75,75,0,0,75,75,0,0
110,73,0.69,108,108,108,108,0,0,0,0
110,98,0.03,7,7,7,7,0,0,0,0
110,99,3.42,213,213,186,186,27,27,84,84
110,100,2.47,154,154,116,116,38,38,0,0
110,108,0.19,15,15,15,15,0,0,0,0
110,109,0.81,61,61,61,61,0,0,0,0
111,3,2.3,342,342,342,342,0,0,0,0
111,4,2,197,197,197,197,0,0,0,0
111,8,0.71,61,61,0,0,61,61,0,0
111,9,2.29,360,360,195,195,165,165,0,0
111,13,3,393,393,236,236,157,157,0,0
111,14,0.99,196,196,196,196,0,0,0,0
111,15,0.1,13,13,13,13,0,0,0,0
111,16,2,344,344,344,344,0,0,0,0
111,17,2.43,228,228,228,228,0,0,0,0
111,18,1.01,77,77,77,77,0,0,0,0
111,23,2.02,321,321,319,319,2,2,0,0
111,24,1.03,463,463,463,463,0,0,460,460
111,26,1,129,129,129,129,0,0,0,0
111,27,0.76,105,105,0,0,105,105,0,0
111,28,2,25,25,25,25,0,0,0,0
111,30,2.63,175,175,175,175,0,0,0,0
111,31,2.13,104,104,104,104,0,0,0,0
111,32,0.32,89,89,89,89,0,0,0,0
111,33,0.13,37,37,37,37,0,0,0,0
111,36,0.75,112,112,1,1,0,0,111,111
111,37,1.99,174,174,174,174,0,0,0,0
111,44,2.05,338,338,231,231,107,107,0,0
111,55,2.94,506,506,506,506,0,0,0,0
111,73,0.31,48,48,48,48,0,0,0,0
111,74,4,437,437,437,437,0,0,229,229
111,75,1,132,132,132,132,0,0,0,0
111,76,3,1220,1220,394,394,826,826,0,0
111,90,4,342,342,193,193,149,149,0,0
111,91,1,145,145,145,145,0,0,0,0
111,94,2,225,225,130,130,95,95,0,0
111,95,1.97,440,440,440,440,0,0,0,0
111,108,0.32,48,48,48,48,0,0,0,0
111,112,1,27,27,27,27,0,0,0,0
112,0,0.05,19,19,19,19,0,0,0,0
112,4,1.13,272,272,272,272,0,0,0,0
112,5,0.87,131,131,131,131,0,0,0,0
112,6,2,440,440,440,440,0,0,0,0
112,7,1,28,28,28,28,0,0,0,0
112,10,0.9,145,145,145,145,0,0,0,0
112,12,2,2457,2457,396,396,2061,2061,0,0
112,13,1,44,44,44,44,0,0,0,0
112,14,0.89,166,166,166,166,0,0,0,0
112,15,1.93,242,242,242,242,0,0,0,0
112,16,2.49,429,429,429,429,0,0,0,0
112,17,2.35,382,382,382,382,0,0,0,0
112,18,0.21,20,20,20,20,0,0,0,0
112,21,0.95,69,69,69,69,0,0,0,0
112,22,4.05,620,620,620,620,0,0,0,0
112,25,1.02,62,62,62,62,0,0,0,0
112,27,0.24,33,33,0,0,33,33,0,0
112,33,1.19,128,128,34,34,94,94,0,0
112,34,0.81,145,145,145,145,0,0,0,0
112,36,0.26,39,39,0,0,0,0,39,39
112,37,1,224,224,224,224,0,0,0,0
112,39,1.05,24,24,24,24,0,0,0,0
112,46,2,282,282,164,164,118,118,0,0
112,48,1.38,146,146,108,108,38,38,0,0
112,49,1.58,127,127,65,65,62,62,0,0
112,50,2.04,151,151,151,151,0,0,0,0
112,51,1,73,73,73,73,0,0,0,0
112,55,1.06,134,134,8,8,126,126,0,0
112,75,1,71,71,0,0,71,71,0,0
112,76,1,1305,1305,0,0,1305,1305,0,0
112,78,1,82,82,82,82,0,0,0,0
112,81,1,13,13,13,13,0,0,0,0
112,95,3.03,149,149,38,38,111,111,0,0
112,108,1.68,143,143,143,143,0,0,0,0
112,114,3,472,472,345,345,127,127,0,0
112,124,0.15,67,67,0,0,67,67,0,0
113,0,0.04,13,13,13,13,0,0,0,0
113,3,1,128,128,128,128,0,0,0,0
113,4,0.64,208,208,208,208,0,0,0,0
113,5,0.36,115,115,115,115,0,0,0,0
113,8,1,135,135,135,135,0,0,0,0
113,9,0.99,230,230,230,230,0,0,0,0
113,10,1.11,224,224,224,224,0,0,0,0
113,11,1,185,185,185,185,0,0,0,0
113,15,0.4,42,42,42,42,0,0,0,0
113,16,1.19,177,177,177,177,0,0,0,0
113,23,1,154,154,154,154,0,0,0,0
113,25,2.98,294,294,294,294,0,0,0,0
113,26,1,170,170,170,170,0,0,0,0
113,27,0.43,51,51,51,51,0,0,0,0
113,28,2.57,293,293,195,195,98,98,0,0
113,32,3,828,828,270,270,559,559,0,0
113,38,1,35,35,35,35,0,0,0,0
113,39,0.95,73,73,73,73,0,0,0,0
113,41,0.23,31,31,0,0,31,31,0,0
113,42,2.77,566,566,210,210,356,356,210,210
113,48,2,165,165,107,107,58,58,0,0
113,50,1,148,148,148,148,0,0,0,0
113,57,2.73,259,259,187,187,72,72,0,0
113,78,0.09,4,4,0,0,4,4,0,0
113,79,0.45,105,105,105,105,0,0,0,0
113,80,2,317,317,144,144,172,172,0,0
113,101,1,126,126,126,126,0,0,0,0
113,123,0.02,9,9,0,0,9,9,0,0
113,124,0.83,358,358,0,0,358,358,0,0
114,0,3,564,564,384,384,179,179,0,0
114,2,2.05,287,287,280,280,7,7,0,0
114,3,2.95,291,291,147,147,144,144,0,0
114,4,0.09,20,20,20,20,0,0,0,0
114,5,2.13,2970,2970,354,354,2616,2616,0,0
114,6,1.72,1420,1420,0,0,1420,1420,0,0
114,7,0.15,124,124,0,0,124,124,0,0
114,8,1,55,55,0,0,55,55,0,0
114,9,4,355,355,0,0,355,355,0,0
114,10,0.58,52,52,52,52,0,0,0,0
114,12,0.57,79,79,79,79,0,0,0,0
114,13,2.16,393,393,393,393,0,0,0,0
114,25,1,84,84,84,84,0,0,0,0
114,28,1,48,48,48,48,0,0,0,0
114,45,1.14,131,131,131,131,0,0,0,0
114,46,1.11,104,104,104,104,0,0,0,0
114,47,1.87,251,251,251,251,0,0,0,0
114,57,0.27,28,28,28,28,0,0,0,0
114,78,0.92,42,42,3,3,40,40,0,0
114,79,2.92,360,360,297,297,62,62,0,0
114,80,2.31,348,348,277,277,71,71,0,0
114,81,5,391,391,268,268,122,122,0,0
114,82,5,1118,1118,859,859,259,259,0,0
114,104,1.15,356,356,196,196,160,160,196,196
115,0,1,64,64,64,64,0,0,0,0
115,3,2,323,323,323,323,0,0,0,0
115,4,0.91,206,206,206,206,0,0,0,0
115,10,2.45,185,185,185,185,0,0,0,0
115,11,4.28,446,446,446,446,0,0,0,0
115,12,1.61,241,241,241,241,0,0,0,0
115,13,0.38,80,80,80,80,0,0,0,0
115,16,0.58,84,84,84,84,0,0,0,0
115,17,3,388,388,388,388,0,0,0,0
115,18,2,104,104,104,104,0,0,0,0
115,25,0.43,51,51,51,51,0,0,0,0
115,45,0.86,143,143,143,143,0,0,0,0
115,46,0.17,33,33,33,33,0,0,0,0
115,47,0.85,164,164,164,164,0,0,0,0
115,80,1.29,199,199,199,199,0,0,0,0
115,89,1,74,74,0,0,74,74,0,0
115,90,4,570,570,320,320,249,249,0,0
115,101,1,99,99,99,99,0,0,0,0
115,104,2.85,1250,1250,0,0,1250,1250,0,0
115,106,0.28,44,44,44,44,0,0,0,0
115,114,4,221,221,113,113,108,108,0,0
116,6,1,106,106,106,106,0,0,0,0
116,7,1,19,19,19,19,0,0,0,0
116,9,0.13,21,21,21,21,0,0,0,0
116,10,0.98,112,112,112,112,0,0,0,0
116,14,0.53,11,11,11,11,0,0,0,0
116,15,2.47,268,268,268,268,0,0,0,0
116,16,2.42,435,435,435,435,0,0,0,0
116,23,1,120,120,120,120,0,0,0,0
116,25,0.57,67,67,67,67,0,0,0,0
116,27,1,9,9,9,9,0,0,0,0
116,29,1,61,61,0,0,61,61,0,0
116,37,1,89,89,0,0,0,0,0,0
116,42,3,221,221,221,221,0,0,0,0
116,47,1,143,143,143,143,0,0,0,0
116,48,0.51,35,35,0,0,35,35,0,0
116,80,1.01,203,203,2,2,201,201,0,0
116,85,0.33,426,426,0,0,426,426,0,0
116,86,0.67,873,873,0,0,873,873,0,0
116,90,1.37,130,130,130,130,0,0,0,0
116,91,0.63,78,78,78,78,0,0,0,0
116,105,2,174,174,174,174,0,0,0,0
116,106,1.72,261,261,261,261,0,0,0,0
116,109,2,87,87,42,42,45,45,0,0
116,113,2,339,339,339,339,0,0,0,0
117,1,1.92,127,127,127,127,0,0,0,0
117,2,0.2,14,14,14,14,0,0,0,0
117,3,2,215,215,112,112,103,103,0,0
117,4,1,24,24,24,24,0,0,0,0
117,6,1,32,32,32,32,0,0,0,0
117,8,1.08,50,50,39,39,11,11,0,0
117,9,1.79,279,279,143,143,136,136,0,0
117,10,0.46,116,116,116,116,0,0,0,0
117,11,0.54,137,137,137,137,0,0,0,0
117,13,3,515,515,515,515,0,0,0,0
117,15,2,205,205,146,146,59,59,0,0
117,21,1.53,194,194,194,194,0,0,0,0
117,23,1,50,50,50,50,0,0,0,0
117,36,2.92,475,475,475,475,0,0,0,0
117,37,2.08,515,515,515,515,0,0,0,0
117,48,0.66,52,52,17,17,34,34,0,0
117,81,1,161,161,161,161,0,0,0,0
117,82,3,480,480,391,391,89,89,0,0
117,90,0.19,28,28,28,28,0,0,0,0
117,94,2,194,194,119,119,74,74,0,0
118,2,0.88,86,86,86,86,0,0,0,0
118,9,1,143,143,143,143,0,0,0,0
118,10,2,181,181,181,181,0,0,0,0
118,12,2.8,305,305,305,305,0,0,0,0
118,13,1.2,20,20,20,20,0,0,0,0
118,19,0.27,34,34,34,34,0,0,0,0
118,20,1.78,289,289,289,289,0,0,0,0
118,21,1.42,80,80,80,80,0,0,0,0
118,23,1,141,141,141,141,0,0,0,0
118,29,1,90,90,90,90,0,0,0,0
118,31,1,84,84,84,84,0,0,0,0
118,33,1,357,357,357,357,0,0,0,0
118,36,3,496,496,405,405,91,91,0,0
118,38,1,163,163,163,163,0,0,0,0
118,40,1,147,147,0,0,147,147,0,0
118,48,2.84,384,384,384,384,0,0,0,0
118,86,1,291,291,0,0,291,291,0,0
118,90,5.81,452,452,279,279,173,173,0,0
118,100,1,131,131,131,131,0,0,0,0
118,101,1,99,99,99,99,0,0,0,0
118,104,3,470,470,51,51,419,419,0,0
118,107,1,89,89,0,0,89,89,0,0
119,0,0.91,97,97,97,97,0,0,0,0
119,2,1,70,70,0,0,70,70,0,0
119,4,2,432,432,432,432,0,0,0,0
119,8,3,299,299,299,299,0,0,0,0
119,10,4,368,368,368,368,0,0,0,0
119,19,1,161,161,161,161,0,0,0,0
119,20,3,321,321,321,321,0,0,0,0
119,21,4,705,705,705,705,0,0,0,0
119,22,0.27,40,40,40,40,0,0,0,0
119,23,1.96,192,192,192,192,0,0,0,0
119,29,2.6,361,361,361,361,0,0,0,0
119,30,0.77,150,150,150,150,0,0,0,0
119,31,1,70,70,70,70,0,0,0,0
119,41,1,135,135,135,135,0,0,0,0
119,48,1,74,74,74,74,0,0,0,0
119,49,2,246,246,246,246,0,0,0,0
119,81,1,85,85,0,0,85,85,0,0
119,87,0.24,22,22,22,22,0,0,0,0
119,88,4,523,523,346,346,176,176,0,0
119,94,1.82,84,84,36,36,48,48,0,0
119,95,2.18,221,221,102,102,119,119,0,0
119,104,1.77,100,100,100,100,0,0,0,0
119,105,2.23,104,104,104,104,0,0,0,0
119,107,2,167,167,106,106,61,61,0,0
120,0,3,550,550,550,550,0,0,0,0
120,1,1.01,75,75,75,75,0,0,0,0
120,2,2.99,336,336,336,336,0,0,0,0
120,5,3,403,403,403,403,0,0,0,0
120,6,7,848,848,630,630,0,0,218,218
120,7,1.87,348,348,348,348,0,0,0,0
120,8,1,170,170,170,170,0,0,0,0
120,9,1,212,212,212,212,0,0,0,0
120,11,5,587,587,587,587,0,0,0,0
120,19,1,95,95,0,0,95,95,0,0
120,21,2.03,272,272,272,272,0,0,0,0
120,22,4.7,821,821,821,821,0,0,0,0
120,23,2.04,192,192,192,192,0,0,0,0
120,25,2,202,202,202,202,0,0,0,0
120,26,1,124,124,124,124,0,0,0,0
120,27,1,162,162,162,162,0,0,0,0
120,28,2,139,139,139,139,0,0,0,0
120,29,2.1,254,254,254,254,0,0,0,0
120,30,0.54,121,121,121,121,0,0,0,0
120,32,3.22,600,600,479,479,121,121,0,0
120,33,1.78,251,251,121,121,130,130,0,0
120,41,3,394,394,323,323,71,71,0,0
120,49,2,330,330,148,148,182,182,0,0
120,51,1,56,56,56,56,0,0,0,0
120,81,1,163,163,163,163,0,0,0,0
120,88,3.26,562,562,512,512,50,50,0,0
120,89,2.07,411,411,271,271,141,141,0,0
120,92,1,95,95,95,95,0,0,0,0
120,96,1,8,8,8,8,0,0,0,0
120,110,2,85,85,50,50,35,35,0,0
120,114,1,166,166,0,0,166,166,0,0
121,2,1,208,208,208,208,0,0,0,0
121,4,0.23,24,24,24,24,0,0,0,0
121,7,3,513,513,513,513,0,0,0,0
121,8,5.28,582,582,582,582,0,0,0,0
121,9,2,379,379,379,379,0,0,0,0
121,15,2.18,225,225,225,225,0,0,0,0
121,16,1.92,204,204,204,204,0,0,0,0
121,17,1,23,23,23,23,0,0,0,0
121,19,0.08,11,11,11,11,0,0,0,0
121,21,0.03,7,7,7,7,0,0,0,0
121,22,0.28,72,72,72,72,0,0,0,0
121,23,1.62,297,297,297,297,0,0,0,0
121,25,0.41,61,61,3,3,58,58,0,0
121,26,4.59,865,865,675,675,93,93,97,97
121,27,2,501,501,501,501,0,0,0,0
121,31,1,644,644,0,0,644,644,0,0
121,32,1,221,221,221,221,0,0,0,0
121,38,3,431,431,431,431,0,0,0,0
121,51,1.02,122,122,0,0,122,122,0,0
121,52,2.98,307,307,195,195,112,112,0,0
121,81,3.71,452,452,350,350,102,102,0,0
121,82,3,150,150,0,0,150,150,0,0
121,89,0.44,36,36,36,36,0,0,0,0
121,92,1,97,97,97,97,0,0,0,0
121,96,0.93,28,28,28,28,0,0,0,0
121,97,0.07,2,2,2,2,0,0,0,0
121,106,4,276,276,98,98,178,178,0,0
121,107,1.5,126,126,51,51,75,75,0,0
122,2,4,435,435,435,435,0,0,0,0
122,4,0.77,79,79,79,79,0,0,0,0
122,7,1.05,67,67,67,67,0,0,0,0
122,8,1.8,163,163,163,163,0,0,0,0
122,9,3,360,360,360,360,0,0,0,0
122,10,1.25,181,181,181,181,0,0,0,0
122,11,1.8,212,212,212,212,0,0,0,0
122,12,2,242,242,185,185,57,57,0,0
122,14,5.14,561,561,561,561,0,0,0,0
122,15,20.74,4222,4222,4201,4201,0,0,21,21
122,16,12.57,4532,4532,4094,4094,438,438,0,0
122,17,2.28,999,999,380,380,619,619,0,0
122,18,1,120,120,120,120,0,0,0,0
122,19,2.96,802,802,802,802,0,0,0,0
122,20,0.98,226,226,226,226,0,0,0,0
122,21,5.79,864,864,864,864,0,0,0,0
122,22,1,197,197,197,197,0,0,0,0
122,23,0.11,28,28,28,28,0,0,0,0
122,25,0.85,142,142,142,142,0,0,0,0
122,26,2.56,339,339,339,339,0,0,0,0
122,27,0.01,1,1,1,1,0,0,0,0
122,28,3,482,482,482,482,0,0,0,0
122,29,1,17,17,17,17,0,0,0,0
122,36,1.17,106,106,0,0,106,106,0,0
122,37,0.01,1,1,0,0,1,1,0,0
122,44,1,30,30,30,30,0,0,0,0
122,51,2,301,301,202,202,99,99,0,0
122,79,1,93,93,93,93,0,0,0,0
122,80,6,790,790,790,790,0,0,0,0
122,81,3.15,355,355,329,329,26,26,0,0
122,94,0.52,47,47,47,47,0,0,0,0
122,95,1.48,129,129,43,43,86,86,0,0
122,97,3,98,98,98,98,0,0,0,0
122,98,1.38,152,152,152,152,0,0,0,0
122,101,2,136,136,136,136,0,0,0,0
122,104,1,13,13,13,13,0,0,0,0
122,106,1,144,144,144,144,0,0,0,0
122,107,2.5,203,203,52,52,151,151,0,0
122,109,0.02,0,0,0,0,0,0,0,0
123,0,1,136,136,136,136,0,0,0,0
123,1,1.05,166,166,166,166,0,0,0,0
123,2,1,115,115,115,115,0,0,0,0
123,5,2,193,193,193,193,0,0,0,0
123,6,2,261,261,261,261,0,0,0,0
123,9,3,324,324,324,324,0,0,0,0
123,10,1.2,195,195,195,195,0,0,0,0
123,11,0.75,60,60,60,60,0,0,0,0
123,13,1.89,92,92,92,92,0,0,0,0
123,14,21.38,3922,3922,3922,3922,0,0,0,0
123,15,9.42,5870,5870,5110,5110,47,47,714,714
123,16,9.09,6202,6202,4142,4142,1952,1952,107,107
123,17,9.04,6089,6089,5759,5759,331,331,0,0
123,18,4.1,3155,3155,2092,2092,923,923,0,0
123,19,3.27,1813,1813,1254,1254,559,559,0,0
123,20,4.68,1980,1980,1980,1980,0,0,0,0
123,21,1.36,1124,1124,1124,1124,0,0,0,0
123,22,0.41,543,543,543,543,0,0,0,0
123,23,1,119,119,119,119,0,0,0,0
123,26,1.58,123,123,59,59,64,64,0,0
123,27,2.9,303,303,119,119,184,184,0,0
123,28,3.17,511,511,376,376,136,136,98,98
123,34,0.76,118,118,118,118,0,0,0,0
123,35,1,214,214,0,0,214,214,0,0
123,36,5.69,673,673,369,369,304,304,0,0
123,37,2.13,231,231,126,126,105,105,0,0
123,38,1,153,153,153,153,0,0,0,0
123,81,0.14,22,22,22,22,0,0,0,0
123,93,0.81,95,95,95,95,0,0,0,0
123,95,1,6,6,6,6,0,0,0,0
123,97,1.92,193,193,193,193,0,0,0,0
123,98,2.62,194,194,110,110,84,84,0,0
123,100,2.69,577,577,386,386,191,191,0,0
123,105,3.26,325,325,42,42,283,283,0,0
123,106,0.74,43,43,6,6,37,37,0,0
123,109,0.98,4,4,4,4,0,0,0,0
123,111,2,261,261,168,168,93,93,0,0
123,117,1,116,116,116,116,0,0,0,0
124,1,0.95,160,160,160,160,0,0,0,0
124,3,0.57,117,117,117,117,0,0,0,0
124,4,0.15,36,36,36,36,0,0,0,0
124,5,1,223,223,223,223,0,0,0,0
124,6,0.2,18,18,18,18,0,0,0,0
124,7,1.8,314,314,314,314,0,0,0,0
124,9,1.5,171,171,117,117,54,54,0,0
124,10,0.92,267,267,267,267,0,0,0,0
124,12,1.18,183,183,183,183,0,0,0,0
124,13,0.82,156,156,156,156,0,0,0,0
124,14,0.1,19,19,0,0,19,19,0,0
124,15,3.52,1200,1200,541,541,660,660,0,0
124,16,4.26,1477,1477,1477,1477,0,0,0,0
124,17,7.09,3721,3721,3721,3721,0,0,0,0
124,18,5.78,3425,3425,2496,2496,930,930,0,0
124,19,6.71,4589,4589,4192,4192,308,308,90,90
124,20,1.15,1319,1319,1319,1319,0,0,0,0
124,21,0.49,114,114,114,114,0,0,0,0
124,23,2,74,74,74,74,0,0,0,0
124,25,0.82,54,54,54,54,0,0,0,0
124,27,0.13,10,10,0,0,10,10,0,0
124,28,1.8,569,569,569,569,0,0,386,386
124,32,0.54,82,82,0,0,82,82,0,0
124,33,4,784,784,599,599,185,185,323,323
124,34,2.13,336,336,38,38,299,299,0,0
124,85,1,21,21,21,21,0,0,0,0
124,92,0.65,319,319,319,319,0,0,0,0
124,93,0.54,191,191,191,191,0,0,0,0
124,97,0.08,6,6,6,6,0,0,0,0
124,100,0.31,112,112,112,112,0,0,0,0
124,107,4.43,286,286,86,86,200,200,0,0
125,3,1.43,269,269,269,269,0,0,0,0
125,4,0.85,210,210,210,210,0,0,0,0
125,7,0.05,9,9,9,9,0,0,0,0
125,9,0.58,74,74,0,0,74,74,0,0
125,11,2,340,340,340,340,0,0,0,0
125,12,2.82,794,794,794,794,0,0,0,0
125,13,2.26,484,484,484,484,0,0,0,0
125,14,2.49,369,369,369,369,0,0,0,0
125,15,0.75,90,90,1,1,89,89,0,0
125,16,3.16,2082,2082,773,773,1308,1308,0,0
125,17,5.07,1750,1750,1750,1750,0,0,0,0
125,18,3.32,1746,1746,1746,1746,0,0,0,0
125,19,0.8,546,546,546,546,0,0,0,0
125,20,3.88,2284,2284,2284,2284,0,0,0,0
125,21,4.29,1562,1562,1562,1562,0,0,0,0
125,24,1,109,109,109,109,0,0,0,0
125,25,2.18,153,153,153,153,0,0,0,0
125,28,1,125,125,125,125,0,0,0,0
125,33,0.56,118,118,0,0,118,118,0,0
125,37,1,82,82,82,82,0,0,0,0
125,50,1,91,91,91,91,0,0,0,0
125,51,0.88,32,32,32,32,0,0,0,0
125,52,1.12,108,108,108,108,0,0,0,0
125,77,3.6,408,408,238,238,170,170,0,0
125,80,1.49,192,192,138,138,54,54,0,0
125,81,1.51,172,172,156,156,16,16,0,0
125,85,0.85,76,76,0,0,76,76,0,0
125,86,3.15,303,303,211,211,91,91,0,0
125,92,2,363,363,0,0,363,363,0,0
125,93,1,291,291,0,0,291,291,0,0
125,99,2,93,93,7,7,86,86,0,0
125,107,0.57,11,11,11,11,0,0,0,0
126,4,1,166,166,166,166,0,0,0,0
126,5,2,471,471,471,471,0,0,0,0
126,6,4.39,1479,1479,392,392,1088,1088,0,0
126,7,2.46,332,332,231,231,101,101,0,0
126,8,0.04,7,7,7,7,0,0,0,0
126,10,1,140,140,140,140,0,0,0,0
126,11,1.6,196,196,196,196,0,0,0,0
126,12,7.31,1018,1018,1018,1018,0,0,0,0
126,14,0.51,76,76,76,76,0,0,0,0
126,16,2.25,407,407,407,407,0,0,0,0
126,17,4.7,3140,3140,3140,3140,0,0,0,0
126,18,2.68,1286,1286,1041,1041,245,245,0,0
126,19,1.71,1117,1117,1117,1117,0,0,0,0
126,20,0.47,250,250,250,250,0,0,0,0
126,21,0.62,146,146,146,146,0,0,0,0
126,22,6.91,2055,2055,2055,2055,0,0,0,0
126,23,0.98,444,444,444,444,0,0,0,0
126,25,2,312,312,312,312,0,0,0,0
126,26,1,65,65,65,65,0,0,0,0
126,28,1,149,149,149,149,0,0,0,0
126,49,0.52,64,64,0,0,64,64,0,0
126,50,0.48,60,60,0,0,60,60,0,0
126,77,0.4,63,63,63,63,0,0,0,0
126,92,1,128,128,128,128,0,0,0,0
126,99,2,100,100,100,100,0,0,0,0
126,102,0.06,5,5,5,5,0,0,0,0
126,103,0.84,38,38,0,0,38,38,0,0
126,104,2.75,329,329,199,199,130,130,0,0
126,105,1.36,99,99,52,52,48,48,0,0
126,108,1,124,124,124,124,0,0,0,0
126,110,5,208,208,123,123,86,86,0,0
127,6,0.06,23,23,0,0,23,23,0,0
127,7,1,159,159,159,159,0,0,0,0
127,8,1,236,236,236,236,0,0,0,0
127,11,1,143,143,143,143,0,0,0,0
127,15,1,219,219,219,219,0,0,0,0
127,16,1,32,32,32,32,0,0,0,0
127,17,1.98,436,436,237,237,199,199,0,0
127,18,5.2,1414,1414,572,572,842,842,0,0
127,19,8.89,2214,2214,2094,2094,0,0,120,120
127,20,5.74,2436,2436,2134,2134,302,302,0,0
127,21,4,754,754,751,751,3,3,0,0
127,22,0.65,343,343,343,343,0,0,0,0
127,23,1.46,550,550,550,550,0,0,0,0
127,24,2.4,462,462,462,462,0,0,0,0
127,25,0.6,121,121,121,121,0,0,0,0
127,33,5,642,642,370,370,271,271,0,0
127,40,0.89,92,92,92,92,0,0,0,0
127,41,0.11,12,12,12,12,0,0,0,0
127,45,3,486,486,258,258,228,228,0,0
127,79,0.83,50,50,39,39,11,11,0,0
127,80,1.23,100,100,100,100,0,0,0,0
127,92,1,29,29,29,29,0,0,0,0
127,99,2,111,111,111,111,0,0,0,0
127,102,0.94,78,78,78,78,0,0,0,0
127,103,0.05,2,2,0,0,2,2,0,0
127,104,1,44,44,44,44,0,0,0,0
127,106,1.33,42,42,42,42,0,0,0,0
127,107,2.68,303,303,71,71,233,233,0,0
127,108,3,211,211,0,0,211,211,0,0
127,110,2,165,165,165,165,0,0,0,0